Cycle,Time,Iso,Sr88,Microns,Fish_id,Watershed,Year,Iso_MA,Sr88_MA,Sr88_MA_Gradient,natal_microns_start,natal_microns_end,marine_start,natal_origin_iso,Core,Landmark
131,68.644,0.709420161503076,0.651903844817715,137.288,2016_yk_097,Yukon,2016,NA,NA,NA,559.795339463621,766.379161497421,1166.424,0.707810299334092,313.1776375083724,NA
132,69.168,0.708599115686743,1.1574293574401,138.336,2016_yk_097,Yukon,2016,NA,NA,NA,559.795339463621,766.379161497421,1166.424,0.707810299334092,313.1776375083724,NA
133,69.692,0.70749723103764,1.50603815368428,139.384,2016_yk_097,Yukon,2016,NA,NA,NA,559.795339463621,766.379161497421,1166.424,0.707810299334092,313.1776375083724,NA
134,70.216,0.708405925633791,1.54274499477901,140.432,2016_yk_097,Yukon,2016,NA,NA,NA,559.795339463621,766.379161497421,1166.424,0.707810299334092,313.1776375083724,NA
135,70.74,0.708692742901198,1.55515530340085,141.48,2016_yk_097,Yukon,2016,NA,NA,NA,559.795339463621,766.379161497421,1166.424,0.707810299334092,313.1776375083724,NA
136,71.264,0.709658826103452,1.50985397422014,142.528,2016_yk_097,Yukon,2016,NA,NA,NA,559.795339463621,766.379161497421,1166.424,0.707810299334092,313.1776375083724,NA
137,71.788,0.708137992720803,1.42860165051123,143.576,2016_yk_097,Yukon,2016,NA,NA,NA,559.795339463621,766.379161497421,1166.424,0.707810299334092,313.1776375083724,NA
138,72.312,0.709082524907139,1.40195092673089,144.624,2016_yk_097,Yukon,2016,NA,NA,NA,559.795339463621,766.379161497421,1166.424,0.707810299334092,313.1776375083724,NA
139,72.836,0.707723830415492,1.4132502541403,145.672,2016_yk_097,Yukon,2016,NA,NA,NA,559.795339463621,766.379161497421,1166.424,0.707810299334092,313.1776375083724,NA
140,73.36,0.708184292458035,1.40065781262037,146.72,2016_yk_097,Yukon,2016,NA,NA,NA,559.795339463621,766.379161497421,1166.424,0.707810299334092,313.1776375083724,NA
141,73.884,0.708757816145297,1.38193035039653,147.768,2016_yk_097,Yukon,2016,NA,NA,NA,559.795339463621,766.379161497421,1166.424,0.707810299334092,313.1776375083724,NA
142,74.408,0.708855172989993,1.40959648776277,148.816,2016_yk_097,Yukon,2016,NA,NA,NA,559.795339463621,766.379161497421,1166.424,0.707810299334092,313.1776375083724,NA
143,74.932,0.707792415486082,1.40300764132992,149.864,2016_yk_097,Yukon,2016,NA,NA,NA,559.795339463621,766.379161497421,1166.424,0.707810299334092,313.1776375083724,NA
144,75.456,0.707793345731582,1.37145828110142,150.912,2016_yk_097,Yukon,2016,NA,NA,NA,559.795339463621,766.379161497421,1166.424,0.707810299334092,313.1776375083724,NA
145,75.98,0.708955991263003,1.36406041743708,151.96,2016_yk_097,Yukon,2016,NA,NA,NA,559.795339463621,766.379161497421,1166.424,0.707810299334092,313.1776375083724,NA
146,76.504,0.707971104145977,1.35953181970828,153.008,2016_yk_097,Yukon,2016,NA,NA,NA,559.795339463621,766.379161497421,1166.424,0.707810299334092,313.1776375083724,NA
147,77.028,0.709164465744873,1.32119446292583,154.056,2016_yk_097,Yukon,2016,NA,NA,NA,559.795339463621,766.379161497421,1166.424,0.707810299334092,313.1776375083724,NA
148,77.552,0.708879343583374,1.32248265555719,155.104,2016_yk_097,Yukon,2016,NA,NA,NA,559.795339463621,766.379161497421,1166.424,0.707810299334092,313.1776375083724,NA
149,78.076,0.708189769168537,1.37404310957286,156.152,2016_yk_097,Yukon,2016,NA,NA,NA,559.795339463621,766.379161497421,1166.424,0.707810299334092,313.1776375083724,NA
150,78.6,0.708320848503831,1.40094050870628,157.2,2016_yk_097,Yukon,2016,NA,NA,NA,559.795339463621,766.379161497421,1166.424,0.707810299334092,313.1776375083724,NA
151,79.124,0.7086103352769,1.35141986504262,158.248,2016_yk_097,Yukon,2016,NA,NA,NA,559.795339463621,766.379161497421,1166.424,0.707810299334092,313.1776375083724,NA
152,79.648,0.707763879904685,1.30882314701635,159.296,2016_yk_097,Yukon,2016,NA,NA,NA,559.795339463621,766.379161497421,1166.424,0.707810299334092,313.1776375083724,NA
153,80.172,0.709174934056366,1.32676220959914,160.344,2016_yk_097,Yukon,2016,NA,NA,NA,559.795339463621,766.379161497421,1166.424,0.707810299334092,313.1776375083724,NA
154,80.696,0.708867036571277,1.36548669400864,161.392,2016_yk_097,Yukon,2016,NA,NA,NA,559.795339463621,766.379161497421,1166.424,0.707810299334092,313.1776375083724,NA
155,81.22,0.708609285730581,1.34314288335434,162.44,2016_yk_097,Yukon,2016,NA,NA,NA,559.795339463621,766.379161497421,1166.424,0.707810299334092,313.1776375083724,NA
156,81.744,0.70771202132189,1.30073386523333,163.488,2016_yk_097,Yukon,2016,NA,NA,NA,559.795339463621,766.379161497421,1166.424,0.707810299334092,313.1776375083724,NA
157,82.268,0.708228356026844,1.35352845731247,164.536,2016_yk_097,Yukon,2016,NA,NA,NA,559.795339463621,766.379161497421,1166.424,0.707810299334092,313.1776375083724,NA
158,82.792,0.709290352120427,1.33088096326779,165.584,2016_yk_097,Yukon,2016,NA,NA,NA,559.795339463621,766.379161497421,1166.424,0.707810299334092,313.1776375083724,NA
159,83.316,0.708133885117126,1.26856660388519,166.632,2016_yk_097,Yukon,2016,NA,NA,NA,559.795339463621,766.379161497421,1166.424,0.707810299334092,313.1776375083724,NA
160,83.84,0.708162184212537,1.25746666206479,167.68,2016_yk_097,Yukon,2016,0.708572268289494,1.2539674340015,NA,559.795339463621,766.379161497421,1166.424,0.707810299334092,313.1776375083724,NA
161,84.364,0.708911911709067,1.27730818156971,168.728,2016_yk_097,Yukon,2016,0.708562285428826,1.26051269305199,0.00654525905049441,559.795339463621,766.379161497421,1166.424,0.707810299334092,313.1776375083724,NA
162,84.888,0.708492905970493,1.27675459240631,169.776,2016_yk_097,Yukon,2016,0.708550185396157,1.25839945748962,-0.00211323556237208,559.795339463621,766.379161497421,1166.424,0.707810299334092,313.1776375083724,NA
163,85.412,0.709279600966491,1.24509992102493,170.824,2016_yk_097,Yukon,2016,0.708591730342354,1.25090762307812,-0.00749183441150358,559.795339463621,766.379161497421,1166.424,0.707810299334092,313.1776375083724,NA
164,85.936,0.708219261466651,1.26459040274951,171.872,2016_yk_097,Yukon,2016,0.708599887412653,1.24280833439949,-0.00809928867863197,559.795339463621,766.379161497421,1166.424,0.707810299334092,313.1776375083724,NA
165,86.46,0.709133692294186,1.30033552802243,172.92,2016_yk_097,Yukon,2016,0.708584501539674,1.23501853798282,-0.00778979641666933,559.795339463621,766.379161497421,1166.424,0.707810299334092,313.1776375083724,NA
166,86.984,0.709260572298876,1.28345804232975,173.968,2016_yk_097,Yukon,2016,0.708544231255046,1.22677225534237,-0.00824628264045058,559.795339463621,766.379161497421,1166.424,0.707810299334092,313.1776375083724,NA
167,87.508,0.709003270384927,1.23486318965284,175.016,2016_yk_097,Yukon,2016,0.708545147020735,1.21936610206528,-0.0074061532770826,559.795339463621,766.379161497421,1166.424,0.707810299334092,313.1776375083724,NA
168,88.032,0.708085254503562,1.23354656539646,176.064,2016_yk_097,Yukon,2016,0.708543825028358,1.21240451736316,-0.00696158470212338,559.795339463621,766.379161497421,1166.424,0.707810299334092,313.1776375083724,NA
169,88.556,0.707804450200351,1.2443167611426,177.112,2016_yk_097,Yukon,2016,0.708561047020007,1.20508329390681,-0.00732122345635466,559.795339463621,766.379161497421,1166.424,0.707810299334092,313.1776375083724,NA
170,89.08,0.708632695134505,1.20046364292361,178.16,2016_yk_097,Yukon,2016,0.708575015381102,1.19791250594674,-0.00717078796006265,559.795339463621,766.379161497421,1166.424,0.707810299334092,313.1776375083724,NA
171,89.604,0.70953576842388,1.16597214755263,179.208,2016_yk_097,Yukon,2016,0.70857436842664,1.19149022192751,-0.0064222840192345,559.795339463621,766.379161497421,1166.424,0.707810299334092,313.1776375083724,NA
172,90.128,0.708814655375372,1.20472439703247,180.256,2016_yk_097,Yukon,2016,0.708586089585587,1.18540530593917,-0.00608491598834049,559.795339463621,766.379161497421,1166.424,0.707810299334092,313.1776375083724,NA
173,90.652,0.709228919788412,1.22096944822757,181.304,2016_yk_097,Yukon,2016,0.708603180822446,1.17931823109624,-0.00608707484292936,559.795339463621,766.379161497421,1166.424,0.707810299334092,313.1776375083724,NA
174,91.176,0.708971657074215,1.20367293157041,182.352,2016_yk_097,Yukon,2016,0.70862270079637,1.17336640760582,-0.00595182349042056,559.795339463621,766.379161497421,1166.424,0.707810299334092,313.1776375083724,NA
175,91.7,0.708854152862076,1.17312123319041,183.4,2016_yk_097,Yukon,2016,0.708633356174174,1.16747291346045,-0.00589349414536633,559.795339463621,766.379161497421,1166.424,0.707810299334092,313.1776375083724,NA
176,92.224,0.70771127590974,1.19040519815407,184.448,2016_yk_097,Yukon,2016,0.70864943994332,1.16188877656391,-0.0055841368965388,559.795339463621,766.379161497421,1166.424,0.707810299334092,313.1776375083724,NA
177,92.748,0.707854533424519,1.16183170006345,185.496,2016_yk_097,Yukon,2016,0.708649752513633,1.15693006450711,-0.00495871205679754,559.795339463621,766.379161497421,1166.424,0.707810299334092,313.1776375083724,NA
178,93.272,0.709734890404275,1.11149459955805,186.544,2016_yk_097,Yukon,2016,0.708618439700677,1.15273395454297,-0.0041961099641401,559.795339463621,766.379161497421,1166.424,0.707810299334092,313.1776375083724,NA
179,93.796,0.70875172291606,1.0922912795592,187.592,2016_yk_097,Yukon,2016,0.708607724453812,1.14731728914369,-0.0054166653992842,559.795339463621,766.379161497421,1166.424,0.707810299334092,313.1776375083724,NA
180,94.32,0.70887382474405,1.12769156909865,188.64,2016_yk_097,Yukon,2016,0.708627224677629,1.14203214055558,-0.0052851485881138,559.795339463621,766.379161497421,1166.424,0.707810299334092,313.1776375083724,NA
181,94.844,0.708400555961803,1.06941683030436,189.688,2016_yk_097,Yukon,2016,0.70863416615195,1.13657619118114,-0.00545594937443639,559.795339463621,766.379161497421,1166.424,0.707810299334092,313.1776375083724,NA
182,95.368,0.70800792256458,1.03105166584358,190.736,2016_yk_097,Yukon,2016,0.708623367164579,1.1315245417751,-0.00505164940604241,559.795339463621,766.379161497421,1166.424,0.707810299334092,313.1776375083724,NA
183,95.892,0.709222302685488,1.03773480128854,191.784,2016_yk_097,Yukon,2016,0.708614760667568,1.12705241594336,-0.00447212583174017,559.795339463621,766.379161497421,1166.424,0.707810299334092,313.1776375083724,NA
184,96.416,0.709493095795015,1.08708209995797,192.832,2016_yk_097,Yukon,2016,0.708623135718439,1.12216077590936,-0.00489164003400266,559.795339463621,766.379161497421,1166.424,0.707810299334092,313.1776375083724,NA
185,96.94,0.708402591710604,1.07718309986913,193.88,2016_yk_097,Yukon,2016,0.708632126310654,1.11664946693311,-0.00551130897624774,559.795339463621,766.379161497421,1166.424,0.707810299334092,313.1776375083724,NA
186,97.464,0.707051668052722,1.04615274376229,194.928,2016_yk_097,Yukon,2016,0.708657781296291,1.11209033877355,-0.0045591281595545,559.795339463621,766.379161497421,1166.424,0.707810299334092,313.1776375083724,NA
187,97.988,0.708996249252009,1.05005444707152,195.976,2016_yk_097,Yukon,2016,0.708667685199914,1.10731334367923,-0.00477699509432705,559.795339463621,766.379161497421,1166.424,0.707810299334092,313.1776375083724,NA
188,98.512,0.707781399528652,1.07176499085794,197.024,2016_yk_097,Yukon,2016,0.708653827156259,1.1028515764131,-0.00446176726612291,559.795339463621,766.379161497421,1166.424,0.707810299334092,313.1776375083724,NA
189,99.036,0.708804215749726,1.03475347163837,198.072,2016_yk_097,Yukon,2016,0.7086621299073,1.09888229615994,-0.00396928025316678,559.795339463621,766.379161497421,1166.424,0.707810299334092,313.1776375083724,NA
190,99.56,0.708385893748809,1.03729720064351,199.12,2016_yk_097,Yukon,2016,0.708679672833564,1.0955568265128,-0.00332546964713432,559.795339463621,766.379161497421,1166.424,0.707810299334092,313.1776375083724,NA
191,100.084,0.708821189863006,1.04461938784738,200.168,2016_yk_097,Yukon,2016,0.708688944247069,1.09191543953969,-0.00364138697311622,559.795339463621,766.379161497421,1166.424,0.707810299334092,313.1776375083724,NA
192,100.608,0.707873113726609,1.03063522369778,201.216,2016_yk_097,Yukon,2016,0.708697897836585,1.08837723386531,-0.00353820567437846,559.795339463621,766.379161497421,1166.424,0.707810299334092,313.1776375083724,NA
193,101.132,0.709989927809457,1.05652808899407,202.264,2016_yk_097,Yukon,2016,0.708693069688759,1.08470945774108,-0.00366777612423164,559.795339463621,766.379161497421,1166.424,0.707810299334092,313.1776375083724,NA
194,101.656,0.708895349851725,1.05678767406109,203.312,2016_yk_097,Yukon,2016,0.708709411240238,1.08253094536873,-0.00217851237234368,559.795339463621,766.379161497421,1166.424,0.707810299334092,313.1776375083724,NA
195,102.18,0.707769590522452,1.08776751840068,204.36,2016_yk_097,Yukon,2016,0.708697912352661,1.08013202621313,-0.00239891915559842,559.795339463621,766.379161497421,1166.424,0.707810299334092,313.1776375083724,NA
196,102.704,0.707242609025745,1.01507701579311,205.408,2016_yk_097,Yukon,2016,0.708692220325189,1.07647206380763,-0.00365996240550492,559.795339463621,766.379161497421,1166.424,0.707810299334092,313.1776375083724,NA
197,103.228,0.708192938662157,0.984232453886265,206.456,2016_yk_097,Yukon,2016,0.708679597281363,1.07326864105101,-0.00320342275661667,559.795339463621,766.379161497421,1166.424,0.707810299334092,313.1776375083724,NA
198,103.752,0.709003205364524,0.984255844603473,207.504,2016_yk_097,Yukon,2016,0.708700545415048,1.07144951086969,-0.00181913018132485,559.795339463621,766.379161497421,1166.424,0.707810299334092,313.1776375083724,NA
199,104.276,0.708757149914448,0.973976846759018,208.552,2016_yk_097,Yukon,2016,0.708710647094019,1.06978629487892,-0.00166321599076569,559.795339463621,766.379161497421,1166.424,0.707810299334092,313.1776375083724,NA
200,104.8,0.709022394123683,0.970410535016617,209.6,2016_yk_097,Yukon,2016,0.708715138545911,1.0675966751563,-0.00218961972261744,559.795339463621,766.379161497421,1166.424,0.707810299334092,313.1776375083724,NA
201,105.324,0.708718998877614,0.996593309242447,210.648,2016_yk_097,Yukon,2016,0.708686182799071,1.06613360288005,-0.00146307227625253,559.795339463621,766.379161497421,1166.424,0.707810299334092,313.1776375083724,NA
202,105.848,0.709558442526797,1.04450152846235,211.696,2016_yk_097,Yukon,2016,0.708691102426861,1.0656836760188,-4.4992686124945e-4,559.795339463621,766.379161497421,1166.424,0.707810299334092,313.1776375083724,NA
203,106.372,0.708817889697651,1.03778315075415,212.744,2016_yk_097,Yukon,2016,0.708686395662292,1.063973689972,-0.00170998604680639,559.795339463621,766.379161497421,1166.424,0.707810299334092,313.1776375083724,NA
204,106.896,0.70896454416699,1.01434887167618,213.792,2016_yk_097,Yukon,2016,0.708701384131466,1.06118464868825,-0.00278904128374236,559.795339463621,766.379161497421,1166.424,0.707810299334092,313.1776375083724,NA
205,107.42,0.709595313931257,1.0104507687151,214.84,2016_yk_097,Yukon,2016,0.708706489570773,1.05934617956023,-0.00183846912801933,559.795339463621,766.379161497421,1166.424,0.707810299334092,313.1776375083724,NA
206,107.944,0.708936130294743,1.02448360591595,215.888,2016_yk_097,Yukon,2016,0.70873291240967,1.05767222322621,-0.00167395633402845,559.795339463621,766.379161497421,1166.424,0.707810299334092,313.1776375083724,NA
207,108.468,0.709183219963676,1.02367173951798,216.936,2016_yk_097,Yukon,2016,0.708758593856907,1.05674046583764,-9.3175738856099e-4,559.795339463621,766.379161497421,1166.424,0.707810299334092,313.1776375083724,NA
208,108.992,0.707000574806004,1.07071605770879,217.984,2016_yk_097,Yukon,2016,0.708759601562926,1.05564895301441,-0.00109151282323805,559.795339463621,766.379161497421,1166.424,0.707810299334092,313.1776375083724,NA
209,109.516,0.707546854356622,1.0490431856158,219.032,2016_yk_097,Yukon,2016,0.708745716834642,1.05548410029608,-1.6485271832755e-4,559.795339463621,766.379161497421,1166.424,0.707810299334092,313.1776375083724,NA
210,110.04,0.709490861932871,1.08383159341945,220.08,2016_yk_097,Yukon,2016,0.708740890704137,1.05484247108395,-6.4162921212984e-4,559.795339463621,766.379161497421,1166.424,0.707810299334092,313.1776375083724,NA
211,110.564,0.709026823736168,1.02406290257644,221.128,2016_yk_097,Yukon,2016,0.708764766882674,1.05513162477388,2.891536899301e-4,559.795339463621,766.379161497421,1166.424,0.707810299334092,313.1776375083724,NA
212,111.088,0.707115940662418,1.00572418265381,222.176,2016_yk_097,Yukon,2016,0.708783447222312,1.0551061137859,-2.55109879758741e-5,559.795339463621,766.379161497421,1166.424,0.707810299334092,313.1776375083724,NA
213,111.612,0.708658544235714,1.05843465969472,223.224,2016_yk_097,Yukon,2016,0.708772002329824,1.0560983883955,9.9227460959516e-4,559.795339463621,766.379161497421,1166.424,0.707810299334092,313.1776375083724,NA
214,112.136,0.7093695396235,1.07198829196848,224.272,2016_yk_097,Yukon,2016,0.708758712446595,1.05740346160336,0.00130507320786655,559.795339463621,766.379161497421,1166.424,0.707810299334092,313.1776375083724,NA
215,112.66,0.709148721263518,1.01246434477947,225.32,2016_yk_097,Yukon,2016,0.70877534433116,1.05869888553243,0.00129542392906767,559.795339463621,766.379161497421,1166.424,0.707810299334092,313.1776375083724,NA
216,113.184,0.709251320460071,1.02718617566007,226.368,2016_yk_097,Yukon,2016,0.70878163549575,1.06008282218283,0.0013839366504016,559.795339463621,766.379161497421,1166.424,0.707810299334092,313.1776375083724,NA
217,113.708,0.708822590244251,1.06690875165284,227.416,2016_yk_097,Yukon,2016,0.708767363079709,1.06207796470327,0.00199514252043365,559.795339463621,766.379161497421,1166.424,0.707810299334092,313.1776375083724,NA
218,114.232,0.708458869501099,1.06317492730042,228.464,2016_yk_097,Yukon,2016,0.70878353765922,1.06354059386931,0.00146262916603912,559.795339463621,766.379161497421,1166.424,0.707810299334092,313.1776375083724,NA
219,114.756,0.708632050179609,1.03040978869518,229.512,2016_yk_097,Yukon,2016,0.70878676487711,1.06489214654758,0.00135155267827702,559.795339463621,766.379161497421,1166.424,0.707810299334092,313.1776375083724,NA
220,115.28,0.709214759788388,1.05793848323674,230.56,2016_yk_097,Yukon,2016,0.708803705888788,1.06607586194529,0.0011837153977039,559.795339463621,766.379161497421,1166.424,0.707810299334092,313.1776375083724,NA
221,115.804,0.709468196519347,1.05882496318273,231.608,2016_yk_097,Yukon,2016,0.708798431335624,1.06765374428735,0.00157788234206047,559.795339463621,766.379161497421,1166.424,0.707810299334092,313.1776375083724,NA
222,116.328,0.709030121341464,1.06446225194359,232.656,2016_yk_097,Yukon,2016,0.708820930264807,1.06986543719643,0.00221169290908563,559.795339463621,766.379161497421,1166.424,0.707810299334092,313.1776375083724,NA
223,116.852,0.708989912096903,1.02503335357103,233.704,2016_yk_097,Yukon,2016,0.708807351217069,1.07088935070495,0.00102391350851172,559.795339463621,766.379161497421,1166.424,0.707810299334092,313.1776375083724,NA
224,117.376,0.709199754555419,1.13387966040889,234.752,2016_yk_097,Yukon,2016,0.7088039500963,1.07326175440849,0.00237240370354663,559.795339463621,766.379161497421,1166.424,0.707810299334092,313.1776375083724,NA
225,117.9,0.70844375903956,1.15640037868652,235.8,2016_yk_097,Yukon,2016,0.708824823495263,1.07515507362726,0.0018933192187669,559.795339463621,766.379161497421,1166.424,0.707810299334092,313.1776375083724,NA
226,118.424,0.708919050650547,1.06386029799945,236.848,2016_yk_097,Yukon,2016,0.708878432185774,1.07739055034307,0.00223547671581037,559.795339463621,766.379161497421,1166.424,0.707810299334092,313.1776375083724,NA
227,118.948,0.708245887755389,1.04265782425583,237.896,2016_yk_097,Yukon,2016,0.708883154990647,1.07890783203841,0.00151728169533616,559.795339463621,766.379161497421,1166.424,0.707810299334092,313.1776375083724,NA
228,119.472,0.709342142524666,1.12439875451698,238.944,2016_yk_097,Yukon,2016,0.708878093839395,1.08086108279665,0.00195325075824293,559.795339463621,766.379161497421,1166.424,0.707810299334092,313.1776375083724,NA
229,119.996,0.70841055093862,1.14452380169666,239.992,2016_yk_097,Yukon,2016,0.708870410994483,1.08412743530061,0.00326635250396379,559.795339463621,766.379161497421,1166.424,0.707810299334092,313.1776375083724,NA
230,120.52,0.708902182248005,1.06908645956656,241.04,2016_yk_097,Yukon,2016,0.708886690928219,1.08603789473868,0.00191045943807233,559.795339463621,766.379161497421,1166.424,0.707810299334092,313.1776375083724,NA
231,121.044,0.707798423613486,1.07818781097747,242.088,2016_yk_097,Yukon,2016,0.708899892741089,1.08759960420941,0.00156170947072498,559.795339463621,766.379161497421,1166.424,0.707810299334092,313.1776375083724,NA
232,121.568,0.70910983304277,1.17772878535752,243.136,2016_yk_097,Yukon,2016,0.708888461362903,1.08872224390446,0.00112263969504967,559.795339463621,766.379161497421,1166.424,0.707810299334092,313.1776375083724,NA
233,122.092,0.708946513914248,1.11837028541918,244.184,2016_yk_097,Yukon,2016,0.708874781248133,1.09013967934206,0.00141743543760242,559.795339463621,766.379161497421,1166.424,0.707810299334092,313.1776375083724,NA
234,122.616,0.709870965224662,1.03633045454588,245.232,2016_yk_097,Yukon,2016,0.708905610556728,1.09028304890372,1.4336956166083e-4,559.795339463621,766.379161497421,1166.424,0.707810299334092,313.1776375083724,NA
235,123.14,0.709160479220524,1.06281308550925,246.28,2016_yk_097,Yukon,2016,0.708896840416992,1.09030906029733,2.60113936045858e-5,559.795339463621,766.379161497421,1166.424,0.707810299334092,313.1776375083724,NA
236,123.664,0.709296646243557,1.08996781811235,247.328,2016_yk_097,Yukon,2016,0.708899295953919,1.0905896908641,2.806305667713e-4,559.795339463621,766.379161497421,1166.424,0.707810299334092,313.1776375083724,NA
237,124.188,0.709395420258751,1.1059262567498,248.376,2016_yk_097,Yukon,2016,0.708905418906884,1.09103615968491,4.4646882080989e-4,559.795339463621,766.379161497421,1166.424,0.707810299334092,313.1776375083724,NA
238,124.712,0.70979535276541,1.04600383016377,249.424,2016_yk_097,Yukon,2016,0.708946224761054,1.09066761876432,-3.6854092058735e-4,559.795339463621,766.379161497421,1166.424,0.707810299334092,313.1776375083724,NA
239,125.236,0.707918639219004,1.08240011645955,250.472,2016_yk_097,Yukon,2016,0.708971638633673,1.09100542493047,3.378061661512e-4,559.795339463621,766.379161497421,1166.424,0.707810299334092,313.1776375083724,NA
240,125.76,0.708584256913762,1.08919381637086,251.52,2016_yk_097,Yukon,2016,0.708968926785379,1.091232968726,2.2754379552814e-4,559.795339463621,766.379161497421,1166.424,0.707810299334092,313.1776375083724,NA
241,126.284,0.70983312667403,1.08676605170017,252.568,2016_yk_097,Yukon,2016,0.70895782821321,1.092368487395,0.00113551866899897,559.795339463621,766.379161497421,1166.424,0.707810299334092,313.1776375083724,NA
242,126.808,0.709128742942861,1.02952100656503,253.616,2016_yk_097,Yukon,2016,0.709002019298482,1.09332988566516,9.6139827016505e-4,559.795339463621,766.379161497421,1166.424,0.707810299334092,313.1776375083724,NA
243,127.332,0.70853560913616,1.09727127786424,254.664,2016_yk_097,Yukon,2016,0.709024682299595,1.09273345967589,-5.9642598927101e-4,559.795339463621,766.379161497421,1166.424,0.707810299334092,313.1776375083724,NA
244,127.856,0.70869570280131,1.16538649242997,255.712,2016_yk_097,Yukon,2016,0.709011723733967,1.09208683926825,-6.4662040764318e-4,559.795339463621,766.379161497421,1166.424,0.707810299334092,313.1776375083724,NA
245,128.38,0.709400504784462,1.15490853561321,256.76,2016_yk_097,Yukon,2016,0.709023468227305,1.09271646587463,6.2962660637722e-4,559.795339463621,766.379161497421,1166.424,0.707810299334092,313.1776375083724,NA
246,128.904,0.70742913792815,1.12918894278638,257.808,2016_yk_097,Yukon,2016,0.70901644445828,1.09297765484414,2.6118896951321e-4,559.795339463621,766.379161497421,1166.424,0.707810299334092,313.1776375083724,NA
247,129.428,0.708139904289536,1.16976299829755,258.856,2016_yk_097,Yukon,2016,0.709030104633695,1.09171061293861,-0.00126704190553251,559.795339463621,766.379161497421,1166.424,0.707810299334092,313.1776375083724,NA
248,129.952,0.708751874299343,1.15952274082029,259.904,2016_yk_097,Yukon,2016,0.709037719320035,1.09208401527978,3.7340234117588e-4,559.795339463621,766.379161497421,1166.424,0.707810299334092,313.1776375083724,NA
249,130.476,0.708997848823122,1.115846632335,260.952,2016_yk_097,Yukon,2016,0.709053231751887,1.09293434166836,8.5032638857707e-4,559.795339463621,766.379161497421,1166.424,0.707810299334092,313.1776375083724,NA
250,131,0.709402354449481,1.10832012450574,262,2016_yk_097,Yukon,2016,0.709060120604792,1.09319312474717,2.5878307881099e-4,559.795339463621,766.379161497421,1166.424,0.707810299334092,313.1776375083724,NA
251,131.524,0.70850471667319,1.13929232837101,263.048,2016_yk_097,Yukon,2016,0.70905878783062,1.09293132243643,-2.6180231074057e-4,559.795339463621,766.379161497421,1166.424,0.707810299334092,313.1776375083724,NA
252,132.048,0.70922304947753,1.16333679824292,264.096,2016_yk_097,Yukon,2016,0.709065194106656,1.09410336607645,0.00117204364001422,559.795339463621,766.379161497421,1166.424,0.707810299334092,313.1776375083724,NA
253,132.572,0.709175184945183,1.11796289950477,265.144,2016_yk_097,Yukon,2016,0.709071565512284,1.09574413021282,0.00164076413637271,559.795339463621,766.379161497421,1166.424,0.707810299334092,313.1776375083724,NA
254,133.096,0.708691282605619,1.19913189627389,266.192,2016_yk_097,Yukon,2016,0.709060147591089,1.0944043518653,-0.00133977834752108,559.795339463621,766.379161497421,1166.424,0.707810299334092,313.1776375083724,NA
255,133.62,0.709021994460201,1.2013666715267,267.24,2016_yk_097,Yukon,2016,0.709068237815941,1.0920162766053,-0.00238807525999829,559.795339463621,766.379161497421,1166.424,0.707810299334092,313.1776375083724,NA
256,134.144,0.710459130456445,1.14920561874174,268.288,2016_yk_097,Yukon,2016,0.709060915200025,1.09318274525786,0.00116646865256143,559.795339463621,766.379161497421,1166.424,0.707810299334092,313.1776375083724,NA
257,134.668,0.708476306954504,1.07526935560642,269.336,2016_yk_097,Yukon,2016,0.709063819697321,1.09369453405579,5.1178879792646e-4,559.795339463621,766.379161497421,1166.424,0.707810299334092,313.1776375083724,NA
258,135.192,0.708699536289392,1.10145089009805,270.384,2016_yk_097,Yukon,2016,0.709068221781937,1.09185756551335,-0.00183696854243465,559.795339463621,766.379161497421,1166.424,0.707810299334092,313.1776375083724,NA
259,135.716,0.708296179219744,1.16995799699685,271.432,2016_yk_097,Yukon,2016,0.70909392958407,1.08985613568641,-0.00200142982693907,559.795339463621,766.379161497421,1166.424,0.707810299334092,313.1776375083724,NA
260,136.24,0.709999190147836,1.08503810130096,272.48,2016_yk_097,Yukon,2016,0.70909895602453,1.09081559941625,9.594637298389e-4,559.795339463621,766.379161497421,1166.424,0.707810299334092,313.1776375083724,NA
261,136.764,0.709511107649855,1.09029587748594,273.528,2016_yk_097,Yukon,2016,0.709113085808734,1.09091679866663,1.0119925038254e-4,559.795339463621,766.379161497421,1166.424,0.707810299334092,313.1776375083724,NA
262,137.288,0.708872559835619,1.11185991016532,274.576,2016_yk_097,Yukon,2016,0.709117698024534,1.08805246979297,-0.00286432887366406,559.795339463621,766.379161497421,1166.424,0.707810299334092,313.1776375083724,NA
263,137.812,0.707997082811469,1.12282927701029,275.624,2016_yk_097,Yukon,2016,0.709128003892304,1.08619765460599,-0.00185481518697928,559.795339463621,766.379161497421,1166.424,0.707810299334092,313.1776375083724,NA
264,138.336,0.710814302682691,1.02295104537584,276.672,2016_yk_097,Yukon,2016,0.70911381515405,1.08626870385692,7.10492509303773e-5,559.795339463621,766.379161497421,1166.424,0.707810299334092,313.1776375083724,NA
265,138.86,0.709069105547048,1.01201145233138,277.72,2016_yk_097,Yukon,2016,0.709104966086171,1.08565813736438,-6.1056649254154e-4,559.795339463621,766.379161497421,1166.424,0.707810299334092,313.1776375083724,NA
266,139.384,0.709083462510379,1.04132143992221,278.768,2016_yk_097,Yukon,2016,0.709087546203083,1.08367953640017,-0.00197860096421487,559.795339463621,766.379161497421,1166.424,0.707810299334092,313.1776375083724,NA
267,139.908,0.709550597141596,1.05045986876657,279.816,2016_yk_097,Yukon,2016,0.709072329112301,1.0820797419205,-0.00159979447966196,559.795339463621,766.379161497421,1166.424,0.707810299334092,313.1776375083724,NA
268,140.432,0.709448926056193,1.04860360247355,280.864,2016_yk_097,Yukon,2016,0.709054281583534,1.0823723046018,2.9256268129174e-4,559.795339463621,766.379161497421,1166.424,0.707810299334092,313.1776375083724,NA
269,140.956,0.709071686713775,1.06931155558488,281.912,2016_yk_097,Yukon,2016,0.709063759237195,1.08115773427511,-0.00121457032668615,559.795339463621,766.379161497421,1166.424,0.707810299334092,313.1776375083724,NA
270,141.48,0.709328151035218,1.09748422115114,282.96,2016_yk_097,Yukon,2016,0.709068950661005,1.07891334369906,-0.0022443905760472,559.795339463621,766.379161497421,1166.424,0.707810299334092,313.1776375083724,NA
271,142.004,0.708360909406053,1.09219402271638,284.008,2016_yk_097,Yukon,2016,0.70904774719927,1.07719177196104,-0.00172157173801901,559.795339463621,766.379161497421,1166.424,0.707810299334092,313.1776375083724,NA
272,142.528,0.709767405778684,1.06340807886372,285.056,2016_yk_097,Yukon,2016,0.709041254155083,1.07646664049079,-7.2513147024944e-4,559.795339463621,766.379161497421,1166.424,0.707810299334092,313.1776375083724,NA
273,143.052,0.71001832430255,1.02264910033845,286.104,2016_yk_097,Yukon,2016,0.709044015910668,1.07408109244559,-0.00238554804520463,559.795339463621,766.379161497421,1166.424,0.707810299334092,313.1776375083724,NA
274,143.576,0.708592025685777,1.03319106750989,287.152,2016_yk_097,Yukon,2016,0.709043301051334,1.07023291144654,-0.00384818099905138,559.795339463621,766.379161497421,1166.424,0.707810299334092,313.1776375083724,NA
275,144.1,0.709853390863783,1.0502419411621,288.2,2016_yk_097,Yukon,2016,0.709038869253188,1.06711048779264,-0.00312242365389492,559.795339463621,766.379161497421,1166.424,0.707810299334092,313.1776375083724,NA
276,144.624,0.708829894318583,1.04285751383086,289.248,2016_yk_097,Yukon,2016,0.709077698223315,1.06357157049744,-0.00353891729520672,559.795339463621,766.379161497421,1166.424,0.707810299334092,313.1776375083724,NA
277,145.148,0.709642200769163,0.990886237320887,290.296,2016_yk_097,Yukon,2016,0.709093761863373,1.05923735403862,-0.00433421645881893,559.795339463621,766.379161497421,1166.424,0.707810299334092,313.1776375083724,NA
278,145.672,0.70891575068152,1.08557906777098,291.344,2016_yk_097,Yukon,2016,0.709093147688612,1.05560715930958,-0.00363019472904003,559.795339463621,766.379161497421,1166.424,0.707810299334092,313.1776375083724,NA
279,146.196,0.709562796090718,1.08142937200981,292.392,2016_yk_097,Yukon,2016,0.709111179018947,1.05396497528562,-0.00164218402395266,559.795339463621,766.379161497421,1166.424,0.707810299334092,313.1776375083724,NA
280,146.72,0.709628090962675,1.07346546796539,293.44,2016_yk_097,Yukon,2016,0.709105445594278,1.05149940070098,-0.00246557458464247,559.795339463621,766.379161497421,1166.424,0.707810299334092,313.1776375083724,NA
281,147.244,0.709388230069003,1.0431168245383,294.488,2016_yk_097,Yukon,2016,0.709120691385016,1.04797978420727,-0.00351961649371035,559.795339463621,766.379161497421,1166.424,0.707810299334092,313.1776375083724,NA
282,147.768,0.709414497903641,1.13478487034445,295.536,2016_yk_097,Yukon,2016,0.709105961404925,1.04483111391162,-0.00314867029565224,559.795339463621,766.379161497421,1166.424,0.707810299334092,313.1776375083724,NA
283,148.292,0.709372196434589,1.1234792017533901,296.584,2016_yk_097,Yukon,2016,0.70909429582659,1.0434029529933,-0.00142816091831421,559.795339463621,766.379161497421,1166.424,0.707810299334092,313.1776375083724,NA
284,148.816,0.708514679283746,1.05349295955762,297.632,2016_yk_097,Yukon,2016,0.709093420826253,1.03983867374762,-0.00356427924568981,559.795339463621,766.379161497421,1166.424,0.707810299334092,313.1776375083724,NA
285,149.34,0.708929172530668,1.01311586308663,298.68,2016_yk_097,Yukon,2016,0.709107741479817,1.03575090225814,-0.00408777148947737,559.795339463621,766.379161497421,1166.424,0.707810299334092,313.1776375083724,NA
286,149.864,0.708479693695601,1.13384841715314,299.728,2016_yk_097,Yukon,2016,0.709069462468214,1.03313909923476,-0.00261180302337971,559.795339463621,766.379161497421,1166.424,0.707810299334092,313.1776375083724,NA
287,150.388,0.708420157593153,1.07336515213142,300.776,2016_yk_097,Yukon,2016,0.709096263759137,1.03165010735662,-0.00148899187813423,559.795339463621,766.379161497421,1166.424,0.707810299334092,313.1776375083724,NA
288,150.912,0.709606267601616,1.01418064197089,301.824,2016_yk_097,Yukon,2016,0.709112296339259,1.02931985731922,-0.00233025003740339,559.795339463621,766.379161497421,1166.424,0.707810299334092,313.1776375083724,NA
289,151.436,0.709953019066579,1.02443801208031,302.872,2016_yk_097,Yukon,2016,0.709112558316952,1.02571677739731,-0.00360307992191089,559.795339463621,766.379161497421,1166.424,0.707810299334092,313.1776375083724,NA
290,151.96,0.709203768675645,1.12665428335689,303.92,2016_yk_097,Yukon,2016,0.709101521090998,1.02391039881105,-0.00180637858625787,559.795339463621,766.379161497421,1166.424,0.707810299334092,313.1776375083724,NA
291,152.484,0.708646210665717,1.08425976600044,304.968,2016_yk_097,Yukon,2016,0.709088898724416,1.02154880828753,-0.00236159052352036,559.795339463621,766.379161497421,1166.424,0.707810299334092,313.1776375083724,NA
292,153.008,0.70938656599073,1.00586905293767,306.016,2016_yk_097,Yukon,2016,0.709089592596922,1.01787666394994,-0.00367214433758956,559.795339463621,766.379161497421,1166.424,0.707810299334092,313.1776375083724,NA
293,153.532,0.709564865980487,1.00708137420042,307.064,2016_yk_097,Yukon,2016,0.709111112483035,1.01410130787658,-0.00377535607335777,559.795339463621,766.379161497421,1166.424,0.707810299334092,313.1776375083724,NA
294,154.056,0.709019640929405,1.0405934096017,308.112,2016_yk_097,Yukon,2016,0.709072754195164,1.01328452429988,-8.1678357669923e-4,559.795339463621,766.379161497421,1166.424,0.707810299334092,313.1776375083724,NA
295,154.58,0.708629535147768,1.02617909595677,309.16,2016_yk_097,Yukon,2016,0.709076756549725,1.01215628882753,-0.0011282354723523,559.795339463621,766.379161497421,1166.424,0.707810299334092,313.1776375083724,NA
296,155.104,0.708251453258253,0.971251760259462,310.208,2016_yk_097,Yukon,2016,0.70908040743812,1.00936991844352,-0.00278637038401386,559.795339463621,766.379161497421,1166.424,0.707810299334092,313.1776375083724,NA
297,155.628,0.708482394811877,1.00993858797008,311.256,2016_yk_097,Yukon,2016,0.709086265904067,1.00697470476304,-0.00239521368047568,559.795339463621,766.379161497421,1166.424,0.707810299334092,313.1776375083724,NA
298,156.152,0.708712501039377,1.06355759104127,312.304,2016_yk_097,Yukon,2016,0.709074031115634,1.00535406231632,-0.00162064244672733,559.795339463621,766.379161497421,1166.424,0.707810299334092,313.1776375083724,NA
299,156.676,0.708487298438658,1.00952589685838,313.352,2016_yk_097,Yukon,2016,0.709091742941739,1.00318619303428,-0.00216786928203927,559.795339463621,766.379161497421,1166.424,0.707810299334092,313.1776375083724,Core
300,157.2,0.708895742342364,0.95453038180804,314.4,2016_yk_097,Yukon,2016,0.709092465235794,1.00006344823386,-0.0031227448004143,559.795339463621,766.379161497421,1166.424,0.707810299334092,313.1776375083724,Core
301,157.724,0.708560918969929,0.983471747419015,315.448,2016_yk_097,Yukon,2016,0.709122129202453,0.997878962954041,-0.00218448527982085,559.795339463621,766.379161497421,1166.424,0.707810299334092,313.1776375083724,Core
302,158.248,0.708739160291649,0.986013118350074,316.496,2016_yk_097,Yukon,2016,0.709100737945666,0.997307715566357,-5.712473876841e-4,559.795339463621,766.379161497421,1166.424,0.707810299334092,313.1776375083724,Core
303,158.772,0.708701314471263,0.954138395151955,317.544,2016_yk_097,Yukon,2016,0.709084329940663,0.997330297930613,2.25823642556744e-5,559.795339463621,766.379161497421,1166.424,0.707810299334092,313.1776375083724,Core
304,159.296,0.708652811241262,0.934495632486881,318.592,2016_yk_097,Yukon,2016,0.709109467685634,0.997075846038086,-2.5445189252648e-4,559.795339463621,766.379161497421,1166.424,0.707810299334092,313.1776375083724,Core
305,159.82,0.709134596895736,0.967563116379522,319.64,2016_yk_097,Yukon,2016,0.709094491826527,0.996660402138734,-4.1544389935188e-4,559.795339463621,766.379161497421,1166.424,0.707810299334092,313.1776375083724,Core
306,160.344,0.709758876135724,0.916853905073977,320.688,2016_yk_097,Yukon,2016,0.709082682861029,0.996572594251648,-8.78078870866217e-5,559.795339463621,766.379161497421,1166.424,0.707810299334092,313.1776375083724,Core
307,160.868,0.709103722693022,0.909710010768416,321.736,2016_yk_097,Yukon,2016,0.709078471612297,0.996627746395283,5.51521436356062e-5,559.795339463621,766.379161497421,1166.424,0.707810299334092,313.1776375083724,Core
308,161.392,0.708715023813689,0.941711057077892,322.784,2016_yk_097,Yukon,2016,0.70909546609283,0.994667272474839,-0.00196047392044474,559.795339463621,766.379161497421,1166.424,0.707810299334092,313.1776375083724,Core
309,161.916,0.710079728643253,1.01731559089784,323.832,2016_yk_097,Yukon,2016,0.709086855928798,0.993629589668586,-0.00103768280625238,559.795339463621,766.379161497421,1166.424,0.707810299334092,313.1776375083724,Core
310,162.44,0.709058348969336,0.960385649427188,324.88,2016_yk_097,Yukon,2016,0.709074500040383,0.993036568277066,-5.9302139151984e-4,559.795339463621,766.379161497421,1166.424,0.707810299334092,313.1776375083724,Core
311,162.964,0.709419464117472,0.928115338748388,325.928,2016_yk_097,Yukon,2016,0.709075354868489,0.99221169911269,-8.2486916437585e-4,559.795339463621,766.379161497421,1166.424,0.707810299334092,313.1776375083724,Core
312,163.488,0.708339250672048,0.974416580503778,326.976,2016_yk_097,Yukon,2016,0.709053283488359,0.989724965366054,-0.00248673374663599,559.795339463621,766.379161497421,1166.424,0.707810299334092,313.1776375083724,Core
313,164.012,0.708475250245073,1.03227324440592,328.024,2016_yk_097,Yukon,2016,0.70904366591618,0.987908596546893,-0.00181636881916181,559.795339463621,766.379161497421,1166.424,0.707810299334092,313.1776375083724,Core
314,164.536,0.708638782585427,0.985275141532513,329.072,2016_yk_097,Yukon,2016,0.709045218812985,0.987264692003608,-6.4390454328422e-4,559.795339463621,766.379161497421,1166.424,0.707810299334092,313.1776375083724,Core
315,165.06,0.709881233674039,0.956100382158054,330.12,2016_yk_097,Yukon,2016,0.709039397317249,0.987455195540511,1.9050353690297e-4,559.795339463621,766.379161497421,1166.424,0.707810299334092,313.1776375083724,Core
316,165.584,0.708162389760259,0.992497437338941,331.168,2016_yk_097,Yukon,2016,0.709053222133804,0.986362054327322,-0.00109314121318893,559.795339463621,766.379161497421,1166.424,0.707810299334092,313.1776375083724,Core
317,166.108,0.710084384409854,0.985929842918373,332.216,2016_yk_097,Yukon,2016,0.709066254970996,0.98697213817284,6.1008384551763e-4,559.795339463621,766.379161497421,1166.424,0.707810299334092,313.1776375083724,Core
318,166.632,0.709661491096703,0.961635887853842,333.264,2016_yk_097,Yukon,2016,0.709058503418479,0.987811275260601,8.3913708776128e-4,559.795339463621,766.379161497421,1166.424,0.707810299334092,313.1776375083724,Core
319,167.156,0.708311897881338,0.953773201682202,334.312,2016_yk_097,Yukon,2016,0.709043195210289,0.987406076824192,-4.0519843640951e-4,559.795339463621,766.379161497421,1166.424,0.707810299334092,313.1776375083724,Core
320,167.68,0.709336956590626,0.976655386125487,335.36,2016_yk_097,Yukon,2016,0.709030095196798,0.985755567912735,-0.00165050891145724,559.795339463621,766.379161497421,1166.424,0.707810299334092,313.1776375083724,Core
321,168.204,0.708753765654915,0.948600446074719,336.408,2016_yk_097,Yukon,2016,0.709046966357542,0.985322553967324,-4.3301394541084e-4,559.795339463621,766.379161497421,1166.424,0.707810299334092,313.1776375083724,Core
322,168.728,0.708914192185963,0.891531249909942,337.456,2016_yk_097,Yukon,2016,0.709051774839332,0.986435375289539,0.0011128213222148,559.795339463621,766.379161497421,1166.424,0.707810299334092,313.1776375083724,Core
323,169.252,0.709288275978263,0.896307912608822,338.504,2016_yk_097,Yukon,2016,0.709060799755646,0.987126163411765,6.9078812222589e-4,559.795339463621,766.379161497421,1166.424,0.707810299334092,313.1776375083724,Core
324,169.776,0.708512805410446,0.973944030773896,339.552,2016_yk_097,Yukon,2016,0.709067340653226,0.987887386803949,7.6122339218487e-4,559.795339463621,766.379161497421,1166.424,0.707810299334092,313.1776375083724,Core
325,170.3,0.709309246820691,0.944317323990234,340.6,2016_yk_097,Yukon,2016,0.709073518833203,0.98857837351058,6.9098670663014e-4,559.795339463621,766.379161497421,1166.424,0.707810299334092,313.1776375083724,Core
326,170.824,0.709302515814055,0.874139216881381,341.648,2016_yk_097,Yukon,2016,0.709077155420923,0.988974691354328,3.9631784374882e-4,559.795339463621,766.379161497421,1166.424,0.707810299334092,313.1776375083724,Core
327,171.348,0.709902105098436,0.906747047938035,342.696,2016_yk_097,Yukon,2016,0.709084344486056,0.989012723973491,3.80326191630198e-5,559.795339463621,766.379161497421,1166.424,0.707810299334092,313.1776375083724,Core
328,171.872,0.708714838750209,0.951365055669913,343.744,2016_yk_097,Yukon,2016,0.709080978002905,0.988765596798576,-2.4712717491493e-4,559.795339463621,766.379161497421,1166.424,0.707810299334092,313.1776375083724,Core
329,172.396,0.710134396280071,0.939239398662519,344.792,2016_yk_097,Yukon,2016,0.709103303320412,0.989033854940321,2.6825814174447e-4,559.795339463621,766.379161497421,1166.424,0.707810299334092,313.1776375083724,Core
330,172.92,0.7093714886785,0.91011953312629,345.84,2016_yk_097,Yukon,2016,0.709094463646705,0.98999483340992,9.6097846959952e-4,559.795339463621,766.379161497421,1166.424,0.707810299334092,313.1776375083724,Core
331,173.444,0.710140747405637,0.961124905927126,346.888,2016_yk_097,Yukon,2016,0.709107070710804,0.991372562849714,0.00137772943979331,559.795339463621,766.379161497421,1166.424,0.707810299334092,313.1776375083724,Core
332,173.968,0.708483930371472,1.02913323560267,347.936,2016_yk_097,Yukon,2016,0.709103249449496,0.99305262772732406,0.0016800648776103,559.795339463621,766.379161497421,1166.424,0.707810299334092,313.1776375083724,Core
333,174.492,0.709033844002316,1.02400404219379,348.984,2016_yk_097,Yukon,2016,0.709103103069944,0.994937954506465,0.00188532677914122,559.795339463621,766.379161497421,1166.424,0.707810299334092,313.1776375083724,Core
334,175.016,0.71010029038409,1.0179239539583,350.032,2016_yk_097,Yukon,2016,0.709110788304589,0.99660384158336,0.00166588707689441,559.795339463621,766.379161497421,1166.424,0.707810299334092,313.1776375083724,Core
335,175.54,0.708954839317328,1.02531530720099,351.08,2016_yk_097,Yukon,2016,0.709110859560449,0.998143258915031,0.00153941733167107,559.795339463621,766.379161497421,1166.424,0.707810299334092,313.1776375083724,Core
336,176.064,0.708121356388705,1.03758904060567,352.128,2016_yk_097,Yukon,2016,0.709096562078763,1.00052173778706,0.0023784788720298,559.795339463621,766.379161497421,1166.424,0.707810299334092,313.1776375083724,Core
337,176.588,0.70938952584526,0.994195365939023,353.176,2016_yk_097,Yukon,2016,0.709084049652298,1.00278457882378,0.00226284103672159,559.795339463621,766.379161497421,1166.424,0.707810299334092,313.1776375083724,Core
338,177.112,0.709935419513484,0.967950632544288,354.224,2016_yk_097,Yukon,2016,0.70909527097329,1.00492263946166,0.00213806063787336,559.795339463621,766.379161497421,1166.424,0.707810299334092,313.1776375083724,Core
339,177.636,0.709046186248814,1.01916840363466,355.272,2016_yk_097,Yukon,2016,0.709097360076165,1.00619815273798,0.00127551327632913,559.795339463621,766.379161497421,1166.424,0.707810299334092,313.1776375083724,Core
340,178.16,0.708886737657767,1.0378841844742,356.32,2016_yk_097,Yukon,2016,0.709111702202653,1.00760588708205,0.00140773434406505,559.795339463621,766.379161497421,1166.424,0.707810299334092,313.1776375083724,Core
341,178.684,0.709439519755345,0.993624674675748,357.368,2016_yk_097,Yukon,2016,0.709108463914955,1.00891065138346,0.00130476430141102,559.795339463621,766.379161497421,1166.424,0.707810299334092,313.1776375083724,Core
342,179.208,0.708090215095835,0.98558084554629,358.416,2016_yk_097,Yukon,2016,0.709129343052801,1.00997463035811,0.00106397897464894,559.795339463621,766.379161497421,1166.424,0.707810299334092,313.1776375083724,Core
343,179.732,0.708795142103873,1.01449707260368,359.464,2016_yk_097,Yukon,2016,0.709131931664652,1.01031174630648,3.371159483736e-4,559.795339463621,766.379161497421,1166.424,0.707810299334092,313.1776375083724,Core
344,180.256,0.708607853092018,1.01485868696057,360.512,2016_yk_097,Yukon,2016,0.709122004851984,1.01057712435883,2.653780523425e-4,559.795339463621,766.379161497421,1166.424,0.707810299334092,313.1776375083724,Core
345,180.78,0.708579882786528,1.02454607530081,361.56,2016_yk_097,Yukon,2016,0.709089756674498,1.0114244387125,8.4731435367713e-4,559.795339463621,766.379161497421,1166.424,0.707810299334092,313.1776375083724,Core
346,181.304,0.709309182688917,1.0682599443618,362.608,2016_yk_097,Yukon,2016,0.709128517341956,1.01165302097292,2.2858226041244e-4,559.795339463621,766.379161497421,1166.424,0.707810299334092,313.1776375083724,Core
347,181.828,0.709202127824655,1.10997018286248,363.656,2016_yk_097,Yukon,2016,0.709108825096497,1.01195569934928,3.026783763651e-4,559.795339463621,766.379161497421,1166.424,0.707810299334092,313.1776375083724,Core
348,182.352,0.709141174450622,1.06452886723657,364.704,2016_yk_097,Yukon,2016,0.709084685041444,1.01227279512041,3.1709577112892e-4,559.795339463621,766.379161497421,1166.424,0.707810299334092,313.1776375083724,Core
349,182.876,0.709034526575151,1.00012610589574,365.752,2016_yk_097,Yukon,2016,0.709086932587004,1.01302776372144,7.5496860103552e-4,559.795339463621,766.379161497421,1166.424,0.707810299334092,313.1776375083724,Core
350,183.4,0.708417767866194,1.02762374866946,366.8,2016_yk_097,Yukon,2016,0.709065939687848,1.01409688773478,0.00106912401333159,559.795339463621,766.379161497421,1166.424,0.707810299334092,313.1776375083724,Core
351,183.924,0.709658480310381,1.05827892927579,367.848,2016_yk_097,Yukon,2016,0.709076659214606,1.01529618859113,0.00119930085635556,559.795339463621,766.379161497421,1166.424,0.707810299334092,313.1776375083724,Core
352,184.448,0.709675074898113,1.07263833227056,368.896,2016_yk_097,Yukon,2016,0.709069997390369,1.01735587154195,0.00205968295081504,559.795339463621,766.379161497421,1166.424,0.707810299334092,313.1776375083724,Core
353,184.972,0.7101063609593,1.04852866153398,369.944,2016_yk_097,Yukon,2016,0.709055173517345,1.01942195858158,0.00206608703963407,559.795339463621,766.379161497421,1166.424,0.707810299334092,313.1776375083724,Core
354,185.496,0.709412094784206,1.08626681313279,370.992,2016_yk_097,Yukon,2016,0.70906561187387,1.02039621801073,9.7425942915063e-4,559.795339463621,766.379161497421,1166.424,0.707810299334092,313.1776375083724,Core
355,186.02,0.709000225946412,1.06763829835458,372.04,2016_yk_097,Yukon,2016,0.709056275237252,1.02133195896084,9.3574095010384e-4,559.795339463621,766.379161497421,1166.424,0.707810299334092,313.1776375083724,Core
356,186.544,0.708469648521422,0.995030830884385,373.088,2016_yk_097,Yukon,2016,0.709035129414724,1.02333351084304,0.00200155188220297,559.795339463621,766.379161497421,1166.424,0.707810299334092,313.1776375083724,Core
357,187.068,0.708913738719881,1.01222054511986,374.136,2016_yk_097,Yukon,2016,0.709029953420533,1.02454645326909,0.00121294242604897,559.795339463621,766.379161497421,1166.424,0.707810299334092,313.1776375083724,Core
358,187.592,0.70851051205032,1.04872996054638,375.184,2016_yk_097,Yukon,2016,0.709031516426225,1.02523966834708,6.9321507798991e-4,559.795339463621,766.379161497421,1166.424,0.707810299334092,313.1776375083724,Core
359,188.116,0.709826817489084,1.02562138536304,376.232,2016_yk_097,Yukon,2016,0.70900182560421,1.02597409958623,7.3443123915173e-4,559.795339463621,766.379161497421,1166.424,0.707810299334092,313.1776375083724,Core
360,188.64,0.708365361919917,1.01218908998401,377.28,2016_yk_097,Yukon,2016,0.708973546190103,1.02686937147651,8.952718902766e-4,559.795339463621,766.379161497421,1166.424,0.707810299334092,313.1776375083724,Core
361,189.164,0.709317342815869,1.06613551380661,378.328,2016_yk_097,Yukon,2016,0.708952442138745,1.02670821901824,-1.6115245826209e-4,559.795339463621,766.379161497421,1166.424,0.707810299334092,313.1776375083724,Core
362,189.688,0.708509884613178,1.08681701100669,379.376,2016_yk_097,Yukon,2016,0.708945598323086,1.02552488017829,-0.00118333883995136,559.795339463621,766.379161497421,1166.424,0.707810299334092,313.1776375083724,Core
363,190.212,0.708692531698124,1.06725800190043,380.424,2016_yk_097,Yukon,2016,0.70893745620849,1.0240072330105,-0.00151764716778846,559.795339463621,766.379161497421,1166.424,0.707810299334092,313.1776375083724,Core
364,190.736,0.709113925319957,1.03444885710055,381.472,2016_yk_097,Yukon,2016,0.70891059291426,1.02253280367756,-0.00147442933294828,559.795339463621,766.379161497421,1166.424,0.707810299334092,313.1776375083724,Core
365,191.26,0.709138872247379,1.05992815627979,382.52,2016_yk_097,Yukon,2016,0.708924701802903,1.02103076558902,-0.0015020380885391,559.795339463621,766.379161497421,1166.424,0.707810299334092,313.1776375083724,Core
366,191.784,0.708901027234576,1.05956263739576,383.568,2016_yk_097,Yukon,2016,0.70892841102167,1.01988929985902,-0.00114146572999951,559.795339463621,766.379161497421,1166.424,0.707810299334092,313.1776375083724,Core
367,192.308,0.708352977105118,1.0454804729717,384.616,2016_yk_097,Yukon,2016,0.708925141792709,1.01947835103183,-4.1094882718395e-4,559.795339463621,766.379161497421,1166.424,0.707810299334092,313.1776375083724,Core
368,192.832,0.709388303073182,1.0699946953503,385.664,2016_yk_097,Yukon,2016,0.708904303172098,1.0192178403487,-2.6051068313592e-4,559.795339463621,766.379161497421,1166.424,0.707810299334092,313.1776375083724,Core
369,193.356,0.710205074815754,1.09384638747759,386.712,2016_yk_097,Yukon,2016,0.70890317057881,1.01862577724103,-5.9206310766346e-4,559.795339463621,766.379161497421,1166.424,0.707810299334092,313.1776375083724,Core
370,193.88,0.709918876558612,1.04484971007108,387.76,2016_yk_097,Yukon,2016,0.708916474670107,1.01678581064491,-0.0018399665961284,559.795339463621,766.379161497421,1166.424,0.707810299334092,313.1776375083724,Core
371,194.404,0.709225166855598,1.00640119683305,388.808,2016_yk_097,Yukon,2016,0.708892479933351,1.01585569787208,-9.3011277282317e-4,559.795339463621,766.379161497421,1166.424,0.707810299334092,313.1776375083724,Core
372,194.928,0.70959199894282,1.03825531898271,389.856,2016_yk_097,Yukon,2016,0.708900485610907,1.0156424320055,-2.132658665821e-4,559.795339463621,766.379161497421,1166.424,0.707810299334092,313.1776375083724,Core
373,195.452,0.708630566956094,1.05250020130833,390.904,2016_yk_097,Yukon,2016,0.708894505327843,1.01558433152576,-5.81004797353124e-5,559.795339463621,766.379161497421,1166.424,0.707810299334092,313.1776375083724,Core
374,195.976,0.70804317382534,1.00119782467306,391.952,2016_yk_097,Yukon,2016,0.708893146842939,1.01485964787419,-7.2468365157663e-4,559.795339463621,766.379161497421,1166.424,0.707810299334092,313.1776375083724,Core
375,196.5,0.707946343024904,1.00693924337867,393,2016_yk_097,Yukon,2016,0.708896601557868,1.01393729273802,-9.2235513616945e-4,559.795339463621,766.379161497421,1166.424,0.707810299334092,313.1776375083724,Core
376,197.024,0.710488029807732,1.00621237296369,394.048,2016_yk_097,Yukon,2016,0.708893795147579,1.01244030797956,-0.00149698475845428,559.795339463621,766.379161497421,1166.424,0.707810299334092,313.1776375083724,Core
377,197.548,0.708902849682344,1.00409054550029,395.096,2016_yk_097,Yukon,2016,0.70889379827968,1.01022771251438,-0.00221259546518349,559.795339463621,766.379161497421,1166.424,0.707810299334092,313.1776375083724,Core
378,198.072,0.708213087793489,0.980661634121569,396.144,2016_yk_097,Yukon,2016,0.708899977146508,1.00840216326023,-0.00182554925415568,559.795339463621,766.379161497421,1166.424,0.707810299334092,313.1776375083724,Core
379,198.596,0.708446750614966,0.999071317744327,397.192,2016_yk_097,Yukon,2016,0.708898818977073,1.00793143001267,-4.7073324755375e-4,559.795339463621,766.379161497421,1166.424,0.707810299334092,313.1776375083724,Core
380,199.12,0.708077382641249,1.04080282692538,398.24,2016_yk_097,Yukon,2016,0.708903338010826,1.00644053777789,-0.00149089223478294,559.795339463621,766.379161497421,1166.424,0.707810299334092,313.1776375083724,Core
381,199.644,0.709396937260397,1.02055849745605,399.288,2016_yk_097,Yukon,2016,0.708878199529685,1.00492500909423,-0.001515528683661,559.795339463621,766.379161497421,1166.424,0.707810299334092,313.1776375083724,Core
382,200.168,0.708514482731736,1.01511222695885,400.336,2016_yk_097,Yukon,2016,0.708879073626234,1.00263229600978,-0.00229271308445034,559.795339463621,766.379161497421,1166.424,0.707810299334092,313.1776375083724,Core
383,200.692,0.70839884359683,1.02027313498687,401.384,2016_yk_097,Yukon,2016,0.708863574767511,1.00078651806433,-0.00184577794544283,559.795339463621,766.379161497421,1166.424,0.707810299334092,313.1776375083724,Core
384,201.216,0.709139106801927,1.03239959652294,402.432,2016_yk_097,Yukon,2016,0.708844437076041,0.998470365724896,-0.0023161523394386,559.795339463621,766.379161497421,1166.424,0.707810299334092,313.1776375083724,Core
385,201.74,0.70874904862361,1.00046178099647,403.48,2016_yk_097,Yukon,2016,0.708846194147154,0.996869108178444,-0.00160125754645213,559.795339463621,766.379161497421,1166.424,0.707810299334092,313.1776375083724,Core
386,202.264,0.70803376646236,0.994232329813558,404.528,2016_yk_097,Yukon,2016,0.708859121790677,0.996281358421273,-5.8774975717046e-4,559.795339463621,766.379161497421,1166.424,0.707810299334092,313.1776375083724,Core
387,202.788,0.709591545447017,0.97952359350097,405.576,2016_yk_097,Yukon,2016,0.708847944080206,0.995483274260997,-7.980841602756e-4,559.795339463621,766.379161497421,1166.424,0.707810299334092,313.1776375083724,Core
388,203.312,0.708808619091732,0.992957960349304,406.624,2016_yk_097,Yukon,2016,0.708873779550135,0.994684833684017,-7.9844057698075e-4,559.795339463621,766.379161497421,1166.424,0.707810299334092,313.1776375083724,Core
389,203.836,0.708352946959156,0.983305273011622,407.672,2016_yk_097,Yukon,2016,0.708858922469168,0.99370897827552,-9.7585540849631e-4,559.795339463621,766.379161497421,1166.424,0.707810299334092,313.1776375083724,Core
390,204.36,0.707674723832067,0.963835846542896,408.72,2016_yk_097,Yukon,2016,0.708843367912893,0.992654598776448,-0.00105437949907206,559.795339463621,766.379161497421,1166.424,0.707810299334092,313.1776375083724,Core
391,204.884,0.70887450432417,0.95145575843139,409.768,2016_yk_097,Yukon,2016,0.708834636447758,0.990610933982193,-0.002043664794255,559.795339463621,766.379161497421,1166.424,0.707810299334092,313.1776375083724,Core
392,205.408,0.708073301431928,0.9581329052056,410.816,2016_yk_097,Yukon,2016,0.708838232520759,0.988684041225715,-0.00192689275647839,559.795339463621,766.379161497421,1166.424,0.707810299334092,313.1776375083724,Core
393,205.932,0.70854531712659,0.932945212126472,411.864,2016_yk_097,Yukon,2016,0.708852322736857,0.987067214678868,-0.00161682654684736,559.795339463621,766.379161497421,1166.424,0.707810299334092,313.1776375083724,Core
394,206.456,0.708488492730255,0.929458193981401,412.912,2016_yk_097,Yukon,2016,0.708842709473534,0.985687125150436,-0.00138008952843138,559.795339463621,766.379161497421,1166.424,0.707810299334092,313.1776375083724,Core
395,206.98,0.709801372635915,0.935193021888648,413.96,2016_yk_097,Yukon,2016,0.708836616948497,0.983735899237009,-0.00195122591342689,559.795339463621,766.379161497421,1166.424,0.707810299334092,313.1776375083724,Core
396,207.504,0.70834390951475,0.969101096805698,415.008,2016_yk_097,Yukon,2016,0.708825874501484,0.982092510373411,-0.00164338886359827,559.795339463621,766.379161497421,1166.424,0.707810299334092,313.1776375083724,Core
397,208.028,0.709193372107593,0.969538436307977,416.056,2016_yk_097,Yukon,2016,0.708821052146914,0.980453484626897,-0.00163902574651409,559.795339463621,766.379161497421,1166.424,0.707810299334092,313.1776375083724,Core
398,208.552,0.708685102276832,0.952319991556142,417.104,2016_yk_097,Yukon,2016,0.708797752297827,0.978012030746337,-0.00244145388055972,559.795339463621,766.379161497421,1166.424,0.707810299334092,313.1776375083724,Core
399,209.076,0.708978230651516,0.98364461717486,418.152,2016_yk_097,Yukon,2016,0.708767191142147,0.975006597747104,-0.0030054329992335,559.795339463621,766.379161497421,1166.424,0.707810299334092,313.1776375083724,Core
400,209.6,0.709684983135608,0.927486188706493,419.2,2016_yk_097,Yukon,2016,0.708728437059291,0.973483961961905,-0.00152263578519896,559.795339463621,766.379161497421,1166.424,0.707810299334092,313.1776375083724,Core
401,210.124,0.707999835549982,0.937817908306356,420.248,2016_yk_097,Yukon,2016,0.7087031695721,0.972106942388053,-0.00137701957385206,559.795339463621,766.379161497421,1166.424,0.707810299334092,313.1776375083724,Core
402,210.648,0.708570555749204,0.972784893551364,421.296,2016_yk_097,Yukon,2016,0.70869162537093,0.970511542535659,-0.00159539985239388,559.795339463621,766.379161497421,1166.424,0.707810299334092,313.1776375083724,Core
403,211.172,0.708436325120002,1.01101104381957,422.344,2016_yk_097,Yukon,2016,0.708680753425,0.969296509730317,-0.00121503280534185,559.795339463621,766.379161497421,1166.424,0.707810299334092,313.1776375083724,Core
404,211.696,0.708526343997791,0.971377667865971,423.392,2016_yk_097,Yukon,2016,0.708681105570213,0.969124655859145,-1.7185387117246e-4,559.795339463621,766.379161497421,1166.424,0.707810299334092,313.1776375083724,Core
405,212.22,0.708787165682246,0.969204767130644,424.44,2016_yk_097,Yukon,2016,0.708684803774819,0.968087439787693,-0.0010372160714518,559.795339463621,766.379161497421,1166.424,0.707810299334092,313.1776375083724,Core
406,212.744,0.7091407980716,0.978440858854538,425.488,2016_yk_097,Yukon,2016,0.708646760273019,0.967029659474682,-0.00105778031301085,559.795339463621,766.379161497421,1166.424,0.707810299334092,313.1776375083724,Core
407,213.268,0.709202315750742,0.977214454951458,426.536,2016_yk_097,Yukon,2016,0.70864636006399,0.966374713265524,-6.5494620915806e-4,559.795339463621,766.379161497421,1166.424,0.707810299334092,313.1776375083724,Core
408,213.792,0.709511906460297,0.954995911987233,427.584,2016_yk_097,Yukon,2016,0.708664546681785,0.966189420571285,-1.8529269423839e-4,559.795339463621,766.379161497421,1166.424,0.707810299334092,313.1776375083724,Core
409,214.316,0.708965036409036,0.971882111042523,428.632,2016_yk_097,Yukon,2016,0.708649085499676,0.965701586026813,-4.8783454447198e-4,559.795339463621,766.379161497421,1166.424,0.707810299334092,313.1776375083724,Core
410,214.84,0.708688909891327,0.938170214582482,429.68,2016_yk_097,Yukon,2016,0.70864676739811,0.964782660412354,-9.189256144596e-4,559.795339463621,766.379161497421,1166.424,0.707810299334092,313.1776375083724,Core
411,215.364,0.708150171441943,0.967347208256125,430.728,2016_yk_097,Yukon,2016,0.70862796574855,0.964303680197268,-4.7898021508552e-4,559.795339463621,766.379161497421,1166.424,0.707810299334092,313.1776375083724,Core
412,215.888,0.709727520691055,0.935075547203532,431.776,2016_yk_097,Yukon,2016,0.70862344125332,0.963251256584754,-0.00105242361251423,559.795339463621,766.379161497421,1166.424,0.707810299334092,313.1776375083724,Core
413,216.412,0.70917642943593,0.937781984807412,432.824,2016_yk_097,Yukon,2016,0.708642006963263,0.961908656730643,-0.001342599854111,559.795339463621,766.379161497421,1166.424,0.707810299334092,313.1776375083724,Core
414,216.936,0.708263833296013,0.947297672766481,433.872,2016_yk_097,Yukon,2016,0.708649272962141,0.960456516771469,-0.00145213995917448,559.795339463621,766.379161497421,1166.424,0.707810299334092,313.1776375083724,Core
415,217.46,0.709105650213175,0.971562845567451,434.92,2016_yk_097,Yukon,2016,0.70865599201326,0.960274528818947,-1.8198795252155e-4,559.795339463621,766.379161497421,1166.424,0.707810299334092,313.1776375083724,Core
416,217.984,0.709245307132819,0.959765845454164,435.968,2016_yk_097,Yukon,2016,0.708669326167519,0.95960695151039,-6.6757730855682e-4,559.795339463621,766.379161497421,1166.424,0.707810299334092,313.1776375083724,Core
417,218.508,0.708243076091631,0.964335495503323,437.016,2016_yk_097,Yukon,2016,0.708655934160464,0.959034959425219,-5.7199208517166e-4,559.795339463621,766.379161497421,1166.424,0.707810299334092,313.1776375083724,Core
418,219.032,0.710060640246023,1.00082352592754,438.064,2016_yk_097,Yukon,2016,0.708635524496963,0.958358781316249,-6.761781089698e-4,559.795339463621,766.379161497421,1166.424,0.707810299334092,313.1776375083724,Core
419,219.556,0.708935392631074,0.967070060853262,439.112,2016_yk_097,Yukon,2016,0.708633827209776,0.958114899897095,-2.4388141915365e-4,559.795339463621,766.379161497421,1166.424,0.707810299334092,313.1776375083724,Core
420,220.08,0.707432088543451,0.948926320039684,440.16,2016_yk_097,Yukon,2016,0.708664505939998,0.957771812219626,-3.4308767746926e-4,559.795339463621,766.379161497421,1166.424,0.707810299334092,313.1776375083724,Core
421,220.604,0.708793454907758,0.943515626151317,441.208,2016_yk_097,Yukon,2016,0.70867743301816,0.957926191203881,1.5437898425485e-4,559.795339463621,766.379161497421,1166.424,0.707810299334092,313.1776375083724,Core
422,221.128,0.708725648993246,0.971203445617985,442.256,2016_yk_097,Yukon,2016,0.708673883636385,0.958324247102111,3.9805589823016e-4,559.795339463621,766.379161497421,1166.424,0.707810299334092,313.1776375083724,Core
423,221.652,0.709537944663964,0.970248409089594,443.304,2016_yk_097,Yukon,2016,0.708664099258844,0.959064799246139,7.405521440279e-4,559.795339463621,766.379161497421,1166.424,0.707810299334092,313.1776375083724,Core
424,222.176,0.708537129520575,0.951643485394664,444.352,2016_yk_097,Yukon,2016,0.708661361799549,0.959477574475004,4.1277522886529e-4,559.795339463621,766.379161497421,1166.424,0.707810299334092,313.1776375083724,Core
425,222.7,0.708773320745189,0.942854601474174,445.4,2016_yk_097,Yukon,2016,0.708630647959351,0.959573382611341,9.58081363371388e-5,559.795339463621,766.379161497421,1166.424,0.707810299334092,313.1776375083724,Core
426,223.224,0.708256480413777,0.960959305579867,446.448,2016_yk_097,Yukon,2016,0.708634682626867,0.95945481781315,-1.1856479819116e-4,559.795339463621,766.379161497421,1166.424,0.707810299334092,313.1776375083724,Core
427,223.748,0.708063635830936,0.947138928180856,447.496,2016_yk_097,Yukon,2016,0.708626135381903,0.95909779127092,-3.5702654222991e-4,559.795339463621,766.379161497421,1166.424,0.707810299334092,313.1776375083724,Core
428,224.272,0.707990312127936,0.923507462516724,448.544,2016_yk_097,Yukon,2016,0.708611675855627,0.958921150322387,-1.7664094853286e-4,559.795339463621,766.379161497421,1166.424,0.707810299334092,313.1776375083724,Core
429,224.796,0.708371405474957,0.913520407523576,449.592,2016_yk_097,Yukon,2016,0.708590943011202,0.958154291180119,-7.6685914226848e-4,559.795339463621,766.379161497421,1166.424,0.707810299334092,313.1776375083724,Core
430,225.32,0.70759363158725,0.95349156295914,450.64,2016_yk_097,Yukon,2016,0.7085857208575,0.95878822655815,6.3393537803102e-4,559.795339463621,766.379161497421,1166.424,0.707810299334092,313.1776375083724,Core
431,225.844,0.707709117624126,0.923780022401938,451.688,2016_yk_097,Yukon,2016,0.70859698765939,0.958730706692384,-5.75198657657428e-5,559.795339463621,766.379161497421,1166.424,0.707810299334092,313.1776375083724,Core
432,226.368,0.708899346872664,0.94253132783908,452.736,2016_yk_097,Yukon,2016,0.708591192026702,0.958160715415865,-5.6999127651857e-4,559.795339463621,766.379161497421,1166.424,0.707810299334092,313.1776375083724,Core
433,226.892,0.707978250200295,0.979598232987816,453.784,2016_yk_097,Yukon,2016,0.708586484897453,0.956759671986068,-0.00140104342979741,559.795339463621,766.379161497421,1166.424,0.707810299334092,313.1776375083724,Core
434,227.416,0.708064302538108,0.990886592402717,454.832,2016_yk_097,Yukon,2016,0.708592859509785,0.956805432397318,4.57604112495957e-5,559.795339463621,766.379161497421,1166.424,0.707810299334092,313.1776375083724,Core
435,227.94,0.708168235301261,0.944706279091558,455.88,2016_yk_097,Yukon,2016,0.708577917012011,0.955905349091768,-0.00090008330555002005,559.795339463621,766.379161497421,1166.424,0.707810299334092,313.1776375083724,Core
436,228.464,0.708205419699727,0.942745554183041,456.928,2016_yk_097,Yukon,2016,0.708573328028848,0.95508357695554,-8.2177213622802e-4,559.795339463621,766.379161497421,1166.424,0.707810299334092,313.1776375083724,Core
437,228.988,0.708878837140589,0.964793772950808,457.976,2016_yk_097,Yukon,2016,0.708576905102507,0.954888467221942,-1.9510973359782e-4,559.795339463621,766.379161497421,1166.424,0.707810299334092,313.1776375083724,Core
438,229.512,0.709304284861188,0.969544072467263,459.024,2016_yk_097,Yukon,2016,0.70855514714293,0.955129601601068,2.4113437912654e-4,559.795339463621,766.379161497421,1166.424,0.707810299334092,313.1776375083724,Core
439,230.036,0.707519079688432,0.969801245076012,460.072,2016_yk_097,Yukon,2016,0.708528411368281,0.954841247314822,-2.8835428624618e-4,559.795339463621,766.379161497421,1166.424,0.707810299334092,313.1776375083724,Core
440,230.56,0.70793829654733,0.985667290057813,461.12,2016_yk_097,Yukon,2016,0.708538994527356,0.954964183680635,1.2293636581239e-4,559.795339463621,766.379161497421,1166.424,0.707810299334092,313.1776375083724,Core
441,231.084,0.708268838286751,0.991819684550917,462.168,2016_yk_097,Yukon,2016,0.708557344374206,0.954926690371895,-3.74933087397e-5,559.795339463621,766.379161497421,1166.424,0.707810299334092,313.1776375083724,Core
442,231.608,0.708243013017957,0.95196681020799,463.216,2016_yk_097,Yukon,2016,0.70855898169496,0.954974407748797,4.77173769026784e-5,559.795339463621,766.379161497421,1166.424,0.707810299334092,313.1776375083724,Core
443,232.132,0.709512786193404,0.939717143740214,464.264,2016_yk_097,Yukon,2016,0.708540128719876,0.954567985518104,-4.0642223069375e-4,559.795339463621,766.379161497421,1166.424,0.707810299334092,313.1776375083724,Core
444,232.656,0.709575066734591,0.945271198972471,465.312,2016_yk_097,Yukon,2016,0.708529730802166,0.95405121915137,-5.1676636673325e-4,559.795339463621,766.379161497421,1166.424,0.707810299334092,313.1776375083724,Core
445,233.18,0.709152191690754,0.989542503845172,466.36,2016_yk_097,Yukon,2016,0.708517398143926,0.953832551433696,-2.1866771767464e-4,559.795339463621,766.379161497421,1166.424,0.707810299334092,313.1776375083724,Core
446,233.704,0.708833815717891,0.954177691300154,467.408,2016_yk_097,Yukon,2016,0.70850111574585,0.953777156802939,-5.53946307567665e-5,559.795339463621,766.379161497421,1166.424,0.707810299334092,313.1776375083724,Core
447,234.228,0.708788025023724,0.945204068390666,468.456,2016_yk_097,Yukon,2016,0.708495319737195,0.953420784001451,-3.5637280148814e-4,559.795339463621,766.379161497421,1166.424,0.707810299334092,313.1776375083724,Core
448,234.752,0.707584039281657,0.952387273811112,469.504,2016_yk_097,Yukon,2016,0.708434766630787,0.952696055564931,-7.247284365196e-4,559.795339463621,766.379161497421,1166.424,0.707810299334092,313.1776375083724,Core
449,235.276,0.708251109727966,0.968672387862405,470.552,2016_yk_097,Yukon,2016,0.708441293279487,0.952704261415663,8.20585073191271e-6,559.795339463621,766.379161497421,1166.424,0.707810299334092,313.1776375083724,Core
450,235.8,0.709515447645382,0.94325058589474,471.6,2016_yk_097,Yukon,2016,0.708457725546327,0.952728906689861,2.46452741975434e-5,559.795339463621,766.379161497421,1166.424,0.707810299334092,313.1776375083724,Core
451,236.324,0.709650129013872,0.960718497486683,472.648,2016_yk_097,Yukon,2016,0.708457103213838,0.952774651794363,4.57451045025037e-5,559.795339463621,766.379161497421,1166.424,0.707810299334092,313.1776375083724,Core
452,236.848,0.70786033852545,0.982016259099408,473.696,2016_yk_097,Yukon,2016,0.708451298314431,0.952304912829286,-4.6973896507707e-4,559.795339463621,766.379161497421,1166.424,0.707810299334092,313.1776375083724,Core
453,237.372,0.707958254474126,0.977378340768141,474.744,2016_yk_097,Yukon,2016,0.70842390800537,0.951932263424023,-3.7264940526304e-4,559.795339463621,766.379161497421,1166.424,0.707810299334092,313.1776375083724,Core
454,237.896,0.708324245172534,0.954224707713317,475.792,2016_yk_097,Yukon,2016,0.708431554787579,0.951162092217516,-7.7017120650668e-4,559.795339463621,766.379161497421,1166.424,0.707810299334092,313.1776375083724,Core
455,238.42,0.707958542224076,0.940941510068876,476.84,2016_yk_097,Yukon,2016,0.708423901989027,0.950667122650269,-4.9496956724703e-4,559.795339463621,766.379161497421,1166.424,0.707810299334092,313.1776375083724,Core
456,238.944,0.708585989565663,0.961987208914228,477.888,2016_yk_097,Yukon,2016,0.708431187698563,0.950140394708886,-5.267279413833e-4,559.795339463621,766.379161497421,1166.424,0.707810299334092,313.1776375083724,Core
457,239.468,0.70868053740978,0.948116843774179,478.936,2016_yk_097,Yukon,2016,0.708448991367074,0.949922931784469,-2.1746292441748e-4,559.795339463621,766.379161497421,1166.424,0.707810299334092,313.1776375083724,Core
458,239.992,0.70781753070028,0.941721534644169,479.984,2016_yk_097,Yukon,2016,0.708453488235895,0.949987546144699,6.46143602303084e-5,559.795339463621,766.379161497421,1166.424,0.707810299334092,313.1776375083724,Core
459,240.516,0.707734259985986,0.937633068638751,481.032,2016_yk_097,Yukon,2016,0.708420267258492,0.950449812733741,4.6226658904235e-4,559.795339463621,766.379161497421,1166.424,0.707810299334092,313.1776375083724,Core
460,241.04,0.709371653913524,0.965522311388353,482.08,2016_yk_097,Yukon,2016,0.708429808542395,0.95064573519264,1.9592245889921e-4,559.795339463621,766.379161497421,1166.424,0.707810299334092,313.1776375083724,Core
461,241.564,0.708675843663354,0.934366716360412,483.128,2016_yk_097,Yukon,2016,0.70843119227559,0.950983248623503,3.3751343086241e-4,559.795339463621,766.379161497421,1166.424,0.707810299334092,313.1776375083724,Core
462,242.088,0.708222817787945,0.938585416960252,484.176,2016_yk_097,Yukon,2016,0.708407166828408,0.951021996948392,3.87483248889264e-5,559.795339463621,766.379161497421,1166.424,0.707810299334092,313.1776375083724,Core
463,242.612,0.708153897365035,0.926948438031714,485.224,2016_yk_097,Yukon,2016,0.708408638086064,0.950754008122127,-2.6798882626522e-4,559.795339463621,766.379161497421,1166.424,0.707810299334092,313.1776375083724,Core
464,243.136,0.708908820737712,0.974123292540947,486.272,2016_yk_097,Yukon,2016,0.708413227225999,0.950984756922171,2.3074880004414e-4,559.795339463621,766.379161497421,1166.424,0.707810299334092,313.1776375083724,Core
465,243.66,0.707890615815822,0.915199768797634,487.32,2016_yk_097,Yukon,2016,0.708423357488074,0.951582366775452,5.9760985328105e-4,559.795339463621,766.379161497421,1166.424,0.707810299334092,313.1776375083724,Core
466,244.184,0.708865459081839,0.929134530680859,488.368,2016_yk_097,Yukon,2016,0.708419969073708,0.951912151357675,3.2978458222277e-4,559.795339463621,766.379161497421,1166.424,0.707810299334092,313.1776375083724,Core
467,244.708,0.709416940170244,0.965507870935588,489.416,2016_yk_097,Yukon,2016,0.708409411351748,0.951728264710734,-1.8388664694057e-4,559.795339463621,766.379161497421,1166.424,0.707810299334092,313.1776375083724,Core
468,245.232,0.70820642888566,0.96946397473482,490.464,2016_yk_097,Yukon,2016,0.708393951247046,0.951965547074036,2.3728236330244e-4,559.795339463621,766.379161497421,1166.424,0.707810299334092,313.1776375083724,Core
469,245.756,0.707360889930146,0.95458085386775,491.512,2016_yk_097,Yukon,2016,0.708395393172049,0.951781124235861,-1.8442283817576e-4,559.795339463621,766.379161497421,1166.424,0.707810299334092,313.1776375083724,Core
470,246.28,0.709323899435775,0.945546396531231,492.56,2016_yk_097,Yukon,2016,0.708395284924383,0.951454749315658,-3.2637492020226e-4,559.795339463621,766.379161497421,1166.424,0.707810299334092,313.1776375083724,Core
471,246.804,0.709251162252944,0.965097609731739,493.608,2016_yk_097,Yukon,2016,0.708377620558246,0.951842480843589,3.8773152793092e-4,559.795339463621,766.379161497421,1166.424,0.707810299334092,313.1776375083724,Core
472,247.328,0.70982575993633,0.937938589817688,494.656,2016_yk_097,Yukon,2016,0.708405358325898,0.953223993079022,0.00138151223543226,559.795339463621,766.379161497421,1166.424,0.707810299334092,313.1776375083724,Core
473,247.852,0.708045250930857,0.91339665096579,495.704,2016_yk_097,Yukon,2016,0.708377066086828,0.954113701700658,8.8970862163595e-4,559.795339463621,766.379161497421,1166.424,0.707810299334092,313.1776375083724,Core
474,248.376,0.707639958233426,0.916291690762483,496.752,2016_yk_097,Yukon,2016,0.708339360165561,0.954738797198462,6.2509549780398e-4,559.795339463621,766.379161497421,1166.424,0.707810299334092,313.1776375083724,Core
475,248.9,0.70836569071877,0.958442782506971,497.8,2016_yk_097,Yukon,2016,0.708322694231793,0.955290735369717,5.519381712552e-4,559.795339463621,766.379161497421,1166.424,0.707810299334092,313.1776375083724,Core
476,249.424,0.70826836324826,0.956442167608758,498.848,2016_yk_097,Yukon,2016,0.708322598612322,0.95656494367628,0.00127420830656333,559.795339463621,766.379161497421,1166.424,0.707810299334092,313.1776375083724,Core
477,249.948,0.707895315572368,0.942953127414034,499.896,2016_yk_097,Yukon,2016,0.708327600976423,0.957599327421127,0.00103438374484732,559.795339463621,766.379161497421,1166.424,0.707810299334092,313.1776375083724,Core
478,250.472,0.706427453861526,0.957339819736366,500.944,2016_yk_097,Yukon,2016,0.708323124474648,0.958547696356766,9.4836893563898e-4,559.795339463621,766.379161497421,1166.424,0.707810299334092,313.1776375083724,Core
479,250.996,0.709326991553074,0.967562411897176,501.992,2016_yk_097,Yukon,2016,0.708313124342365,0.95940569553048,8.5799917371332e-4,559.795339463621,766.379161497421,1166.424,0.707810299334092,313.1776375083724,Core
480,251.52,0.708418024553818,0.95040503649153,503.04,2016_yk_097,Yukon,2016,0.708302473235969,0.960366188190687,9.6049266020725e-4,559.795339463621,766.379161497421,1166.424,0.707810299334092,313.1776375083724,Core
481,252.044,0.708756114958461,0.946260332421468,504.088,2016_yk_097,Yukon,2016,0.708282762324489,0.960876583767567,5.1039557687959e-4,559.795339463621,766.379161497421,1166.424,0.707810299334092,313.1776375083724,Core
482,252.568,0.708377355028822,0.943019107713363,505.136,2016_yk_097,Yukon,2016,0.708275960736634,0.961014080091542,1.3749632397497e-4,559.795339463621,766.379161497421,1166.424,0.707810299334092,313.1776375083724,Core
483,253.092,0.7078945261203,0.947889444773811,506.184,2016_yk_097,Yukon,2016,0.708264435034406,0.961651895415734,6.3781532419215e-4,559.795339463621,766.379161497421,1166.424,0.707810299334092,313.1776375083724,Core
484,253.616,0.708995936453119,0.905433213004258,507.232,2016_yk_097,Yukon,2016,0.708245881769254,0.962318949764705,6.670543489714e-4,559.795339463621,766.379161497421,1166.424,0.707810299334092,313.1776375083724,Core
485,254.14,0.708314152832034,0.913156427439356,508.28,2016_yk_097,Yukon,2016,0.708253996694216,0.962887870913786,5.6892114908047e-4,559.795339463621,766.379161497421,1166.424,0.707810299334092,313.1776375083724,Core
486,254.664,0.70869362298596,0.929355629096872,509.328,2016_yk_097,Yukon,2016,0.708243598273623,0.963247788571674,3.5991765788867e-4,559.795339463621,766.379161497421,1166.424,0.707810299334092,313.1776375083724,Core
487,255.188,0.709131855941616,0.934091152715804,510.376,2016_yk_097,Yukon,2016,0.708241862383964,0.964291495883269,0.00104370731159453,559.795339463621,766.379161497421,1166.424,0.707810299334092,313.1776375083724,Core
488,255.712,0.708260124257163,0.927384324130541,511.424,2016_yk_097,Yukon,2016,0.708239605407034,0.96536521890825,0.00107372302498121,559.795339463621,766.379161497421,1166.424,0.707810299334092,313.1776375083724,Core
489,256.236,0.706378146830785,0.941256402866125,512.472,2016_yk_097,Yukon,2016,0.708242599916942,0.966280885381454,9.1566647320418e-4,559.795339463621,766.379161497421,1166.424,0.707810299334092,313.1776375083724,Core
490,256.76,0.708166108621434,0.965246910493087,513.52,2016_yk_097,Yukon,2016,0.708213666870911,0.966796762198404,5.1587681695008e-4,559.795339463621,766.379161497421,1166.424,0.707810299334092,313.1776375083724,Core
491,257.284,0.707792141615828,0.94403082825368,514.568,2016_yk_097,Yukon,2016,0.70821629016595,0.967839697628606,0.00104293543020195,559.795339463621,766.379161497421,1166.424,0.707810299334092,313.1776375083724,Core
492,257.808,0.707457820041753,0.94485622733242,515.616,2016_yk_097,Yukon,2016,0.708217575724392,0.968608593264593,7.6889563598692e-4,559.795339463621,766.379161497421,1166.424,0.707810299334092,313.1776375083724,Core
493,258.332,0.708066525659652,0.963518903411903,516.664,2016_yk_097,Yukon,2016,0.708207125968329,0.969491644354106,8.8305108951236e-4,559.795339463621,766.379161497421,1166.424,0.707810299334092,313.1776375083724,Core
494,258.856,0.708339650934208,1.00473152040537,517.712,2016_yk_097,Yukon,2016,0.708162274619155,0.969791339831535,2.9969547742936e-4,559.795339463621,766.379161497421,1166.424,0.707810299334092,313.1776375083724,Core
495,259.38,0.708776051025744,0.980562870288425,518.76,2016_yk_097,Yukon,2016,0.70815625747896,0.971640779635461,0.00184943980392627,559.795339463621,766.379161497421,1166.424,0.707810299334092,313.1776375083724,Core
496,259.904,0.708002114837802,0.962532629116401,519.808,2016_yk_097,Yukon,2016,0.70813410036315,0.972824073401371,0.00118329376590987,559.795339463621,766.379161497421,1166.424,0.707810299334092,313.1776375083724,Core
497,260.428,0.70824537382296,0.95376057413437,520.856,2016_yk_097,Yukon,2016,0.708123447361044,0.972944645172539,1.2057177116797e-4,559.795339463621,766.379161497421,1166.424,0.707810299334092,313.1776375083724,Core
498,260.952,0.708376678579069,0.983781014265408,521.904,2016_yk_097,Yukon,2016,0.708117218617194,0.973660263384544,7.1561821200494e-4,559.795339463621,766.379161497421,1166.424,0.707810299334092,313.1776375083724,Core
499,261.476,0.70760559518861,0.958735874785466,522.952,2016_yk_097,Yukon,2016,0.708122209495909,0.974718382810437,0.00105811942589273,559.795339463621,766.379161497421,1166.424,0.707810299334092,313.1776375083724,Core
500,262,0.707931801687383,0.966084794845677,524,2016_yk_097,Yukon,2016,0.708089001807437,0.975709342274565,9.9095946412819e-4,559.795339463621,766.379161497421,1166.424,0.707810299334092,313.1776375083724,Core
501,262.524,0.707208976318528,1.01508357622677,525.048,2016_yk_097,Yukon,2016,0.708054719419789,0.976517802514387,8.0846023982261e-4,559.795339463621,766.379161497421,1166.424,0.707810299334092,313.1776375083724,Core
502,263.048,0.709907279077053,1.03485754433393,526.096,2016_yk_097,Yukon,2016,0.708019897336156,0.978138929118001,0.00162112660361402,559.795339463621,766.379161497421,1166.424,0.707810299334092,313.1776375083724,Core
503,263.572,0.707815251849241,0.993099661038365,527.144,2016_yk_097,Yukon,2016,0.708016187758939,0.980086587840162,0.00194765872216096,559.795339463621,766.379161497421,1166.424,0.707810299334092,313.1776375083724,Core
504,264.096,0.707312711458546,0.982776928840712,528.192,2016_yk_097,Yukon,2016,0.708019483956511,0.981701957420905,0.0016153695807426,559.795339463621,766.379161497421,1166.424,0.707810299334092,313.1776375083724,Core
505,264.62,0.708152235664658,1.02265879412048,529.24,2016_yk_097,Yukon,2016,0.708018323149819,0.982744851201767,0.00104289378086186,559.795339463621,766.379161497421,1166.424,0.707810299334092,313.1776375083724,Core
506,265.144,0.708828078549649,1.03063018969395,530.288,2016_yk_097,Yukon,2016,0.708017287256115,0.984505800221999,0.00176094902023194,559.795339463621,766.379161497421,1166.424,0.707810299334092,313.1776375083724,Core
507,265.668,0.709088166869786,1.00726709308151,531.336,2016_yk_097,Yukon,2016,0.707994986039176,0.986178723021764,0.00167292279976472,559.795339463621,766.379161497421,1166.424,0.707810299334092,313.1776375083724,Core
508,266.192,0.70731544917513,1.00928940994945,532.384,2016_yk_097,Yukon,2016,0.708032370919535,0.98706102200259,8.8229898082625e-4,559.795339463621,766.379161497421,1166.424,0.707810299334092,313.1776375083724,Core
509,266.716,0.70765110179104,1.0201523382852,533.432,2016_yk_097,Yukon,2016,0.708010809861063,0.987834646217657,7.7362421506732e-4,559.795339463621,766.379161497421,1166.424,0.707810299334092,313.1776375083724,Core
510,267.24,0.708876381261599,1.00088014550717,534.48,2016_yk_097,Yukon,2016,0.707997287493326,0.98944104634436,0.00160640012670243,559.795339463621,766.379161497421,1166.424,0.707810299334092,313.1776375083724,Core
511,267.764,0.708467474325041,0.991342232099455,535.528,2016_yk_097,Yukon,2016,0.707978947002464,0.990872273226424,0.00143122688206487,559.795339463621,766.379161497421,1166.424,0.707810299334092,313.1776375083724,Core
512,268.288,0.707452243254199,0.990266038537905,536.576,2016_yk_097,Yukon,2016,0.707991149485013,0.99228470414972,0.0014124309232959,559.795339463621,766.379161497421,1166.424,0.707810299334092,313.1776375083724,Core
513,268.812,0.70726671234045,1.01564726021967,537.624,2016_yk_097,Yukon,2016,0.707979993132325,0.994143762511701,0.00185905836198097,559.795339463621,766.379161497421,1166.424,0.707810299334092,313.1776375083724,Core
514,269.336,0.707211049263384,0.994247968651599,538.672,2016_yk_097,Yukon,2016,0.707942491266025,0.996419702548508,0.00227594003680631,559.795339463621,766.379161497421,1166.424,0.707810299334092,313.1776375083724,Core
515,269.86,0.708445437721812,0.975076779013704,539.72,2016_yk_097,Yukon,2016,0.707909753117459,0.998422170905367,0.0020024683568598,559.795339463621,766.379161497421,1166.424,0.707810299334092,313.1776375083724,Core
516,270.384,0.707962084330053,0.983582268387546,540.768,2016_yk_097,Yukon,2016,0.707894030037561,1.00001606939978,0.00159389849440938,559.795339463621,766.379161497421,1166.424,0.707810299334092,313.1776375083724,Core
517,270.908,0.708576384030285,1.01073928246986,541.816,2016_yk_097,Yukon,2016,0.70788773892956,1.00219466560549,0.00217859620570859,559.795339463621,766.379161497421,1166.424,0.707810299334092,313.1776375083724,Core
518,271.432,0.707682112084451,1.00614491614304,542.864,2016_yk_097,Yukon,2016,0.707895013706436,1.00435412955907,0.0021594639535838,559.795339463621,766.379161497421,1166.424,0.707810299334092,313.1776375083724,Core
519,271.956,0.707913930580477,0.992573057030999,543.912,2016_yk_097,Yukon,2016,0.707924477511313,1.00643578170312,0.00208165214404787,559.795339463621,766.379161497421,1166.424,0.707810299334092,313.1776375083724,Core
520,272.48,0.707635671151634,0.996474920405357,544.96,2016_yk_097,Yukon,2016,0.707907521161269,1.00774095882445,0.00130517712133504,559.795339463621,766.379161497421,1166.424,0.707810299334092,313.1776375083724,Core
521,273.004,0.708833241365717,0.996942842172524,546.008,2016_yk_097,Yukon,2016,0.707917572670307,1.00983217056312,0.00209121173867222,559.795339463621,766.379161497421,1166.424,0.707810299334092,313.1776375083724,Core
522,273.528,0.708299951294466,0.984719155119472,547.056,2016_yk_097,Yukon,2016,0.707928245393463,1.01175642026522,0.00192424970209881,559.795339463621,766.379161497421,1166.424,0.707810299334092,313.1776375083724,Core
523,274.052,0.707526912001223,0.979931503402454,548.104,2016_yk_097,Yukon,2016,0.707922002937633,1.01347845559333,0.00172203532810777,559.795339463621,766.379161497421,1166.424,0.707810299334092,313.1776375083724,Core
524,274.576,0.706217739787323,0.992105021186714,549.152,2016_yk_097,Yukon,2016,0.707920502886636,1.01467194268872,0.0011934870953898,559.795339463621,766.379161497421,1166.424,0.707810299334092,313.1776375083724,Core
525,275.1,0.7075295874041,1.02616615703321,550.2,2016_yk_097,Yukon,2016,0.70789807413835,1.01634452959112,0.00167258690240213,559.795339463621,766.379161497421,1166.424,0.707810299334092,313.1776375083724,Core
526,275.624,0.707536032133227,1.00013215663545,551.248,2016_yk_097,Yukon,2016,0.707895380881812,1.01814635321954,0.00180182362841652,559.795339463621,766.379161497421,1166.424,0.707810299334092,313.1776375083724,Core
527,276.148,0.708777760043921,0.972742177205668,552.296,2016_yk_097,Yukon,2016,0.707879674035699,1.01997085323239,0.00182450001285317,559.795339463621,766.379161497421,1166.424,0.707810299334092,313.1776375083724,Core
528,276.672,0.707832704254658,1.01240106745512,553.344,2016_yk_097,Yukon,2016,0.707875451987917,1.02205730750783,0.00208645427544152,559.795339463621,766.379161497421,1166.424,0.707810299334092,313.1776375083724,Core
529,277.196,0.707660342653029,1.01806801942131,554.392,2016_yk_097,Yukon,2016,0.707893864610016,1.02479651624008,0.00273920873224287,559.795339463621,766.379161497421,1166.424,0.707810299334092,313.1776375083724,Core
530,277.72,0.707331438127418,1.00500396437893,555.44,2016_yk_097,Yukon,2016,0.70788493908318,1.02687118480889,0.002074668568816,559.795339463621,766.379161497421,1166.424,0.707810299334092,313.1776375083724,Core
531,278.244,0.707194218994098,1.0136052241211,556.488,2016_yk_097,Yukon,2016,0.707898915775285,1.02826188278791,0.0013906979790157,559.795339463621,766.379161497421,1166.424,0.707810299334092,313.1776375083724,Core
532,278.768,0.707736434918344,1.03520618603452,557.536,2016_yk_097,Yukon,2016,0.707875365181428,1.02973888568975,0.00147700290184116,559.795339463621,766.379161497421,1166.424,0.707810299334092,313.1776375083724,Core
533,279.292,0.707822676297852,1.03025617429545,558.584,2016_yk_097,Yukon,2016,0.707881426268894,1.03177097916987,0.00203209348011724,559.795339463621,766.379161497421,1166.424,0.707810299334092,313.1776375083724,Core
534,279.816,0.707837730087716,1.01321386560704,559.632,2016_yk_097,Yukon,2016,0.707896705782043,1.03377813817006,0.00200715900019355,559.795339463621,766.379161497421,1166.424,0.707810299334092,313.1776375083724,Fw
535,280.34,0.70829604231725,1.02101640935868,560.68,2016_yk_097,Yukon,2016,0.707883093031102,1.03528566081024,0.00150752264018217,559.795339463621,766.379161497421,1166.424,0.707810299334092,313.1776375083724,Fw
536,280.864,0.708206209626072,1.06209910882268,561.728,2016_yk_097,Yukon,2016,0.707864822069631,1.03763279588222,0.00234713507197526,559.795339463621,766.379161497421,1166.424,0.707810299334092,313.1776375083724,Fw
537,281.388,0.706557242556018,1.04332849539991,562.776,2016_yk_097,Yukon,2016,0.707859632366057,1.03988377266812,0.00225097678590291,559.795339463621,766.379161497421,1166.424,0.707810299334092,313.1776375083724,Fw
538,281.912,0.708670546683046,1.01027775858594,563.824,2016_yk_097,Yukon,2016,0.707863731663257,1.04161353300209,0.00172976033397254,559.795339463621,766.379161497421,1166.424,0.707810299334092,313.1776375083724,Fw
539,282.436,0.708033328044731,1.01397986480122,564.872,2016_yk_097,Yukon,2016,0.707879347538088,1.04333112369314,0.00171759069105004,559.795339463621,766.379161497421,1166.424,0.707810299334092,313.1776375083724,Fw
540,282.96,0.707606682489649,1.04678904409367,565.92,2016_yk_097,Yukon,2016,0.70785864140488,1.04604277167757,0.0027116479844278,559.795339463621,766.379161497421,1166.424,0.707810299334092,313.1776375083724,Fw
541,283.484,0.707655685506725,1.03213394534536,566.968,2016_yk_097,Yukon,2016,0.707836208405936,1.04824340437559,0.00220063269801374,559.795339463621,766.379161497421,1166.424,0.707810299334092,313.1776375083724,Fw
542,284.008,0.709109503981768,1.02776496311112,568.016,2016_yk_097,Yukon,2016,0.707846766450593,1.0510873373133,0.00284393293771679,559.795339463621,766.379161497421,1166.424,0.707810299334092,313.1776375083724,Fw
543,284.532,0.70722514495899,1.05943294649267,569.064,2016_yk_097,Yukon,2016,0.707849121642237,1.05372473565448,0.00263739834117338,559.795339463621,766.379161497421,1166.424,0.707810299334092,313.1776375083724,Fw
544,285.056,0.706745824475148,1.04198961521264,570.112,2016_yk_097,Yukon,2016,0.707872389004961,1.05685973847061,0.00313500281613455,559.795339463621,766.379161497421,1166.424,0.707810299334092,313.1776375083724,Fw
545,285.58,0.706349863918069,1.03330452885095,571.16,2016_yk_097,Yukon,2016,0.70786904902019,1.05930445070577,0.00244471223516185,559.795339463621,766.379161497421,1166.424,0.707810299334092,313.1776375083724,Fw
546,286.104,0.707750238192082,1.02498953876144,572.208,2016_yk_097,Yukon,2016,0.707864590408753,1.06159679672742,0.00229234602165018,559.795339463621,766.379161497421,1166.424,0.707810299334092,313.1776375083724,Fw
547,286.628,0.708754389461567,1.06480692505831,573.256,2016_yk_097,Yukon,2016,0.707845922124814,1.06384133109684,0.00224453436941618,559.795339463621,766.379161497421,1166.424,0.707810299334092,313.1776375083724,Fw
548,287.152,0.70869661086969,1.05695216134557,574.304,2016_yk_097,Yukon,2016,0.707840798296336,1.06613718748037,0.00229585638352892,559.795339463621,766.379161497421,1166.424,0.707810299334092,313.1776375083724,Fw
549,287.676,0.708145975123442,1.06615553150899,575.352,2016_yk_097,Yukon,2016,0.707859605654853,1.06859575208138,0.0024585646010149,559.795339463621,766.379161497421,1166.424,0.707810299334092,313.1776375083724,Fw
550,288.2,0.707148727618766,1.0435575377732,576.4,2016_yk_097,Yukon,2016,0.707855858853299,1.07105510286791,0.00245935078652937,559.795339463621,766.379161497421,1166.424,0.707810299334092,313.1776375083724,Fw
551,288.724,0.708395232158121,1.06950353257401,577.448,2016_yk_097,Yukon,2016,0.707839600182719,1.07452720948766,0.00347210661974517,559.795339463621,766.379161497421,1166.424,0.707810299334092,313.1776375083724,Fw
552,289.248,0.70809818343108,1.06031120945835,578.496,2016_yk_097,Yukon,2016,0.707809931492573,1.07793307942448,0.00340586993682024,559.795339463621,766.379161497421,1166.424,0.707810299334092,313.1776375083724,Fw
553,289.772,0.70769197830986,1.06684102309838,579.544,2016_yk_097,Yukon,2016,0.707822388697765,1.08125562531507,0.003322545890589,559.795339463621,766.379161497421,1166.424,0.707810299334092,313.1776375083724,Fw
554,290.296,0.708249647874413,1.07634074612875,580.592,2016_yk_097,Yukon,2016,0.707839215568817,1.0839042941425,0.00264866882743053,559.795339463621,766.379161497421,1166.424,0.707810299334092,313.1776375083724,Fw
555,290.82,0.70743032612858,1.08091808443255,581.64,2016_yk_097,Yukon,2016,0.707831586535661,1.08624569436082,0.00234140021832752,559.795339463621,766.379161497421,1166.424,0.707810299334092,313.1776375083724,Fw
556,291.344,0.707840519445494,1.07064204682139,582.688,2016_yk_097,Yukon,2016,0.707833450036605,1.08868610485428,0.00244041049345656,559.795339463621,766.379161497421,1166.424,0.707810299334092,313.1776375083724,Fw
557,291.868,0.707302963056176,1.06323057490556,583.736,2016_yk_097,Yukon,2016,0.707835497163593,1.09108412934935,0.00239802449506965,559.795339463621,766.379161497421,1166.424,0.707810299334092,313.1776375083724,Fw
558,292.392,0.708123355712171,1.10896827079191,584.784,2016_yk_097,Yukon,2016,0.707830298908395,1.09287294074352,0.00178881139417153,559.795339463621,766.379161497421,1166.424,0.707810299334092,313.1776375083724,Fw
559,292.916,0.708710352514534,1.12308839872002,585.832,2016_yk_097,Yukon,2016,0.707847635669125,1.09512718844896,0.00225424770543592,559.795339463621,766.379161497421,1166.424,0.707810299334092,313.1776375083724,Fw
560,293.44,0.707396270077231,1.09056490897465,586.88,2016_yk_097,Yukon,2016,0.707844308235839,1.09730324492066,0.00217605647170305,559.795339463621,766.379161497421,1166.424,0.707810299334092,313.1776375083724,Fw
561,293.964,0.708047577844823,1.09852545496771,587.928,2016_yk_097,Yukon,2016,0.707861739022974,1.09865871631123,0.00135547139056724,559.795339463621,766.379161497421,1166.424,0.707810299334092,313.1776375083724,Fw
562,294.488,0.708494243445614,1.1234777184444,588.976,2016_yk_097,Yukon,2016,0.70787259059229,1.1001604331752,0.00150171686396816,559.795339463621,766.379161497421,1166.424,0.707810299334092,313.1776375083724,Fw
563,295.012,0.70817891709726,1.1150252698454,590.024,2016_yk_097,Yukon,2016,0.707885580574166,1.10212336554579,0.0019629323705963,559.795339463621,766.379161497421,1166.424,0.707810299334092,313.1776375083724,Fw
564,295.536,0.708229482247467,1.10320646885232,591.072,2016_yk_097,Yukon,2016,0.707888359162511,1.10397256369759,0.00184919815180096,559.795339463621,766.379161497421,1166.424,0.707810299334092,313.1776375083724,Fw
565,296.06,0.707335470608189,1.11311015253142,592.12,2016_yk_097,Yukon,2016,0.707881862347069,1.10567294791762,0.0017003842200225,559.795339463621,766.379161497421,1166.424,0.707810299334092,313.1776375083724,Fw
566,296.584,0.707731820861406,1.17145829401247,593.168,2016_yk_097,Yukon,2016,0.707867717671395,1.10759019763123,0.00191724971360996,559.795339463621,766.379161497421,1166.424,0.707810299334092,313.1776375083724,Fw
567,297.108,0.708776784655311,1.14232570023569,594.216,2016_yk_097,Yukon,2016,0.707898104031372,1.10978194053547,0.00219174290424595,559.795339463621,766.379161497421,1166.424,0.707810299334092,313.1776375083724,Fw
568,297.632,0.707561407007133,1.11307502998779,595.264,2016_yk_097,Yukon,2016,0.707878780515491,1.11162107747763,0.00183913694215621,559.795339463621,766.379161497421,1166.424,0.707810299334092,313.1776375083724,Fw
569,298.156,0.708588054280917,1.12320777974821,596.312,2016_yk_097,Yukon,2016,0.707873686961439,1.11265636183135,0.00103528435372024,559.795339463621,766.379161497421,1166.424,0.707810299334092,313.1776375083724,Fw
570,298.68,0.707634013269128,1.16357902457285,597.36,2016_yk_097,Yukon,2016,0.707883301951693,1.11417926443268,0.00152290260133214,559.795339463621,766.379161497421,1166.424,0.707810299334092,313.1776375083724,Fw
571,299.204,0.707121494388368,1.12338019398027,598.408,2016_yk_097,Yukon,2016,0.707889915315848,1.11600633847307,0.00182707404039029,559.795339463621,766.379161497421,1166.424,0.707810299334092,313.1776375083724,Fw
572,299.728,0.70808572593366,1.16090201480091,599.456,2016_yk_097,Yukon,2016,0.707885645722426,1.11736451442576,0.00135817595269372,559.795339463621,766.379161497421,1166.424,0.707810299334092,313.1776375083724,Fw
573,300.252,0.707408023839104,1.17389116069007,600.504,2016_yk_097,Yukon,2016,0.707903700895913,1.11777336018525,4.0884575948529e-4,559.795339463621,766.379161497421,1166.424,0.707810299334092,313.1776375083724,Fw
574,300.776,0.708607091026775,1.18234813761967,601.552,2016_yk_097,Yukon,2016,0.707928266823971,1.11881357784603,0.00104021766078022,559.795339463621,766.379161497421,1166.424,0.707810299334092,313.1776375083724,Fw
575,301.3,0.708245038635549,1.12175951312342,602.6,2016_yk_097,Yukon,2016,0.707954005032952,1.11922128298634,4.0770514031396e-4,559.795339463621,766.379161497421,1166.424,0.707810299334092,313.1776375083724,Fw
576,301.824,0.707694567643828,1.12112302968655,603.648,2016_yk_097,Yukon,2016,0.70795704493702,1.11909350325878,-1.2777972755939e-4,559.795339463621,766.379161497421,1166.424,0.707810299334092,313.1776375083724,Fw
577,302.348,0.707456286993943,1.14541134463484,604.696,2016_yk_097,Yukon,2016,0.70793703730549,1.11817918582937,-9.1431742940928e-4,559.795339463621,766.379161497421,1166.424,0.707810299334092,313.1776375083724,Fw
578,302.872,0.707374682375817,1.14389629915477,605.744,2016_yk_097,Yukon,2016,0.707905066188092,1.11839968954857,2.2050371919157e-4,559.795339463621,766.379161497421,1166.424,0.707810299334092,313.1776375083724,Fw
579,303.396,0.709042372091475,1.1400869330919,606.792,2016_yk_097,Yukon,2016,0.707914487714455,1.11828671410348,-1.129754450897e-4,559.795339463621,766.379161497421,1166.424,0.707810299334092,313.1776375083724,Fw
580,303.92,0.707410863058366,1.14403596759711,607.84,2016_yk_097,Yukon,2016,0.707904299671133,1.1182152981652,-7.14159382768642e-5,559.795339463621,766.379161497421,1166.424,0.707810299334092,313.1776375083724,Fw
581,304.444,0.707857721130939,1.20526923935724,608.888,2016_yk_097,Yukon,2016,0.707880721715364,1.11797367799656,-2.4162016863993e-4,559.795339463621,766.379161497421,1166.424,0.707810299334092,313.1776375083724,Fw
582,304.968,0.706519829885679,1.18907135132869,609.936,2016_yk_097,Yukon,2016,0.707885634458449,1.11796538609087,-8.29190569096028e-6,559.795339463621,766.379161497421,1166.424,0.707810299334092,313.1776375083724,Fw
583,305.492,0.70827434431274,1.17928425683779,610.984,2016_yk_097,Yukon,2016,0.707896354709444,1.11748745572374,-4.7793036713383e-4,559.795339463621,766.379161497421,1166.424,0.707810299334092,313.1776375083724,Fw
584,306.016,0.707227352050478,1.15102515083255,612.032,2016_yk_097,Yukon,2016,0.70788291251225,1.11666411231347,-8.2334341026113e-4,559.795339463621,766.379161497421,1166.424,0.707810299334092,313.1776375083724,Fw
585,306.54,0.707071845414744,1.16665017013286,613.08,2016_yk_097,Yukon,2016,0.707891381598138,1.11671825150905,5.41391955746207e-5,559.795339463621,766.379161497421,1166.424,0.707810299334092,313.1776375083724,Fw
586,307.064,0.707647842189834,1.14655678624283,614.128,2016_yk_097,Yukon,2016,0.707877004358119,1.11766845792382,9.5020641477439e-4,559.795339463621,766.379161497421,1166.424,0.707810299334092,313.1776375083724,Fw
587,307.588,0.708900587663214,1.11662364690984,615.176,2016_yk_097,Yukon,2016,0.707876201387448,1.11853657742349,8.6811949966958e-4,559.795339463621,766.379161497421,1166.424,0.707810299334092,313.1776375083724,Fw
588,308.112,0.707520808942806,1.11972975110542,616.224,2016_yk_097,Yukon,2016,0.707883337277996,1.11891624130125,3.7966387775423e-4,559.795339463621,766.379161497421,1166.424,0.707810299334092,313.1776375083724,Fw
589,308.636,0.708700548296815,1.15332288174747,617.272,2016_yk_097,Yukon,2016,0.707871298494376,1.11921532179667,2.9908049542282e-4,559.795339463621,766.379161497421,1166.424,0.707810299334092,313.1776375083724,Fw
590,309.16,0.707131792130224,1.1355673526811,618.32,2016_yk_097,Yukon,2016,0.707857002843129,1.1192476366129,3.2314816226453e-5,559.795339463621,766.379161497421,1166.424,0.707810299334092,313.1776375083724,Fw
591,309.684,0.708240066222232,1.09493350755513,619.368,2016_yk_097,Yukon,2016,0.707847153160764,1.11853381674205,-7.1381987085095e-4,559.795339463621,766.379161497421,1166.424,0.707810299334092,313.1776375083724,Fw
592,310.208,0.708387529077321,1.12530919787262,620.416,2016_yk_097,Yukon,2016,0.707840144774048,1.11765163027918,-8.8218646286208e-4,559.795339463621,766.379161497421,1166.424,0.707810299334092,313.1776375083724,Fw
593,310.732,0.708602075210401,1.14803211653122,621.464,2016_yk_097,Yukon,2016,0.707829647749898,1.11708574917603,-5.6588110315614e-4,559.795339463621,766.379161497421,1166.424,0.707810299334092,313.1776375083724,Fw
594,311.256,0.708004445388386,1.1241657547151,622.512,2016_yk_097,Yukon,2016,0.707842038527747,1.11551158994757,-0.00157415922846105,559.795339463621,766.379161497421,1166.424,0.707810299334092,313.1776375083724,Fw
595,311.78,0.707906233390713,1.12303946256004,623.56,2016_yk_097,Yukon,2016,0.707840975015338,1.11366977276052,-0.00184181718704157,559.795339463621,766.379161497421,1166.424,0.707810299334092,313.1776375083724,Fw
596,312.304,0.707357529085667,1.17713409163927,624.608,2016_yk_097,Yukon,2016,0.707826470060044,1.1111951181953,-0.00247465456522922,559.795339463621,766.379161497421,1166.424,0.707810299334092,313.1776375083724,Fw
597,312.828,0.70838042415462,1.17483306965468,625.656,2016_yk_097,Yukon,2016,0.70780909369361,1.10976245966482,-0.00143265853047336,559.795339463621,766.379161497421,1166.424,0.707810299334092,313.1776375083724,Fw
598,313.352,0.70751113573021,1.12062597511529,626.704,2016_yk_097,Yukon,2016,0.707821974567159,1.10846021542292,-0.00130224424189773,559.795339463621,766.379161497421,1166.424,0.707810299334092,313.1776375083724,Fw
599,313.876,0.707727714801587,1.07609692602445,627.752,2016_yk_097,Yukon,2016,0.707812109078104,1.10692631241709,-0.00153390300583633,559.795339463621,766.379161497421,1166.424,0.707810299334092,313.1776375083724,Fw
600,314.4,0.708183581904931,1.13816320017361,628.8,2016_yk_097,Yukon,2016,0.707813648853885,1.10520145683263,-0.00172485558445956,559.795339463621,766.379161497421,1166.424,0.707810299334092,313.1776375083724,Fw
601,314.924,0.70805248735599,1.14175838776877,629.848,2016_yk_097,Yukon,2016,0.707836973147903,1.10388020352065,-0.0013212533119793,559.795339463621,766.379161497421,1166.424,0.707810299334092,313.1776375083724,Fw
602,315.448,0.708853328376454,1.10925552027276,630.896,2016_yk_097,Yukon,2016,0.707831805191159,1.10180190815828,-0.00207829536236837,559.795339463621,766.379161497421,1166.424,0.707810299334092,313.1776375083724,Fw
603,315.972,0.708308455368216,1.08396369206177,631.944,2016_yk_097,Yukon,2016,0.707826672377046,1.09926070307569,-0.00254120508259126,559.795339463621,766.379161497421,1166.424,0.707810299334092,313.1776375083724,Fw
604,316.496,0.708219780158646,1.10440267485945,632.992,2016_yk_097,Yukon,2016,0.707824194835355,1.09671392599866,-0.00254677707702933,559.795339463621,766.379161497421,1166.424,0.707810299334092,313.1776375083724,Fw
605,317.02,0.707894156456893,1.05776683726978,634.04,2016_yk_097,Yukon,2016,0.707820800456604,1.09475166573018,-0.00196226026848079,559.795339463621,766.379161497421,1166.424,0.707810299334092,313.1776375083724,Fw
606,317.544,0.707932632436164,1.01732275510788,635.088,2016_yk_097,Yukon,2016,0.707825642324758,1.0922328893065,-0.00251877642367737,559.795339463621,766.379161497421,1166.424,0.707810299334092,313.1776375083724,Fw
607,318.068,0.707553931569745,1.00994787929375,636.136,2016_yk_097,Yukon,2016,0.707823670667783,1.08885152657272,-0.00338136273378509,559.795339463621,766.379161497421,1166.424,0.707810299334092,313.1776375083724,Fw
608,318.592,0.706778343825841,1.07018238449707,637.184,2016_yk_097,Yukon,2016,0.707850670480933,1.08639494205721,-0.00245658451550512,559.795339463621,766.379161497421,1166.424,0.707810299334092,313.1776375083724,Fw
609,319.116,0.708711266705235,1.05937700480361,638.232,2016_yk_097,Yukon,2016,0.707813785207205,1.08378553910694,-0.00260940295027101,559.795339463621,766.379161497421,1166.424,0.707810299334092,313.1776375083724,Fw
610,319.64,0.706537445019411,1.03927258147658,639.28,2016_yk_097,Yukon,2016,0.707817873634733,1.08065058950618,-0.003134949600756,559.795339463621,766.379161497421,1166.424,0.707810299334092,313.1776375083724,Fw
611,320.164,0.706980554812002,1.05500632245561,640.328,2016_yk_097,Yukon,2016,0.707817303070469,1.07680685166444,-0.00384373784174441,559.795339463621,766.379161497421,1166.424,0.707810299334092,313.1776375083724,Fw
612,320.688,0.708392948016149,1.05981369511689,641.376,2016_yk_097,Yukon,2016,0.707839525054787,1.07358064407024,-0.00322620759420422,559.795339463621,766.379161497421,1166.424,0.707810299334092,313.1776375083724,Fw
613,321.212,0.708335193369596,1.03816520107035,642.424,2016_yk_097,Yukon,2016,0.707826398991492,1.0696676560244,-0.00391298804583995,559.795339463621,766.379161497421,1166.424,0.707810299334092,313.1776375083724,Fw
614,321.736,0.707443116042783,1.02694014151309,643.472,2016_yk_097,Yukon,2016,0.707829156012694,1.06619154759008,-0.00347610843431556,559.795339463621,766.379161497421,1166.424,0.707810299334092,313.1776375083724,Fw
615,322.26,0.707938471281832,1.08416643616702,644.52,2016_yk_097,Yukon,2016,0.707827965090158,1.06261855447304,-0.00357299311704362,559.795339463621,766.379161497421,1166.424,0.707810299334092,313.1776375083724,Fw
616,322.784,0.706977885044348,1.12765443170785,645.568,2016_yk_097,Yukon,2016,0.707833569552673,1.059107042444,-0.00351151202903766,559.795339463621,766.379161497421,1166.424,0.707810299334092,313.1776375083724,Fw
617,323.308,0.7072547848159,1.11531774488574,646.616,2016_yk_097,Yukon,2016,0.707811194235951,1.05558365191433,-0.00352339052966544,559.795339463621,766.379161497421,1166.424,0.707810299334092,313.1776375083724,Fw
618,323.832,0.708551509145086,1.13174810345716,647.664,2016_yk_097,Yukon,2016,0.707818605591668,1.05254967786345,-0.00303397405087957,559.795339463621,766.379161497421,1166.424,0.707810299334092,313.1776375083724,Fw
619,324.356,0.707988025497308,1.14103322844539,648.712,2016_yk_097,Yukon,2016,0.707794583049522,1.04880576178004,-0.00374391608341251,559.795339463621,766.379161497421,1166.424,0.707810299334092,313.1776375083724,Fw
620,324.88,0.706538531002404,1.09250379794823,649.76,2016_yk_097,Yukon,2016,0.707788393814649,1.04475070229908,-0.00405505948096185,559.795339463621,766.379161497421,1166.424,0.707810299334092,313.1776375083724,Fw
621,325.404,0.707456596902916,1.05569626271665,650.808,2016_yk_097,Yukon,2016,0.707795875843501,1.0415921802268,-0.00315852207227696,559.795339463621,766.379161497421,1166.424,0.707810299334092,313.1776375083724,Fw
622,325.928,0.708073740242697,1.07054653067267,651.856,2016_yk_097,Yukon,2016,0.707809707906459,1.03824763805568,-0.0033445421711209,559.795339463621,766.379161497421,1166.424,0.707810299334092,313.1776375083724,Fw
623,326.452,0.707549095648247,1.08107240365603,652.904,2016_yk_097,Yukon,2016,0.707809325954282,1.03508183817457,-0.0031657998811081,559.795339463621,766.379161497421,1166.424,0.707810299334092,313.1776375083724,Fw
624,326.976,0.708972928918384,1.00875691514465,653.952,2016_yk_097,Yukon,2016,0.707806861020797,1.03129855670126,-0.00378328147331053,559.795339463621,766.379161497421,1166.424,0.707810299334092,313.1776375083724,Fw
625,327.5,0.707271659863681,1.00260112130892,655,2016_yk_097,Yukon,2016,0.70779582658558,1.02757776300064,-0.00372079370062806,559.795339463621,766.379161497421,1166.424,0.707810299334092,313.1776375083724,Fw
626,328.024,0.706861523543732,1.02297902009872,656.048,2016_yk_097,Yukon,2016,0.70780700384624,1.02345732524234,-0.00412043775829996,559.795339463621,766.379161497421,1166.424,0.707810299334092,313.1776375083724,Fw
627,328.548,0.707734202669296,1.05636618840728,657.096,2016_yk_097,Yukon,2016,0.707792781120811,1.01898568893984,-0.00447163630249081,559.795339463621,766.379161497421,1166.424,0.707810299334092,313.1776375083724,Fw
628,329.072,0.708334259420042,1.03494037547394,658.144,2016_yk_097,Yukon,2016,0.707824522397641,1.0151610669248,-0.00382462201504841,559.795339463621,766.379161497421,1166.424,0.707810299334092,313.1776375083724,Fw
629,329.596,0.707996124937651,1.03117359939802,659.192,2016_yk_097,Yukon,2016,0.707815121968733,1.01276009196978,-0.00240097495501734,559.795339463621,766.379161497421,1166.424,0.707810299334092,313.1776375083724,Fw
630,330.12,0.707726399815979,1.06008768950528,660.24,2016_yk_097,Yukon,2016,0.707804976958406,1.00921417595174,-0.00354591601803911,559.795339463621,766.379161497421,1166.424,0.707810299334092,313.1776375083724,Fw
631,330.644,0.708520952029428,1.04410499526152,661.288,2016_yk_097,Yukon,2016,0.707797500980405,1.00512629212956,-0.00408788382217473,559.795339463621,766.379161497421,1166.424,0.707810299334092,313.1776375083724,Fw
632,331.168,0.707775648529046,1.03620429305881,662.336,2016_yk_097,Yukon,2016,0.707779375329976,1.0012308666328,-0.00389542549676092,559.795339463621,766.379161497421,1166.424,0.707810299334092,313.1776375083724,Fw
633,331.692,0.707100054992296,1.02141885573459,663.384,2016_yk_097,Yukon,2016,0.707754862442773,0.998531363667764,-0.00269950296503951,559.795339463621,766.379161497421,1166.424,0.707810299334092,313.1776375083724,Fw
634,332.216,0.708458438525361,1.02954151299791,664.432,2016_yk_097,Yukon,2016,0.707753590886534,0.995863268662959,-0.00266809500480569,559.795339463621,766.379161497421,1166.424,0.707810299334092,313.1776375083724,Fw
635,332.74,0.70804137591049,1.00402389701458,665.48,2016_yk_097,Yukon,2016,0.707758957745801,0.993995102123735,-0.00186816653922317,559.795339463621,766.379161497421,1166.424,0.707810299334092,313.1776375083724,Fw
636,333.264,0.707985079733061,0.969996444265909,666.528,2016_yk_097,Yukon,2016,0.707759644963979,0.992711181262358,-0.00128392086137719,559.795339463621,766.379161497421,1166.424,0.707810299334092,313.1776375083724,Fw
637,333.788,0.707337987575438,0.94252958060773,667.576,2016_yk_097,Yukon,2016,0.707760284078114,0.991853617033717,-8.5756422864158e-4,559.795339463621,766.379161497421,1166.424,0.707810299334092,313.1776375083724,Fw
638,334.312,0.708994671164807,0.996501228224466,668.624,2016_yk_097,Yukon,2016,0.707786136649683,0.990700817342395,-0.0011527996913212,559.795339463621,766.379161497421,1166.424,0.707810299334092,313.1776375083724,Fw
639,334.836,0.706829255667772,0.983522756075627,669.672,2016_yk_097,Yukon,2016,0.707779416525031,0.988453751337305,-0.00224706600509084,559.795339463621,766.379161497421,1166.424,0.707810299334092,313.1776375083724,Fw
640,335.36,0.707656168710076,0.95593899155175,670.72,2016_yk_097,Yukon,2016,0.707790341116514,0.986633277794445,-0.00182047354285975,559.795339463621,766.379161497421,1166.424,0.707810299334092,313.1776375083724,Fw
641,335.884,0.70782348727506,0.97464496885258,671.768,2016_yk_097,Yukon,2016,0.707823144054338,0.985180582152447,-0.00145269564199746,559.795339463621,766.379161497421,1166.424,0.707810299334092,313.1776375083724,Fw
642,336.408,0.70785314894477,0.995498895676434,672.816,2016_yk_097,Yukon,2016,0.707812491025686,0.98364515081789,-0.00153543133455791,559.795339463621,766.379161497421,1166.424,0.707810299334092,313.1776375083724,Fw
643,336.932,0.707486780515027,0.944504974087394,673.864,2016_yk_097,Yukon,2016,0.70779459659785,0.981351789068767,-0.00229336174912298,559.795339463621,766.379161497421,1166.424,0.707810299334092,313.1776375083724,Fw
644,337.456,0.707392773322608,0.942458644773615,674.912,2016_yk_097,Yukon,2016,0.70780292359864,0.980105620364771,-0.0012461687039953,559.795339463621,766.379161497421,1166.424,0.707810299334092,313.1776375083724,Fw
645,337.98,0.707000390062596,0.952270583110237,675.96,2016_yk_097,Yukon,2016,0.707787419430355,0.978528655342076,-0.00157696502269533,559.795339463621,766.379161497421,1166.424,0.707810299334092,313.1776375083724,Fw
646,338.504,0.707984109940732,0.935866064500583,677.008,2016_yk_097,Yukon,2016,0.70780177395711,0.976068204720608,-0.00246045062146782,559.795339463621,766.379161497421,1166.424,0.707810299334092,313.1776375083724,Fw
647,339.028,0.707558068659894,0.905220215129904,678.056,2016_yk_097,Yukon,2016,0.707813355856881,0.972799059951628,-0.00326914476898021,559.795339463621,766.379161497421,1166.424,0.707810299334092,313.1776375083724,Fw
648,339.552,0.707965490285824,0.937691308052638,679.104,2016_yk_097,Yukon,2016,0.707818936838457,0.96982452320265,-0.00297453674897841,559.795339463621,766.379161497421,1166.424,0.707810299334092,313.1776375083724,Fw
649,340.076,0.707259195768084,0.92868791674273,680.152,2016_yk_097,Yukon,2016,0.707811554844982,0.967230007340464,-0.00259451586218495,559.795339463621,766.379161497421,1166.424,0.707810299334092,313.1776375083724,Fw
650,340.6,0.706760438037795,0.892263783823386,681.2,2016_yk_097,Yukon,2016,0.707835353376801,0.965639535609544,-0.00159047173092064,559.795339463621,766.379161497421,1166.424,0.707810299334092,313.1776375083724,Fw
651,341.124,0.708688987953378,0.905422183218518,682.248,2016_yk_097,Yukon,2016,0.707832950498089,0.963853403739913,-0.00178613186963117,559.795339463621,766.379161497421,1166.424,0.707810299334092,313.1776375083724,Fw
652,341.648,0.709217452854815,0.92463666760536,683.296,2016_yk_097,Yukon,2016,0.707820358717766,0.962807668196435,-0.00104573554347753,559.795339463621,766.379161497421,1166.424,0.707810299334092,313.1776375083724,Fw
653,342.172,0.708579158079771,0.958084123664738,684.344,2016_yk_097,Yukon,2016,0.707834150758698,0.96183983368158,-9.6783451485527e-4,559.795339463621,766.379161497421,1166.424,0.707810299334092,313.1776375083724,Fw
654,342.696,0.707856549379299,0.897168866316457,685.392,2016_yk_097,Yukon,2016,0.707803289288279,0.96181019978789,-2.96338936897067e-5,559.795339463621,766.379161497421,1166.424,0.707810299334092,313.1776375083724,Fw
655,343.22,0.707244167277671,0.899791840522361,686.44,2016_yk_097,Yukon,2016,0.707793345804574,0.961710134768492,-1.0006501939863e-4,559.795339463621,766.379161497421,1166.424,0.707810299334092,313.1776375083724,Fw
656,343.744,0.708028164725274,0.929907826141264,687.488,2016_yk_097,Yukon,2016,0.707801736011332,0.96149048938345,-2.1964538504148e-4,559.795339463621,766.379161497421,1166.424,0.707810299334092,313.1776375083724,Fw
657,344.268,0.707527060628882,0.906534891505244,688.536,2016_yk_097,Yukon,2016,0.707822845801365,0.960675993180507,-8.144962029426e-4,559.795339463621,766.379161497421,1166.424,0.707810299334092,313.1776375083724,Fw
658,344.792,0.709415612340014,0.891148654212384,689.584,2016_yk_097,Yukon,2016,0.70781129677766,0.959771264890504,-9.0472829000298e-4,559.795339463621,766.379161497421,1166.424,0.707810299334092,313.1776375083724,Fw
659,345.316,0.707163689067113,0.932038428723408,690.632,2016_yk_097,Yukon,2016,0.707792742195764,0.959135633804676,-6.356310858282e-4,559.795339463621,766.379161497421,1166.424,0.707810299334092,313.1776375083724,Fw
660,345.84,0.707574881285321,0.925408239091258,691.68,2016_yk_097,Yukon,2016,0.707799420363434,0.958717820465889,-4.1781333878721e-4,559.795339463621,766.379161497421,1166.424,0.707810299334092,313.1776375083724,Fw
661,346.364,0.707603928675901,0.896485358438292,692.728,2016_yk_097,Yukon,2016,0.70780011942396,0.958664595856629,-5.32246092601607e-5,559.795339463621,766.379161497421,1166.424,0.707810299334092,313.1776375083724,Fw
662,346.888,0.707765789350726,0.875529990467105,693.776,2016_yk_097,Yukon,2016,0.707801296696462,0.95806776593148,-5.9682992514931e-4,559.795339463621,766.379161497421,1166.424,0.707810299334092,313.1776375083724,Fw
663,347.412,0.706837682136023,0.9219935141594,694.824,2016_yk_097,Yukon,2016,0.707822575328696,0.958650402969925,5.8263703844563e-4,559.795339463621,766.379161497421,1166.424,0.707810299334092,313.1776375083724,Fw
664,347.936,0.70814348678431,0.944316974571105,695.872,2016_yk_097,Yukon,2016,0.707817212380653,0.959314220533606,6.6381756368105e-4,559.795339463621,766.379161497421,1166.424,0.707810299334092,313.1776375083724,Fw
665,348.46,0.708216168012929,0.945676844916392,696.92,2016_yk_097,Yukon,2016,0.707829362717631,0.960180561147725,8.6634061411849e-4,559.795339463621,766.379161497421,1166.424,0.707810299334092,313.1776375083724,Fw
666,348.984,0.70797386552681,0.940287503425257,697.968,2016_yk_097,Yukon,2016,0.707841805204717,0.961088369366743,9.0780821901825e-4,559.795339463621,766.379161497421,1166.424,0.707810299334092,313.1776375083724,Fw
667,349.508,0.70759227841789,0.958494025575257,699.016,2016_yk_097,Yukon,2016,0.707824627534826,0.963096603594376,0.00200823422763341,559.795339463621,766.379161497421,1166.424,0.707810299334092,313.1776375083724,Fw
668,350.032,0.708329498119984,1.0010144030178,700.064,2016_yk_097,Yukon,2016,0.707803708954866,0.964120213084015,0.00102360948963887,559.795339463621,766.379161497421,1166.424,0.707810299334092,313.1776375083724,Fw
669,350.556,0.70830805922607,0.924553044498157,701.112,2016_yk_097,Yukon,2016,0.707814497409288,0.964775181518675,6.5496843465962e-4,559.795339463621,766.379161497421,1166.424,0.707810299334092,313.1776375083724,Fw
670,351.08,0.707192920508407,0.930044168905004,702.16,2016_yk_097,Yukon,2016,0.707831910824348,0.965383613265098,6.0843174642299e-4,559.795339463621,766.379161497421,1166.424,0.707810299334092,313.1776375083724,Fw
671,351.604,0.708948731081446,0.967844583935768,703.208,2016_yk_097,Yukon,2016,0.707829803376845,0.96661944936769,0.00123583610259226,559.795339463621,766.379161497421,1166.424,0.707810299334092,313.1776375083724,Fw
672,352.128,0.707753766297043,0.967687815043415,704.256,2016_yk_097,Yukon,2016,0.707827841184838,0.96850015990968,0.00188071054199002,559.795339463621,766.379161497421,1166.424,0.707810299334092,313.1776375083724,Fw
673,352.652,0.707261527699399,0.90056349612297,705.304,2016_yk_097,Yukon,2016,0.707825022181309,0.971310985657998,0.0028108257483177,559.795339463621,766.379161497421,1166.424,0.707810299334092,313.1776375083724,Fw
674,353.176,0.70794273609024,0.952170019273378,706.352,2016_yk_097,Yukon,2016,0.707831899176835,0.973578529667283,0.00226754400928553,559.795339463621,766.379161497421,1166.424,0.707810299334092,313.1776375083724,Fw
675,353.7,0.707008221184695,0.989548534805299,707.4,2016_yk_097,Yukon,2016,0.707853779960347,0.975648616830105,0.0020700871628212,559.795339463621,766.379161497421,1166.424,0.707810299334092,313.1776375083724,Fw
676,354.224,0.707839156649644,0.980027394419782,708.448,2016_yk_097,Yukon,2016,0.707855131768814,0.978675008397409,0.00302639156730411,559.795339463621,766.379161497421,1166.424,0.707810299334092,313.1776375083724,Fw
677,354.748,0.707949698802196,0.91916905874693,709.496,2016_yk_097,Yukon,2016,0.707853373104227,0.98144002440849,0.00276501601108103,559.795339463621,766.379161497421,1166.424,0.707810299334092,313.1776375083724,Fw
678,355.272,0.708886368039645,0.95327589851845,710.544,2016_yk_097,Yukon,2016,0.707859888645618,0.983404107015821,0.00196408260733127,559.795339463621,766.379161497421,1166.424,0.707810299334092,313.1776375083724,Fw
679,355.796,0.70754510588878206,0.9853622767143,711.592,2016_yk_097,Yukon,2016,0.7078630943349,0.986064430248652,0.00266032323283127,559.795339463621,766.379161497421,1166.424,0.707810299334092,313.1776375083724,Fw
680,356.32,0.707966442911519,0.997075494092999,712.64,2016_yk_097,Yukon,2016,0.707882558465904,0.989981289011371,0.00391685876271852,559.795339463621,766.379161497421,1166.424,0.707810299334092,313.1776375083724,Fw
681,356.844,0.707312424180229,0.948528350538782,713.688,2016_yk_097,Yukon,2016,0.707871660778002,0.993409496046927,0.0034282070355558,559.795339463621,766.379161497421,1166.424,0.707810299334092,313.1776375083724,Fw
682,357.368,0.707318233423297,1.00780239806402,714.736,2016_yk_097,Yukon,2016,0.707850817381081,0.995870053766389,0.00246055771946219,559.795339463621,766.379161497421,1166.424,0.707810299334092,313.1776375083724,Fw
683,357.892,0.708376618104162,1.02300233276471,715.784,2016_yk_097,Yukon,2016,0.707840713420579,0.998407598580514,0.00253754481412483,559.795339463621,766.379161497421,1166.424,0.707810299334092,313.1776375083724,Fw
684,358.416,0.70712124069327,1.00697888152327,716.832,2016_yk_097,Yukon,2016,0.707838089740997,1.00195673779094,0.00354913921043032,559.795339463621,766.379161497421,1166.424,0.707810299334092,313.1776375083724,Fw
685,358.94,0.706675050841355,0.996597220145007,717.88,2016_yk_097,Yukon,2016,0.707848202727907,1.00478671718366,0.00282997939272023,559.795339463621,766.379161497421,1166.424,0.707810299334092,313.1776375083724,Fw
686,359.464,0.70736493594921,1.00980029699622,718.928,2016_yk_097,Yukon,2016,0.707835748962391,1.00712202068154,0.00233530349787614,559.795339463621,766.379161497421,1166.424,0.707810299334092,313.1776375083724,Fw
687,359.988,0.709000790071294,1.00749641623073,719.976,2016_yk_097,Yukon,2016,0.707811666477565,1.01016406245051,0.00304204176896739,559.795339463621,766.379161497421,1166.424,0.707810299334092,313.1776375083724,Fw
688,360.512,0.707641317997746,0.980656678073754,721.024,2016_yk_097,Yukon,2016,0.707764009175668,1.01347405849632,0.0033099960458125,559.795339463621,766.379161497421,1166.424,0.707810299334092,313.1776375083724,Fw
689,361.036,0.706882850023916,0.99303573424832,722.072,2016_yk_097,Yukon,2016,0.70779134562737,1.01533778698832,0.0018637284920024501,559.795339463621,766.379161497421,1166.424,0.707810299334092,313.1776375083724,Fw
690,361.56,0.70812708987613,1.03501888917805,723.12,2016_yk_097,Yukon,2016,0.707786365632832,1.01736054727925,0.00202276029092574,559.795339463621,766.379161497421,1166.424,0.707810299334092,313.1776375083724,Fw
691,362.084,0.708562895661002,1.04091151870591,724.168,2016_yk_097,Yukon,2016,0.707795018909973,1.02073946234748,0.00337891506823307,559.795339463621,766.379161497421,1166.424,0.707810299334092,313.1776375083724,Fw
692,362.608,0.707846284879171,1.00039449754985,725.216,2016_yk_097,Yukon,2016,0.707810242072459,1.02383475901276,0.00309529666528352,559.795339463621,766.379161497421,1166.424,0.707810299334092,313.1776375083724,Fw
693,363.132,0.708376772926313,1.05637707804133,726.264,2016_yk_097,Yukon,2016,0.707813675277091,1.02580741070116,0.00197265168839778,559.795339463621,766.379161497421,1166.424,0.707810299334092,313.1776375083724,Fw
694,363.656,0.708136661642801,1.06937056681877,727.312,2016_yk_097,Yukon,2016,0.707809889277314,1.0275352050586,0.00172779435744141,559.795339463621,766.379161497421,1166.424,0.707810299334092,313.1776375083724,Fw
695,364.18,0.708770396129156,1.05600433386168,728.36,2016_yk_097,Yukon,2016,0.707789101920077,1.02949416716775,0.00195896210914115,559.795339463621,766.379161497421,1166.424,0.707810299334092,313.1776375083724,Fw
696,364.704,0.708731628958232,1.02446493740701,729.408,2016_yk_097,Yukon,2016,0.707761855482979,1.03136846349913,0.00187429633138914,559.795339463621,766.379161497421,1166.424,0.707810299334092,313.1776375083724,Fw
697,365.228,0.706307327381976,1.06302363426573,730.456,2016_yk_097,Yukon,2016,0.707763870774173,1.03294633908182,0.00157787558268918,559.795339463621,766.379161497421,1166.424,0.707810299334092,313.1776375083724,Fw
698,365.752,0.707739556367219,1.0579177976028,731.504,2016_yk_097,Yukon,2016,0.707724806168221,1.03363016159964,6.8382251781207e-4,559.795339463621,766.379161497421,1166.424,0.707810299334092,313.1776375083724,Fw
699,366.276,0.707476562933088,1.02282086215521,732.552,2016_yk_097,Yukon,2016,0.707704754906371,1.03602939614497,0.00239923454533786,559.795339463621,766.379161497421,1166.424,0.707810299334092,313.1776375083724,Fw
700,366.8,0.708700973613663,0.992444896337126,733.6,2016_yk_097,Yukon,2016,0.707736717506683,1.03808202764527,0.00205263150029511,559.795339463621,766.379161497421,1166.424,0.707810299334092,313.1776375083724,Fw
701,367.324,0.707697040424878,1.04879513500812,734.648,2016_yk_097,Yukon,2016,0.707717496244217,1.03918492241152,0.00110289476624637,559.795339463621,766.379161497421,1166.424,0.707810299334092,313.1776375083724,Fw
702,367.848,0.707735417424379,1.10834152819583,735.696,2016_yk_097,Yukon,2016,0.70772077417555,1.04083317957899,0.00164825716747763,559.795339463621,766.379161497421,1166.424,0.707810299334092,313.1776375083724,Fw
703,368.372,0.707317640303298,1.11315451898645,736.744,2016_yk_097,Yukon,2016,0.707730112109826,1.04394869152902,0.0031155119500228,559.795339463621,766.379161497421,1166.424,0.707810299334092,313.1776375083724,Fw
704,368.896,0.707805393054138,1.07851128533075,737.792,2016_yk_097,Yukon,2016,0.707728854568211,1.04561546028496,0.00166676875594618,559.795339463621,766.379161497421,1166.424,0.707810299334092,313.1776375083724,Fw
705,369.42,0.708313237073303,1.07647581287951,738.84,2016_yk_097,Yukon,2016,0.707734943907199,1.04660387524342,9.8841495845625e-4,559.795339463621,766.379161497421,1166.424,0.707810299334092,313.1776375083724,Fw
706,369.944,0.708065218448766,1.11744955853883,739.888,2016_yk_097,Yukon,2016,0.707740235455804,1.04790789204674,0.00130401680331982,559.795339463621,766.379161497421,1166.424,0.707810299334092,313.1776375083724,Fw
707,370.468,0.70745254878467,1.07112117579476,740.936,2016_yk_097,Yukon,2016,0.707724391052591,1.05007508653154,0.00216719448479918,559.795339463621,766.379161497421,1166.424,0.707810299334092,313.1776375083724,Fw
708,370.992,0.708356422769288,1.05553626449252,741.984,2016_yk_097,Yukon,2016,0.707717239705244,1.05139324484979,0.00131815831825066,559.795339463621,766.379161497421,1166.424,0.707810299334092,313.1776375083724,Fw
709,371.516,0.707451537125014,1.0883073107126,743.032,2016_yk_097,Yukon,2016,0.70771548035483,1.05179977695187,4.0653210207763e-4,559.795339463621,766.379161497421,1166.424,0.707810299334092,313.1776375083724,Fw
710,372.04,0.707928285898041,1.12727530958649,744.08,2016_yk_097,Yukon,2016,0.707698194233818,1.05274590781479,9.4613086292838e-4,559.795339463621,766.379161497421,1166.424,0.707810299334092,313.1776375083724,Fw
711,372.564,0.708035126679226,1.11111460535187,745.128,2016_yk_097,Yukon,2016,0.707688111124115,1.05429226665836,0.00154635884356447,559.795339463621,766.379161497421,1166.424,0.707810299334092,313.1776375083724,Fw
712,373.088,0.707966849039564,1.07227013077309,746.176,2016_yk_097,Yukon,2016,0.7076827436516,1.05460837999651,3.1611333815195e-4,559.795339463621,766.379161497421,1166.424,0.707810299334092,313.1776375083724,Fw
713,373.612,0.707972920449691,1.11033681251223,747.224,2016_yk_097,Yukon,2016,0.707684247795794,1.05408789937896,-5.2048061754739e-4,559.795339463621,766.379161497421,1166.424,0.707810299334092,313.1776375083724,Fw
714,374.136,0.707699128604381,1.11011721894228,748.272,2016_yk_097,Yukon,2016,0.707695955797201,1.05444527839014,3.5737901117483e-4,559.795339463621,766.379161497421,1166.424,0.707810299334092,313.1776375083724,Fw
715,374.66,0.707850946492271,1.06959060408557,749.32,2016_yk_097,Yukon,2016,0.707707918926502,1.05471278733511,2.6750894496818e-4,559.795339463621,766.379161497421,1166.424,0.707810299334092,313.1776375083724,Fw
716,375.184,0.707280938794271,1.07002603601384,750.368,2016_yk_097,Yukon,2016,0.707707899997853,1.054390896116,-3.2189121910808e-4,559.795339463621,766.379161497421,1166.424,0.707810299334092,313.1776375083724,Fw
717,375.708,0.706082111539329,1.08905739764328,751.416,2016_yk_097,Yukon,2016,0.707694165465924,1.05427601974172,-1.1487637427332e-4,559.795339463621,766.379161497421,1166.424,0.707810299334092,313.1776375083724,Fw
718,376.232,0.706556174226227,1.08974841696113,752.464,2016_yk_097,Yukon,2016,0.707688724959583,1.05497753687843,7.0151713670152e-4,559.795339463621,766.379161497421,1166.424,0.707810299334092,313.1776375083724,Fw
719,376.756,0.708803876169185,1.04386213824356,753.512,2016_yk_097,Yukon,2016,0.7077155817627,1.0551119274069,1.3439052847874e-4,559.795339463621,766.379161497421,1166.424,0.707810299334092,313.1776375083724,Fw
720,377.28,0.707276081613054,1.0467738565468,754.56,2016_yk_097,Yukon,2016,0.707699331935984,1.05403079241484,-0.00108113499206874,559.795339463621,766.379161497421,1166.424,0.707810299334092,313.1776375083724,Fw
721,377.804,0.70812312530436206,1.09922026253228,755.608,2016_yk_097,Yukon,2016,0.707676580991924,1.05339939927587,-6.3139313896831e-4,559.795339463621,766.379161497421,1166.424,0.707810299334092,313.1776375083724,Fw
722,378.328,0.708679179099904,1.06124779038411,756.656,2016_yk_097,Yukon,2016,0.707683025964184,1.05384413727865,4.4473800277788e-4,559.795339463621,766.379161497421,1166.424,0.707810299334092,313.1776375083724,Fw
723,378.852,0.707043674413969,1.04035261546327,757.704,2016_yk_097,Yukon,2016,0.707682169692691,1.052942429135,-9.0170814364221e-4,559.795339463621,766.379161497421,1166.424,0.707810299334092,313.1776375083724,Fw
724,379.376,0.707916326797663,1.04798463601759,758.752,2016_yk_097,Yukon,2016,0.707681668935563,1.05138061420504,-0.00156181492996366,559.795339463621,766.379161497421,1166.424,0.707810299334092,313.1776375083724,Fw
725,379.9,0.706968926578712,1.06321457146486,759.8,2016_yk_097,Yukon,2016,0.707681743757544,1.05054888036589,-8.3173383914703e-4,559.795339463621,766.379161497421,1166.424,0.707810299334092,313.1776375083724,Fw
726,380.424,0.70633907930093,1.05274528330861,760.848,2016_yk_097,Yukon,2016,0.707661970664607,1.05037544733633,-1.7343302956462e-4,559.795339463621,766.379161497421,1166.424,0.707810299334092,313.1776375083724,Fw
727,380.948,0.707713195889518,1.05316656053661,761.896,2016_yk_097,Yukon,2016,0.707691068705242,1.04941371969696,-9.6172763936541e-4,559.795339463621,766.379161497421,1166.424,0.707810299334092,313.1776375083724,Fw
728,381.472,0.705985621762869,1.04204375408653,762.944,2016_yk_097,Yukon,2016,0.707714075609629,1.04849748592427,-9.1623377268823e-4,559.795339463621,766.379161497421,1166.424,0.707810299334092,313.1776375083724,Fw
729,381.996,0.70710498351506,1.06850711721842,763.992,2016_yk_097,Yukon,2016,0.70772161544888,1.04863503764902,1.3755172474705e-4,559.795339463621,766.379161497421,1166.424,0.707810299334092,313.1776375083724,Fw
730,382.52,0.709110676527147,1.05320205892271,765.04,2016_yk_097,Yukon,2016,0.707702077252644,1.04896071208432,3.2567443530218e-4,559.795339463621,766.379161497421,1166.424,0.707810299334092,313.1776375083724,Fw
731,383.044,0.707795455333452,1.03401826991055,766.088,2016_yk_097,Yukon,2016,0.707736331653399,1.04813943782783,-8.2127425649614e-4,559.795339463621,766.379161497421,1166.424,0.707810299334092,313.1776375083724,Fw
732,383.568,0.707950442177066,1.06658324509208,767.136,2016_yk_097,Yukon,2016,0.707728680859851,1.04649893021949,-0.00164050760834078,559.795339463621,766.379161497421,1166.424,0.707810299334092,313.1776375083724,Fw
733,384.092,0.70782180375592,1.08749421312434,768.184,2016_yk_097,Yukon,2016,0.707738817854148,1.04518850732838,-0.00131042289111027,559.795339463621,766.379161497421,1166.424,0.707810299334092,313.1776375083724,Fw
734,384.616,0.707867283593345,1.05217614463015,769.232,2016_yk_097,Yukon,2016,0.707729144236838,1.04397414610679,-0.00121436122158314,559.795339463621,766.379161497421,1166.424,0.707810299334092,313.1776375083724,Fw
735,385.14,0.707373581523977,1.04885343231267,770.28,2016_yk_097,Yukon,2016,0.707699935981342,1.04259919809887,-0.00137494800792037,559.795339463621,766.379161497421,1166.424,0.707810299334092,313.1776375083724,Fw
736,385.664,0.708156649565971,1.05826840261897,771.328,2016_yk_097,Yukon,2016,0.707707964620555,1.0407522357157,-0.0018469623831745,559.795339463621,766.379161497421,1166.424,0.707810299334092,313.1776375083724,Fw
737,386.188,0.706999034609407,1.04920072783489,772.376,2016_yk_097,Yukon,2016,0.707730282005512,1.03968368552628,-0.00106855018941587,559.795339463621,766.379161497421,1166.424,0.707810299334092,313.1776375083724,Fw
738,386.712,0.70845728719883,1.03236539761349,773.424,2016_yk_097,Yukon,2016,0.707731518407395,1.03845148790068,-0.00123219762560578,559.795339463621,766.379161497421,1166.424,0.707810299334092,313.1776375083724,Fw
739,387.236,0.7074395448639,1.00975420283897,774.472,2016_yk_097,Yukon,2016,0.707715736463426,1.03643155372065,-0.0020199341800291,559.795339463621,766.379161497421,1166.424,0.707810299334092,313.1776375083724,Fw
740,387.76,0.706929275650851,1.0538433458687,775.52,2016_yk_097,Yukon,2016,0.707700418568118,1.0344098527946,-0.0020217009260457,559.795339463621,766.379161497421,1166.424,0.707810299334092,313.1776375083724,Fw
741,388.284,0.706707437598025,1.04130988115264,776.568,2016_yk_097,Yukon,2016,0.707681947911934,1.03234343960075,-0.00206641319385348,559.795339463621,766.379161497421,1166.424,0.707810299334092,313.1776375083724,Fw
742,388.808,0.706996185072396,1.02676919835313,777.616,2016_yk_097,Yukon,2016,0.707679813603738,1.03088195786082,-0.00146148173992877,559.795339463621,766.379161497421,1166.424,0.707810299334092,313.1776375083724,Fw
743,389.332,0.708466866755796,0.991773495711879,778.664,2016_yk_097,Yukon,2016,0.707678291570645,1.02830175631393,-0.00258020154689098,559.795339463621,766.379161497421,1166.424,0.707810299334092,313.1776375083724,Fw
744,389.856,0.707823720777737,1.02842162219375,779.712,2016_yk_097,Yukon,2016,0.707680514031791,1.02633862217592,-0.00196313413801108,559.795339463621,766.379161497421,1166.424,0.707810299334092,313.1776375083724,Fw
745,390.38,0.707392838599383,1.0126477568431,780.76,2016_yk_097,Yukon,2016,0.707667890471892,1.02468044030441,-0.00165818187150601,559.795339463621,766.379161497421,1166.424,0.707810299334092,313.1776375083724,Fw
746,390.904,0.707363800230286,0.990486823849738,781.808,2016_yk_097,Yukon,2016,0.707666878458458,1.02258970400676,-0.00209073629765211,559.795339463621,766.379161497421,1166.424,0.707810299334092,313.1776375083724,Fw
747,391.428,0.708176718155548,1.00060383377434,782.856,2016_yk_097,Yukon,2016,0.707677018255548,1.02044161975955,-0.00214808424721213,559.795339463621,766.379161497421,1166.424,0.707810299334092,313.1776375083724,Fw
748,391.952,0.707314887617252,1.02274770627584,783.904,2016_yk_097,Yukon,2016,0.707692774085324,1.01845105138787,-0.00199056837167477,559.795339463621,766.379161497421,1166.424,0.707810299334092,313.1776375083724,Fw
749,392.476,0.708494258210957,1.00109916595704,784.952,2016_yk_097,Yukon,2016,0.707680754996307,1.01692894101531,-0.00152211037255912,559.795339463621,766.379161497421,1166.424,0.707810299334092,313.1776375083724,Fw
750,393,0.707152100273186,0.970150789653926,786,2016_yk_097,Yukon,2016,0.707673667529392,1.01479765439547,-0.00213128661983886,559.795339463621,766.379161497421,1166.424,0.707810299334092,313.1776375083724,Fw
751,393.524,0.707197839017398,1.00302793036781,787.048,2016_yk_097,Yukon,2016,0.707657726012108,1.01218187433697,-0.00261578005850671,559.795339463621,766.379161497421,1166.424,0.707810299334092,313.1776375083724,Fw
752,394.048,0.708232983214798,1.02707877771652,788.096,2016_yk_097,Yukon,2016,0.707635247703681,1.01068448571571,-0.00149738862125437,559.795339463621,766.379161497421,1166.424,0.707810299334092,313.1776375083724,Fw
753,394.572,0.70832539663669,1.0022745894228,789.144,2016_yk_097,Yukon,2016,0.70763358828785,1.00918487466076,-0.00149961105494856,559.795339463621,766.379161497421,1166.424,0.707810299334092,313.1776375083724,Fw
754,395.096,0.708106616215145,0.975661671020953,790.192,2016_yk_097,Yukon,2016,0.707650561833014,1.00760152801999,-0.00158334664077886,559.795339463621,766.379161497421,1166.424,0.707810299334092,313.1776375083724,Fw
755,395.62,0.708774885448039,1.00610030351286,791.24,2016_yk_097,Yukon,2016,0.707655320198541,1.00561534191125,-0.00198618610873402,559.795339463621,766.379161497421,1166.424,0.707810299334092,313.1776375083724,Fw
756,396.144,0.70754524338199,1.01405895563313,792.288,2016_yk_097,Yukon,2016,0.70767919917151,1.00397045531698,-0.0016448865942682,559.795339463621,766.379161497421,1166.424,0.707810299334092,313.1776375083724,Fw
757,396.668,0.708053209820046,1.00531997590381,793.336,2016_yk_097,Yukon,2016,0.707667761162742,1.00190138936954,-0.0020690659474456,559.795339463621,766.379161497421,1166.424,0.707810299334092,313.1776375083724,Fw
758,397.192,0.709119970630479,1.0029437712415,794.384,2016_yk_097,Yukon,2016,0.707690560619817,1.000037193533,-0.00186419583654218,559.795339463621,766.379161497421,1166.424,0.707810299334092,313.1776375083724,Fw
759,397.716,0.707928953288111,1.03107396564003,795.432,2016_yk_097,Yukon,2016,0.707716576973661,0.998189749364677,-0.00184744416831928,559.795339463621,766.379161497421,1166.424,0.707810299334092,313.1776375083724,Fw
760,398.24,0.707528681839551,1.01198536245526,796.48,2016_yk_097,Yukon,2016,0.707692092265403,0.996372051368779,-0.00181769799589726,559.795339463621,766.379161497421,1166.424,0.707810299334092,313.1776375083724,Fw
761,398.764,0.709752304470158,0.999518679618358,797.528,2016_yk_097,Yukon,2016,0.707695274617815,0.994556220067874,-0.00181583130090501,559.795339463621,766.379161497421,1166.424,0.707810299334092,313.1776375083724,Fw
762,399.288,0.707276369811494,1.00991107169537,798.576,2016_yk_097,Yukon,2016,0.70769639188262,0.991874315895955,-0.00268190417191927,559.795339463621,766.379161497421,1166.424,0.707810299334092,313.1776375083724,Fw
763,399.812,0.707925859961144,1.03452914551984,799.624,2016_yk_097,Yukon,2016,0.707678690743433,0.98924892532293,-0.0026253905730248,559.795339463621,766.379161497421,1166.424,0.707810299334092,313.1776375083724,Fw
764,400.336,0.707224976015492,1.00564961203575,800.672,2016_yk_097,Yukon,2016,0.707676417798093,0.987232089610666,-0.00201683571226441,559.795339463621,766.379161497421,1166.424,0.707810299334092,313.1776375083724,Fw
765,400.86,0.706560741743564,0.993978932404295,801.72,2016_yk_097,Yukon,2016,0.707675652350148,0.985134508891093,-0.00209758071957244,559.795339463621,766.379161497421,1166.424,0.707810299334092,313.1776375083724,Fw
766,401.384,0.708546936801544,1.00663181554836,802.768,2016_yk_097,Yukon,2016,0.70766920845079,0.982654703741121,-0.00247980514997204,559.795339463621,766.379161497421,1166.424,0.707810299334092,313.1776375083724,Fw
767,401.908,0.70879159188211,1.00700816442981,803.816,2016_yk_097,Yukon,2016,0.707678822274114,0.980587370318657,-0.00206733342246479,559.795339463621,766.379161497421,1166.424,0.707810299334092,313.1776375083724,Fw
768,402.432,0.708430606882245,0.981604406956174,804.864,2016_yk_097,Yukon,2016,0.707628021674453,0.978482797290716,-0.0021045730279402,559.795339463621,766.379161497421,1166.424,0.707810299334092,313.1776375083724,Fw
769,402.956,0.706504620486881,0.967111259910862,805.912,2016_yk_097,Yukon,2016,0.707619099550425,0.976249764713907,-0.00223303257680918,559.795339463621,766.379161497421,1166.424,0.707810299334092,313.1776375083724,Fw
770,403.48,0.707009212179542,1.00597325402374,806.96,2016_yk_097,Yukon,2016,0.707629894920933,0.973550592413208,-0.0026991723006996,559.795339463621,766.379161497421,1166.424,0.707810299334092,313.1776375083724,Fw
771,404.004,0.706926887308191,0.987129813720659,808.008,2016_yk_097,Yukon,2016,0.707636458085428,0.971264690658694,-0.00228590175451393,559.795339463621,766.379161497421,1166.424,0.707810299334092,313.1776375083724,Fw
772,404.528,0.707838790547819,0.984581226377364,809.056,2016_yk_097,Yukon,2016,0.70764395645848,0.968907142008164,-0.00235754865052951,559.795339463621,766.379161497421,1166.424,0.707810299334092,313.1776375083724,Fw
773,405.052,0.707881598464102,0.955524719698773,810.104,2016_yk_097,Yukon,2016,0.707625038194171,0.96702351471733,-0.00188362729083402,559.795339463621,766.379161497421,1166.424,0.707810299334092,313.1776375083724,Fw
774,405.576,0.707832476273164,0.992329170661604,811.152,2016_yk_097,Yukon,2016,0.7076173612725,0.965000182515245,-0.00202333220208539,559.795339463621,766.379161497421,1166.424,0.707810299334092,313.1776375083724,Fw
775,406.1,0.707093532898336,0.970099691795211,812.2,2016_yk_097,Yukon,2016,0.70760909731491,0.963349028015608,-0.00165115449963671,559.795339463621,766.379161497421,1166.424,0.707810299334092,313.1776375083724,Fw
776,406.624,0.707220217988245,0.94458185815472,813.248,2016_yk_097,Yukon,2016,0.707616695118804,0.96156319259196,-0.00178583542364752,559.795339463621,766.379161497421,1166.424,0.707810299334092,313.1776375083724,Fw
777,407.148,0.706690499364689,0.960172342810541,814.296,2016_yk_097,Yukon,2016,0.707608953105894,0.959482705977242,-0.00208048661471882,559.795339463621,766.379161497421,1166.424,0.707810299334092,313.1776375083724,Fw
778,407.672,0.707501524012799,0.970314314660656,815.344,2016_yk_097,Yukon,2016,0.707610630038259,0.957416975132718,-0.00206573084452344,559.795339463621,766.379161497421,1166.424,0.707810299334092,313.1776375083724,Fw
779,408.196,0.708082730828193,0.952535515890019,816.392,2016_yk_097,Yukon,2016,0.707607118488033,0.955731807458115,-0.00168516767460369,559.795339463621,766.379161497421,1166.424,0.707810299334092,313.1776375083724,Fw
780,408.72,0.706850833598154,0.918896659356462,817.44,2016_yk_097,Yukon,2016,0.70761986284383,0.954078964521173,-0.00165284293694168,559.795339463621,766.379161497421,1166.424,0.707810299334092,313.1776375083724,Fw
781,409.244,0.707166634267284,0.942273459021882,818.488,2016_yk_097,Yukon,2016,0.707623674624224,0.951905127502477,-0.00217383701869556,559.795339463621,766.379161497421,1166.424,0.707810299334092,313.1776375083724,Fw
782,409.768,0.707330480594322,0.971404473108848,819.536,2016_yk_097,Yukon,2016,0.707596120126807,0.949773336255894,-0.00213179124658314,559.795339463621,766.379161497421,1166.424,0.707810299334092,313.1776375083724,Fw
783,410.292,0.706944109464099,0.950375952166348,820.584,2016_yk_097,Yukon,2016,0.707546210644674,0.947465323921085,-0.00230801233480926,559.795339463621,766.379161497421,1166.424,0.707810299334092,313.1776375083724,Fw
784,410.816,0.708934739507478,0.95298383757087,821.632,2016_yk_097,Yukon,2016,0.707534022702303,0.945051218446937,-0.00241410547414811,559.795339463621,766.379161497421,1166.424,0.707810299334092,313.1776375083724,Fw
785,411.34,0.707254428510371,0.944043404940812,822.68,2016_yk_097,Yukon,2016,0.707523395175603,0.942035290043268,-0.00301592840366893,559.795339463621,766.379161497421,1166.424,0.707810299334092,313.1776375083724,Fw
786,411.864,0.707771817679025,0.954052087652511,823.728,2016_yk_097,Yukon,2016,0.70752273537409,0.93970264024665,-0.0023326497966174,559.795339463621,766.379161497421,1166.424,0.707810299334092,313.1776375083724,Fw
787,412.388,0.707026915363485,0.929022603689881,824.776,2016_yk_097,Yukon,2016,0.70752667499089394,0.937456793019436,-0.0022458472272141,559.795339463621,766.379161497421,1166.424,0.707810299334092,313.1776375083724,Fw
788,412.912,0.707353589187332,0.930192003894002,825.824,2016_yk_097,Yukon,2016,0.707487767122212,0.935092952538078,-0.0023638404813584,559.795339463621,766.379161497421,1166.424,0.707810299334092,313.1776375083724,Fw
789,413.436,0.708665964745693,0.957660467119261,826.872,2016_yk_097,Yukon,2016,0.707473558528499,0.932241460256667,-0.00285149228141124,559.795339463621,766.379161497421,1166.424,0.707810299334092,313.1776375083724,Fw
790,413.96,0.707641594031692,0.944140179168876,827.92,2016_yk_097,Yukon,2016,0.707443007174012,0.930046577295929,-0.00219488296073822,559.795339463621,766.379161497421,1166.424,0.707810299334092,313.1776375083724,Fw
791,414.484,0.70798639647819,0.925068391856249,828.968,2016_yk_097,Yukon,2016,0.707399879635187,0.927339137501836,-0.0027074397940926,559.795339463621,766.379161497421,1166.424,0.707810299334092,313.1776375083724,Fw
792,415.008,0.708017478065365,0.905668994776922,830.016,2016_yk_097,Yukon,2016,0.707383097775786,0.923688080394148,-0.00365105710768754,559.795339463621,766.379161497421,1166.424,0.707810299334092,313.1776375083724,Fw
793,415.532,0.706759735404694,0.929970778742856,831.064,2016_yk_097,Yukon,2016,0.707393729671002,0.919979320485754,-0.00370875990839481,559.795339463621,766.379161497421,1166.424,0.707810299334092,313.1776375083724,Fw
794,416.056,0.707730906872939,0.931166001894283,832.112,2016_yk_097,Yukon,2016,0.707416538684835,0.917055121124446,-0.00292419936130772,559.795339463621,766.379161497421,1166.424,0.707810299334092,313.1776375083724,Fw
795,416.58,0.707327654647292,0.922998589138321,833.16,2016_yk_097,Yukon,2016,0.707434626369356,0.914119004175297,-0.00293611694914853,559.795339463621,766.379161497421,1166.424,0.707810299334092,313.1776375083724,Fw
796,417.104,0.707770015604479,0.909480093620644,834.208,2016_yk_097,Yukon,2016,0.707392657411282,0.910375977074091,-0.00374302710120633,559.795339463621,766.379161497421,1166.424,0.707810299334092,313.1776375083724,Fw
797,417.628,0.707575864008824,0.925160722486995,835.256,2016_yk_097,Yukon,2016,0.707368394366478,0.906998696690954,-0.00337728038313689,559.795339463621,766.379161497421,1166.424,0.707810299334092,313.1776375083724,Fw
798,418.152,0.705409251219197,0.906091015937076,836.304,2016_yk_097,Yukon,2016,0.707382168239674,0.904319756430249,-0.0026789402607047,559.795339463621,766.379161497421,1166.424,0.707810299334092,313.1776375083724,Fw
799,418.676,0.706904217422215,0.875772248230415,837.352,2016_yk_097,Yukon,2016,0.707392278106021,0.901605422032348,-0.00271433439790114,559.795339463621,766.379161497421,1166.424,0.707810299334092,313.1776375083724,Fw
800,419.2,0.707576997881317,0.891893007826717,838.4,2016_yk_097,Yukon,2016,0.707396430927334,0.898021666644064,-0.00358375538828415,559.795339463621,766.379161497421,1166.424,0.707810299334092,313.1776375083724,Fw
801,419.724,0.707101227467707,0.904155775881806,839.448,2016_yk_097,Yukon,2016,0.707366694648007,0.895607008815941,-0.002414657828123,559.795339463621,766.379161497421,1166.424,0.707810299334092,313.1776375083724,Fw
802,420.248,0.707446087455566,0.885316279321366,840.496,2016_yk_097,Yukon,2016,0.707361881723143,0.893073546719568,-0.00253346209637295,559.795339463621,766.379161497421,1166.424,0.707810299334092,313.1776375083724,Fw
803,420.772,0.70733177089721,0.878755858261846,841.544,2016_yk_097,Yukon,2016,0.707338807266623,0.890209326460839,-0.00286422025872879,559.795339463621,766.379161497421,1166.424,0.707810299334092,313.1776375083724,Fw
804,421.296,0.707363105477466,0.90702169006862,842.592,2016_yk_097,Yukon,2016,0.707351890490815,0.886326167314434,-0.00388315914640514,559.795339463621,766.379161497421,1166.424,0.707810299334092,313.1776375083724,Fw
805,421.82,0.706897001144027,0.913578486864901,843.64,2016_yk_097,Yukon,2016,0.707350865751599,0.883399013297554,-0.00292715401688048,559.795339463621,766.379161497421,1166.424,0.707810299334092,313.1776375083724,Fw
806,422.344,0.707819668463883,0.883336698430888,844.688,2016_yk_097,Yukon,2016,0.70735297800186,0.881244908184149,-0.00215410511340475,559.795339463621,766.379161497421,1166.424,0.707810299334092,313.1776375083724,Fw
807,422.868,0.707712197380987,0.87577463689121,845.736,2016_yk_097,Yukon,2016,0.707373148449261,0.87810429864948,-0.00314060953466933,559.795339463621,766.379161497421,1166.424,0.707810299334092,313.1776375083724,Fw
808,423.392,0.707415503559143,0.898803855604438,846.784,2016_yk_097,Yukon,2016,0.707373667207416,0.874808075516141,-0.0032962231333391,559.795339463621,766.379161497421,1166.424,0.707810299334092,313.1776375083724,Fw
809,423.916,0.708283565197369,0.899989105480815,847.832,2016_yk_097,Yukon,2016,0.707337751956702,0.872335405585524,-0.00247266993061668,559.795339463621,766.379161497421,1166.424,0.707810299334092,313.1776375083724,Fw
810,424.44,0.707916761621041,0.870980213437421,848.88,2016_yk_097,Yukon,2016,0.707333479631901,0.870419362515022,-0.00191604307050208,559.795339463621,766.379161497421,1166.424,0.707810299334092,313.1776375083724,Fw
811,424.964,0.70742654584104,0.872597709246072,849.928,2016_yk_097,Yukon,2016,0.707315308875026,0.86771545364841,-0.00270390886661132,559.795339463621,766.379161497421,1166.424,0.707810299334092,313.1776375083724,Fw
812,425.488,0.706579713369746,0.899171302921536,850.976,2016_yk_097,Yukon,2016,0.707306800139459,0.864915121181028,-0.00280033246738232,559.795339463621,766.379161497421,1166.424,0.707810299334092,313.1776375083724,Fw
813,426.012,0.705330827708769,0.863793849334245,852.024,2016_yk_097,Yukon,2016,0.707289426347857,0.862497098243643,-0.0024180229373848,559.795339463621,766.379161497421,1166.424,0.707810299334092,313.1776375083724,Fw
814,426.536,0.707375339672869,0.830815342572069,853.072,2016_yk_097,Yukon,2016,0.707258457840189,0.859863771747186,-0.00263332649645787,559.795339463621,766.379161497421,1166.424,0.707810299334092,313.1776375083724,Fw
815,427.06,0.708137233846038,0.825144599292721,854.12,2016_yk_097,Yukon,2016,0.707265736482283,0.857024073261887,-0.00283969848529864,559.795339463621,766.379161497421,1166.424,0.707810299334092,313.1776375083724,Fw
816,427.584,0.707505655291196,0.874099967836084,855.168,2016_yk_097,Yukon,2016,0.707265672959173,0.854609582311703,-0.00241449095018431,559.795339463621,766.379161497421,1166.424,0.707810299334092,313.1776375083724,Fw
817,428.108,0.708289586828299,0.870569142270965,856.216,2016_yk_097,Yukon,2016,0.707288095670053,0.852682270787027,-0.00192731152467562,559.795339463621,766.379161497421,1166.424,0.707810299334092,313.1776375083724,Fw
818,428.632,0.706785498509549,0.861113342359996,857.264,2016_yk_097,Yukon,2016,0.707320414156734,0.850491964090818,-0.00219030669620945,559.795339463621,766.379161497421,1166.424,0.707810299334092,313.1776375083724,Fw
819,429.156,0.707076437665313,0.859984428755353,858.312,2016_yk_097,Yukon,2016,0.707324538461165,0.847538855147346,-0.00295310894347167,559.795339463621,766.379161497421,1166.424,0.707810299334092,313.1776375083724,Fw
820,429.68,0.705695600570341,0.880292384810961,859.36,2016_yk_097,Yukon,2016,0.707303766697326,0.84538231368999,-0.00215654145735578,559.795339463621,766.379161497421,1166.424,0.707810299334092,313.1776375083724,Fw
821,430.204,0.707164652140651,0.837072291972809,860.408,2016_yk_097,Yukon,2016,0.707303488787094,0.843620209380157,-0.00176210430983292,559.795339463621,766.379161497421,1166.424,0.707810299334092,313.1776375083724,Fw
822,430.728,0.706269458247472,0.790847645234118,861.456,2016_yk_097,Yukon,2016,0.707305666854684,0.841339074803222,-0.00228113457693502,559.795339463621,766.379161497421,1166.424,0.707810299334092,313.1776375083724,Fw
823,431.252,0.708563773674081,0.812003551016153,862.504,2016_yk_097,Yukon,2016,0.70732864538571,0.838961068881346,-0.00237800592187654,559.795339463621,766.379161497421,1166.424,0.707810299334092,313.1776375083724,Fw
824,431.776,0.708593516845451,0.83019765035729,863.552,2016_yk_097,Yukon,2016,0.7073080548471,0.837124761722654,-0.00183630715869154,559.795339463621,766.379161497421,1166.424,0.707810299334092,313.1776375083724,Fw
825,432.3,0.707646002814868,0.817811915455379,864.6,2016_yk_097,Yukon,2016,0.707310462342304,0.835465314196409,-0.00165944752624514,559.795339463621,766.379161497421,1166.424,0.707810299334092,313.1776375083724,Fw
826,432.824,0.706028799317074,0.78205018947598,865.648,2016_yk_097,Yukon,2016,0.707309309423284,0.833298345827668,-0.00216696836874053,559.795339463621,766.379161497421,1166.424,0.707810299334092,313.1776375083724,Fw
827,433.348,0.707335809193863,0.804371341441598,866.696,2016_yk_097,Yukon,2016,0.707310584197124,0.830975678484904,-0.00232266734276465,559.795339463621,766.379161497421,1166.424,0.707810299334092,313.1776375083724,Fw
828,433.872,0.709257039274021,0.82086799131389,867.744,2016_yk_097,Yukon,2016,0.707342202192208,0.829325534227564,-0.00165014425733945,559.795339463621,766.379161497421,1166.424,0.707810299334092,313.1776375083724,Fw
829,434.396,0.707111212467684,0.804251196036788,868.792,2016_yk_097,Yukon,2016,0.707351204369492,0.82798819101405,-0.0013373432135142,559.795339463621,766.379161497421,1166.424,0.707810299334092,313.1776375083724,Fw
830,434.92,0.707258381458302,0.790947930726691,869.84,2016_yk_097,Yukon,2016,0.707316283157041,0.825888624870569,-0.00209956614348139,559.795339463621,766.379161497421,1166.424,0.707810299334092,313.1776375083724,Fw
831,435.444,0.705142710548586,0.842250344033274,870.888,2016_yk_097,Yukon,2016,0.707313106236162,0.824076432149143,-0.00181219272142552,559.795339463621,766.379161497421,1166.424,0.707810299334092,313.1776375083724,Fw
832,435.968,0.707550015056002,0.832573500594986,871.936,2016_yk_097,Yukon,2016,0.707291546478244,0.822563468774863,-0.00151296337428053,559.795339463621,766.379161497421,1166.424,0.707810299334092,313.1776375083724,Fw
833,436.492,0.706497131072872,0.783671504175046,872.984,2016_yk_097,Yukon,2016,0.70729061842603,0.82084678740521,-0.00171668136965297,559.795339463621,766.379161497421,1166.424,0.707810299334092,313.1776375083724,Fw
834,437.016,0.708617469724723,0.759339621877297,874.032,2016_yk_097,Yukon,2016,0.707284604518143,0.81831912780291,-0.00252765960229961,559.795339463621,766.379161497421,1166.424,0.707810299334092,313.1776375083724,Fw
835,437.54,0.707032048545363,0.79447045078238,875.08,2016_yk_097,Yukon,2016,0.70727225719476,0.815839973253168,-0.00247915454974201,559.795339463621,766.379161497421,1166.424,0.707810299334092,313.1776375083724,Fw
836,438.064,0.707346953003912,0.815335551350436,876.128,2016_yk_097,Yukon,2016,0.70726671355227,0.8142736673765,-0.00156630587666784,559.795339463621,766.379161497421,1166.424,0.707810299334092,313.1776375083724,Fw
837,438.588,0.707900726208756,0.771735770730388,877.176,2016_yk_097,Yukon,2016,0.707262962823542,0.812930039560908,-0.00134362781559227,559.795339463621,766.379161497421,1166.424,0.707810299334092,313.1776375083724,Fw
838,439.112,0.707532649502097,0.772540926660308,878.224,2016_yk_097,Yukon,2016,0.707259076280942,0.811009862946152,-0.00192017661475585,559.795339463621,766.379161497421,1166.424,0.707810299334092,313.1776375083724,Fw
839,439.636,0.705927815785313,0.804175320053017,879.272,2016_yk_097,Yukon,2016,0.707263306714116,0.8093680045258,-0.00164185842035236,559.795339463621,766.379161497421,1166.424,0.707810299334092,313.1776375083724,Fw
840,440.16,0.706594494110137,0.803934075126332,880.32,2016_yk_097,Yukon,2016,0.707264596129192,0.808080783058981,-0.00128722146681859,559.795339463621,766.379161497421,1166.424,0.707810299334092,313.1776375083724,Fw
841,440.684,0.706076388854772,0.780038927025206,881.368,2016_yk_097,Yukon,2016,0.707257250360097,0.80657966157605,-0.00150112148293147,559.795339463621,766.379161497421,1166.424,0.707810299334092,313.1776375083724,Fw
842,441.208,0.706819956460281,0.803384525065908,882.416,2016_yk_097,Yukon,2016,0.707266935989242,0.804853771210118,-0.0017258903659314,559.795339463621,766.379161497421,1166.424,0.707810299334092,313.1776375083724,Fw
843,441.732,0.705901681968026,0.805294575923258,883.464,2016_yk_097,Yukon,2016,0.70731433040044,0.803984887753393,-8.6888345672564e-4,559.795339463621,766.379161497421,1166.424,0.707810299334092,313.1776375083724,Fw
844,442.256,0.707076629047366,0.794984247783396,884.512,2016_yk_097,Yukon,2016,0.70729068140691,0.803368424038451,-6.1646371494195e-4,559.795339463621,766.379161497421,1166.424,0.707810299334092,313.1776375083724,Fw
845,442.78,0.707691147036013,0.7736614958229,885.56,2016_yk_097,Yukon,2016,0.707271527392074,0.802607124150681,-7.6129988776951e-4,559.795339463621,766.379161497421,1166.424,0.707810299334092,313.1776375083724,Fw
846,443.304,0.707768006292414,0.80918263064145,886.608,2016_yk_097,Yukon,2016,0.707258713700886,0.801245105726357,-0.00136201842432371,559.795339463621,766.379161497421,1166.424,0.707810299334092,313.1776375083724,Fw
847,443.828,0.7083722780163,0.813383912209347,887.656,2016_yk_097,Yukon,2016,0.707221511284824,0.800027362879043,-0.00121774284731424,559.795339463621,766.379161497421,1166.424,0.707810299334092,313.1776375083724,Fw
848,444.352,0.70929269838818,0.798773602121433,888.704,2016_yk_097,Yukon,2016,0.707228513969281,0.798633896118071,-0.00139346676097196,559.795339463621,766.379161497421,1166.424,0.707810299334092,313.1776375083724,Fw
849,444.876,0.708913423011585,0.780473930510967,889.752,2016_yk_097,Yukon,2016,0.70723861087181,0.797039855493653,-0.00159404062441804,559.795339463621,766.379161497421,1166.424,0.707810299334092,313.1776375083724,Fw
850,445.4,0.706395288201321,0.814747691727523,890.8,2016_yk_097,Yukon,2016,0.707267958151218,0.795660512473679,-0.00137934301997411,559.795339463621,766.379161497421,1166.424,0.707810299334092,313.1776375083724,Fw
851,445.924,0.707969721864305,0.819342133266271,891.848,2016_yk_097,Yukon,2016,0.707254719050753,0.795101023154597,-5.5948931908222e-4,559.795339463621,766.379161497421,1166.424,0.707810299334092,313.1776375083724,Fw
852,446.448,0.708148162120775,0.768800920160816,892.896,2016_yk_097,Yukon,2016,0.707268546354449,0.795122534718559,2.15115639625729e-5,559.795339463621,766.379161497421,1166.424,0.707810299334092,313.1776375083724,Fw
853,446.972,0.708138447266212,0.787290423430262,893.944,2016_yk_097,Yukon,2016,0.707231286647894,0.794945195432476,-1.7733928608354e-4,559.795339463621,766.379161497421,1166.424,0.707810299334092,313.1776375083724,Fw
854,447.496,0.706495474556371,0.820987572372796,894.992,2016_yk_097,Yukon,2016,0.707196773494282,0.794660295531764,-2.8489990071178e-4,559.795339463621,766.379161497421,1166.424,0.707810299334092,313.1776375083724,Fw
855,448.02,0.707472104359551,0.823431737563618,896.04,2016_yk_097,Yukon,2016,0.707190093556195,0.794467381567473,-1.9291396429144e-4,559.795339463621,766.379161497421,1166.424,0.707810299334092,313.1776375083724,Fw
856,448.544,0.707700840463265,0.779461991496212,897.088,2016_yk_097,Yukon,2016,0.707207759505268,0.794857202724899,3.8982115742636e-4,559.795339463621,766.379161497421,1166.424,0.707810299334092,313.1776375083724,Fw
857,449.068,0.707652350439223,0.785800681921112,898.136,2016_yk_097,Yukon,2016,0.707202763765087,0.794815365862503,-4.18368623955612e-5,559.795339463621,766.379161497421,1166.424,0.707810299334092,313.1776375083724,Fw
858,449.592,0.707306330924216,0.807082360496709,899.184,2016_yk_097,Yukon,2016,0.707134711692148,0.794726571975058,-8.87938874453154e-5,559.795339463621,766.379161497421,1166.424,0.707810299334092,313.1776375083724,Fw
859,450.116,0.707444348059234,0.795531655419565,900.232,2016_yk_097,Yukon,2016,0.707139362988569,0.794959085419505,2.3251344444685e-4,559.795339463621,766.379161497421,1166.424,0.707810299334092,313.1776375083724,Fw
860,450.64,0.705481725134272,0.765919039217833,901.28,2016_yk_097,Yukon,2016,0.70712603073793,0.795184683932753,2.2559851324832e-4,559.795339463621,766.379161497421,1166.424,0.707810299334092,313.1776375083724,Fw
861,451.164,0.706910612214989,0.795424212596277,902.328,2016_yk_097,Yukon,2016,0.707163783882787,0.794948026431964,-2.3665750078938e-4,559.795339463621,766.379161497421,1166.424,0.707810299334092,313.1776375083724,Fw
862,451.688,0.706152501980502,0.79453847686453,903.376,2016_yk_097,Yukon,2016,0.707134247589491,0.795105602497118,1.5757606515454e-4,559.795339463621,766.379161497421,1166.424,0.707810299334092,313.1776375083724,Fw
863,452.212,0.707276087764364,0.775754976082675,904.424,2016_yk_097,Yukon,2016,0.707162193759428,0.795609317393134,5.0371489601575e-4,559.795339463621,766.379161497421,1166.424,0.707810299334092,313.1776375083724,Fw
864,452.736,0.707002271004209,0.75536211393064,905.472,2016_yk_097,Yukon,2016,0.707132782094758,0.796011134775413,4.0181738227917e-4,559.795339463621,766.379161497421,1166.424,0.707810299334092,313.1776375083724,Fw
865,453.26,0.706156161741061,0.764829213880384,906.52,2016_yk_097,Yukon,2016,0.707113199491939,0.79631206535314,3.0093057772662e-4,559.795339463621,766.379161497421,1166.424,0.707810299334092,313.1776375083724,Fw
866,453.784,0.707487049914492,0.78935834583081,907.568,2016_yk_097,Yukon,2016,0.707130536779009,0.796183333328715,-1.2873202442464e-4,559.795339463621,766.379161497421,1166.424,0.707810299334092,313.1776375083724,Fw
867,454.308,0.70748715365728,0.795156967955676,908.616,2016_yk_097,Yukon,2016,0.707116231413341,0.79648049724161,2.9716391289458e-4,559.795339463621,766.379161497421,1166.424,0.707810299334092,313.1776375083724,Fw
868,454.832,0.707182311003167,0.783593258719083,909.664,2016_yk_097,Yukon,2016,0.707077549762262,0.796413040913118,-6.74563284921437e-5,559.795339463621,766.379161497421,1166.424,0.707810299334092,313.1776375083724,Fw
869,455.356,0.70853739118779,0.801477600259677,910.712,2016_yk_097,Yukon,2016,0.707076727339955,0.79635662953945,-5.6411373668297e-5,559.795339463621,766.379161497421,1166.424,0.707810299334092,313.1776375083724,Fw
870,455.88,0.707994126525594,0.793746925428301,911.76,2016_yk_097,Yukon,2016,0.707085431318265,0.796247583806046,-1.0904573340353e-4,559.795339463621,766.379161497421,1166.424,0.707810299334092,313.1776375083724,Fw
871,456.404,0.706985799695375,0.782530420270188,912.808,2016_yk_097,Yukon,2016,0.707129503991286,0.796304033150578,5.64493445318615e-5,559.795339463621,766.379161497421,1166.424,0.707810299334092,313.1776375083724,Fw
872,456.928,0.707160851118398,0.795617880965656,913.856,2016_yk_097,Yukon,2016,0.707118021526184,0.79612096990272,-1.8306324785732e-4,559.795339463621,766.379161497421,1166.424,0.707810299334092,313.1776375083724,Fw
873,457.452,0.708174492380693,0.811660841930707,914.904,2016_yk_097,Yukon,2016,0.707140975633741,0.796086386457215,-3.45834455057759e-5,559.795339463621,766.379161497421,1166.424,0.707810299334092,313.1776375083724,Fw
874,457.976,0.705956400061053,0.793827519675547,915.952,2016_yk_097,Yukon,2016,0.707116421469011,0.796276091497086,1.8970503987092e-4,559.795339463621,766.379161497421,1166.424,0.707810299334092,313.1776375083724,Fw
875,458.5,0.706987992955864,0.779466606026552,917,2016_yk_097,Yukon,2016,0.707074540556029,0.796739687694526,4.6359619744018e-4,559.795339463621,766.379161497421,1166.424,0.707810299334092,313.1776375083724,Fw
876,459.024,0.706736833819951,0.792378862376662,918.048,2016_yk_097,Yukon,2016,0.707087659238929,0.796640292251963,-9.93954425624333e-5,559.795339463621,766.379161497421,1166.424,0.707810299334092,313.1776375083724,Fw
877,459.548,0.70605744186454,0.797504571432114,919.096,2016_yk_097,Yukon,2016,0.707088241029474,0.796476623775921,-1.6366847604276e-4,559.795339463621,766.379161497421,1166.424,0.707810299334092,313.1776375083724,Fw
878,460.072,0.707205659576991,0.777505336701678,920.144,2016_yk_097,Yukon,2016,0.707055722307084,0.796306772997367,-1.6985077855347e-4,559.795339463621,766.379161497421,1166.424,0.707810299334092,313.1776375083724,Fw
879,460.596,0.707682251817092,0.764341991290275,921.192,2016_yk_097,Yukon,2016,0.707030748455254,0.796309384455606,2.61145823887698e-6,559.795339463621,766.379161497421,1166.424,0.707810299334092,313.1776375083724,Fw
880,461.12,0.707456437334801,0.797531803612514,922.24,2016_yk_097,Yukon,2016,0.707042618343427,0.796144329073336,-1.6505538227007e-4,559.795339463621,766.379161497421,1166.424,0.707810299334092,313.1776375083724,Fw
881,461.644,0.706370306112759,0.803502932827872,923.288,2016_yk_097,Yukon,2016,0.707048988027051,0.796040688462091,-1.0364061124501e-4,559.795339463621,766.379161497421,1166.424,0.707810299334092,313.1776375083724,Fw
882,462.168,0.707099096469198,0.792138339071873,924.336,2016_yk_097,Yukon,2016,0.707032089390481,0.796486985578934,4.4629711684351e-4,559.795339463621,766.379161497421,1166.424,0.707810299334092,313.1776375083724,Fw
883,462.692,0.706328191280782,0.801363193851144,925.384,2016_yk_097,Yukon,2016,0.707002024728029,0.796589973360683,1.0298778174844e-4,559.795339463621,766.379161497421,1166.424,0.707810299334092,313.1776375083724,Fw
884,463.216,0.706522727628733,0.81310365631458,926.432,2016_yk_097,Yukon,2016,0.707005077355376,0.79643052429614,-1.594490645429e-4,559.795339463621,766.379161497421,1166.424,0.707810299334092,313.1776375083724,Fw
885,463.74,0.707245206529678,0.8062370775979,927.48,2016_yk_097,Yukon,2016,0.707011519438739,0.796530414675953,9.98903798126172e-5,559.795339463621,766.379161497421,1166.424,0.707810299334092,313.1776375083724,Fw
886,464.264,0.707088756261469,0.805439458921562,928.528,2016_yk_097,Yukon,2016,0.706991220736059,0.796779482783384,2.4906810743119e-4,559.795339463621,766.379161497421,1166.424,0.707810299334092,313.1776375083724,Fw
887,464.788,0.707036064782976,0.801861129697866,929.576,2016_yk_097,Yukon,2016,0.706967160188172,0.796839097209767,5.96144263835807e-5,559.795339463621,766.379161497421,1166.424,0.707810299334092,313.1776375083724,Fw
888,465.312,0.705173914897683,0.815540358067167,930.624,2016_yk_097,Yukon,2016,0.706948801388887,0.796900706650698,6.16094409304768e-5,559.795339463621,766.379161497421,1166.424,0.707810299334092,313.1776375083724,Fw
889,465.836,0.70739029025295,0.818202002703603,931.672,2016_yk_097,Yukon,2016,0.706975112497231,0.797268635537166,3.6792888646775e-4,559.795339463621,766.379161497421,1166.424,0.707810299334092,313.1776375083724,Fw
890,466.36,0.70645844641994,0.80448384152159,932.72,2016_yk_097,Yukon,2016,0.707001683642954,0.798013082778583,7.4444724141697e-4,559.795339463621,766.379161497421,1166.424,0.707810299334092,313.1776375083724,Fw
891,466.884,0.707407899240007,0.828050893985906,933.768,2016_yk_097,Yukon,2016,0.707008927154993,0.798262598911464,2.4951613288115e-4,559.795339463621,766.379161497421,1166.424,0.707810299334092,313.1776375083724,Fw
892,467.408,0.70577783745823,0.842028064504256,934.816,2016_yk_097,Yukon,2016,0.707016374026477,0.798799705588303,5.3710667683892e-4,559.795339463621,766.379161497421,1166.424,0.707810299334092,313.1776375083724,Fw
893,467.932,0.70817390126909,0.81389439793599,935.864,2016_yk_097,Yukon,2016,0.707003761634085,0.799554129325695,7.5442373739254e-4,559.795339463621,766.379161497421,1166.424,0.707810299334092,313.1776375083724,Fw
894,468.456,0.70685276984456,0.783448664814044,936.912,2016_yk_097,Yukon,2016,0.70700602699649,0.800104141943286,5.500126175908e-4,559.795339463621,766.379161497421,1166.424,0.707810299334092,313.1776375083724,Fw
895,468.98,0.705857092376195,0.812526285445981,937.96,2016_yk_097,Yukon,2016,0.707027043060775,0.800803022240029,6.9888029674269e-4,559.795339463621,766.379161497421,1166.424,0.707810299334092,313.1776375083724,Fw
896,469.504,0.708387190228122,0.807611629884959,939.008,2016_yk_097,Yukon,2016,0.707031603579607,0.801478858917961,6.7583667793247e-4,559.795339463621,766.379161497421,1166.424,0.707810299334092,313.1776375083724,Fw
897,470.028,0.707042404268666,0.789565605504058,940.056,2016_yk_097,Yukon,2016,0.70701297153646,0.801968777844634,4.899189266726e-4,559.795339463621,766.379161497421,1166.424,0.707810299334092,313.1776375083724,Fw
898,470.552,0.705211750437379,0.768493546950779,941.104,2016_yk_097,Yukon,2016,0.707008274448234,0.802370072385891,4.0129454125692e-4,559.795339463621,766.379161497421,1166.424,0.707810299334092,313.1776375083724,Fw
899,471.076,0.705878470446879,0.800790637632922,942.152,2016_yk_097,Yukon,2016,0.706978921835994,0.802662835421429,2.927630355386e-4,559.795339463621,766.379161497421,1166.424,0.707810299334092,313.1776375083724,Fw
900,471.6,0.707116732808725,0.797391331122118,943.2,2016_yk_097,Yukon,2016,0.70699412938154,0.803207047065145,5.4421164371576e-4,559.795339463621,766.379161497421,1166.424,0.707810299334092,313.1776375083724,Fw
901,472.124,0.708720749236057,0.783425887697115,944.248,2016_yk_097,Yukon,2016,0.706997527762919,0.803605070368679,3.9802330353411e-4,559.795339463621,766.379161497421,1166.424,0.707810299334092,313.1776375083724,Fw
902,472.648,0.706131008554135,0.792400730194469,945.296,2016_yk_097,Yukon,2016,0.707005033787788,0.803513323000635,-9.17473680441816e-5,559.795339463621,766.379161497421,1166.424,0.707810299334092,313.1776375083724,Fw
903,473.172,0.707278928421494,0.803219569192906,946.344,2016_yk_097,Yukon,2016,0.706983502594352,0.803871025669847,3.577026692122e-4,559.795339463621,766.379161497421,1166.424,0.707810299334092,313.1776375083724,Fw
904,473.696,0.705603379163527,0.806366550175651,947.392,2016_yk_097,Yukon,2016,0.707003781718489,0.804296012717433,4.2498704758542e-4,559.795339463621,766.379161497421,1166.424,0.707810299334092,313.1776375083724,Fw
905,474.22,0.705178292257089,0.801477267669313,948.44,2016_yk_097,Yukon,2016,0.70698581579308994,0.804703582054896,4.0756933746299e-4,559.795339463621,766.379161497421,1166.424,0.707810299334092,313.1776375083724,Fw
906,474.744,0.708555127266429,0.803218904087705,949.488,2016_yk_097,Yukon,2016,0.706999896228336,0.805035004785981,3.314227310851e-4,559.795339463621,766.379161497421,1166.424,0.707810299334092,313.1776375083724,Fw
907,475.268,0.708407185449012,0.803563803646784,950.536,2016_yk_097,Yukon,2016,0.707018124497305,0.805607862364875,5.7285757889424e-4,559.795339463621,766.379161497421,1166.424,0.707810299334092,313.1776375083724,Fw
908,475.792,0.707341575044743,0.788582555408224,951.584,2016_yk_097,Yukon,2016,0.707030389446878,0.806434530027213,8.2666766233807e-4,559.795339463621,766.379161497421,1166.424,0.707810299334092,313.1776375083724,Fw
909,476.316,0.707414991901784,0.780630618005298,952.632,2016_yk_097,Yukon,2016,0.707036385331553,0.806906787187678,4.7225716046484e-4,559.795339463621,766.379161497421,1166.424,0.707810299334092,313.1776375083724,Fw
910,476.84,0.707107481491719,0.804844368791321,953.68,2016_yk_097,Yukon,2016,0.707004097041895,0.807043039612015,1.3625242433712e-4,559.795339463621,766.379161497421,1166.424,0.707810299334092,313.1776375083724,Fw
911,477.364,0.70835190288177,0.813123696591572,954.728,2016_yk_097,Yukon,2016,0.707003999540278,0.807470932106341,4.2789249432606e-4,559.795339463621,766.379161497421,1166.424,0.707810299334092,313.1776375083724,Fw
912,477.888,0.707134243926569,0.795578747171426,955.776,2016_yk_097,Yukon,2016,0.707001230274808,0.807795411854505,3.2447974816396e-4,559.795339463621,766.379161497421,1166.424,0.707810299334092,313.1776375083724,Fw
913,478.412,0.706334567519077,0.793469690335164,956.824,2016_yk_097,Yukon,2016,0.707028128956767,0.807712461745211,-8.29501092942664e-5,559.795339463621,766.379161497421,1166.424,0.707810299334092,313.1776375083724,Fw
914,478.936,0.706678632197196,0.811420628500226,957.872,2016_yk_097,Yukon,2016,0.707035026282332,0.807759495187475,4.70334422644214e-5,559.795339463621,766.379161497421,1166.424,0.707810299334092,313.1776375083724,Fw
915,479.46,0.707858629361347,0.829425160352376,958.92,2016_yk_097,Yukon,2016,0.707033097894702,0.808349868468854,5.9037328137912e-4,559.795339463621,766.379161497421,1166.424,0.707810299334092,313.1776375083724,Fw
916,479.984,0.70648291830244,0.794406077942086,959.968,2016_yk_097,Yukon,2016,0.707012693339742,0.808913389737078,5.6352126822323e-4,559.795339463621,766.379161497421,1166.424,0.707810299334092,313.1776375083724,Fw
917,480.508,0.706208717566024,0.789377547504126,961.016,2016_yk_097,Yukon,2016,0.707008787640866,0.809235331254307,3.2194151722952e-4,559.795339463621,766.379161497421,1166.424,0.707810299334092,313.1776375083724,Fw
918,481.032,0.706204802967125,0.810778926952537,962.064,2016_yk_097,Yukon,2016,0.707064543255035,0.80948808902617,2.5275777186284e-4,559.795339463621,766.379161497421,1166.424,0.707810299334092,313.1776375083724,Fw
919,481.556,0.709023014559824,0.817607388607635,963.112,2016_yk_097,Yukon,2016,0.70708605676217,0.809639118551166,1.5102952499646e-4,559.795339463621,766.379161497421,1166.424,0.707810299334092,313.1776375083724,Fw
920,482.08,0.707075993877666,0.810585873702849,964.16,2016_yk_097,Yukon,2016,0.707107275342132,0.809495830208127,-1.4328834303944e-4,559.795339463621,766.379161497421,1166.424,0.707810299334092,313.1776375083724,Fw
921,482.604,0.70734522293731,0.810395180569148,965.208,2016_yk_097,Yukon,2016,0.70708440020663,0.808766003532161,-7.2982667596577e-4,559.795339463621,766.379161497421,1166.424,0.707810299334092,313.1776375083724,Fw
922,483.128,0.706599314269549,0.826764877474865,966.256,2016_yk_097,Yukon,2016,0.707109910280563,0.808219563541364,-5.4643999079717e-4,559.795339463621,766.379161497421,1166.424,0.707810299334092,313.1776375083724,Fw
923,483.652,0.706519344220829,0.821020400326226,967.304,2016_yk_097,Yukon,2016,0.707097163612014,0.808010366493917,-2.0919704744737e-4,559.795339463621,766.379161497421,1166.424,0.707810299334092,313.1776375083724,Fw
924,484.176,0.707138192748564,0.788362870986087,968.352,2016_yk_097,Yukon,2016,0.707126225981943,0.807922311140819,-8.8055353097749e-5,559.795339463621,766.379161497421,1166.424,0.707810299334092,313.1776375083724,Fw
925,484.7,0.707417125598139,0.806762031684952,969.4,2016_yk_097,Yukon,2016,0.707170857671319,0.807491261838755,-4.3104930206427e-4,559.795339463621,766.379161497421,1166.424,0.707810299334092,313.1776375083724,Fw
926,485.224,0.707760681044405,0.829908546506752,970.448,2016_yk_097,Yukon,2016,0.707157821851692,0.807815598742641,3.24336903886e-4,559.795339463621,766.379161497421,1166.424,0.707810299334092,313.1776375083724,Fw
927,485.748,0.706369231068435,0.824552103556038,971.496,2016_yk_097,Yukon,2016,0.707166679729038,0.808489424829362,6.7382608672095e-4,559.795339463621,766.379161497421,1166.424,0.707810299334092,313.1776375083724,Fw
928,486.272,0.706900485709629,0.807670931194497,972.544,2016_yk_097,Yukon,2016,0.707165511073461,0.808864525141566,3.7510031220411e-4,559.795339463621,766.379161497421,1166.424,0.707810299334092,313.1776375083724,Fw
929,486.796,0.706776234453382,0.81904338239199,973.592,2016_yk_097,Yukon,2016,0.707168490291745,0.809058082786486,1.9355764492035e-4,559.795339463621,766.379161497421,1166.424,0.707810299334092,313.1776375083724,Fw
930,487.32,0.70890657925834,0.826399624051248,974.64,2016_yk_097,Yukon,2016,0.707148869212866,0.809440815292562,3.8273250607556e-4,559.795339463621,766.379161497421,1166.424,0.707810299334092,313.1776375083724,Fw
931,487.844,0.707189702578117,0.806411818482238,975.688,2016_yk_097,Yukon,2016,0.70712191896249,0.80964323029578,2.0241500321893e-4,559.795339463621,766.379161497421,1166.424,0.707810299334092,313.1776375083724,Fw
932,488.368,0.707611212610544,0.790113038883004,976.736,2016_yk_097,Yukon,2016,0.707138548352996,0.809732766980164,8.95366843839396e-5,559.795339463621,766.379161497421,1166.424,0.707810299334092,313.1776375083724,Fw
933,488.892,0.706882620774557,0.833123002083439,977.784,2016_yk_097,Yukon,2016,0.707137329803043,0.8100125202268,2.7975324663565e-4,559.795339463621,766.379161497421,1166.424,0.707810299334092,313.1776375083724,Fw
934,489.416,0.707173147509272,0.819326742530673,978.832,2016_yk_097,Yukon,2016,0.707161647392857,0.810286632229261,2.7411200246074e-4,559.795339463621,766.379161497421,1166.424,0.707810299334092,313.1776375083724,Fw
935,489.94,0.705910037431903,0.803920766274335,979.88,2016_yk_097,Yukon,2016,0.707184178810473,0.810281970888751,-4.66134050991496e-6,559.795339463621,766.379161497421,1166.424,0.707810299334092,313.1776375083724,Fw
936,490.464,0.707581659934738,0.812264226241762,980.928,2016_yk_097,Yukon,2016,0.707151525720799,0.810104467924976,-1.7750296377516e-4,559.795339463621,766.379161497421,1166.424,0.707810299334092,313.1776375083724,Fw
937,490.988,0.707151138002674,0.831876026165776,981.976,2016_yk_097,Yukon,2016,0.707131414687168,0.810074992201704,-2.94757232720544e-5,559.795339463621,766.379161497421,1166.424,0.707810299334092,313.1776375083724,Fw
938,491.512,0.707941556551348,0.827105396441965,983.024,2016_yk_097,Yukon,2016,0.707114296603081,0.810366610663023,2.9161846131886e-4,559.795339463621,766.379161497421,1166.424,0.707810299334092,313.1776375083724,Fw
939,492.036,0.70804200489759,0.792677420918165,984.072,2016_yk_097,Yukon,2016,0.707105661668782,0.810430887639813,6.4276976790123e-5,559.795339463621,766.379161497421,1166.424,0.707810299334092,313.1776375083724,Fw
940,492.56,0.705519139955355,0.80570694907274,985.12,2016_yk_097,Yukon,2016,0.707098717565812,0.81018946770456,-2.4141993525317e-4,559.795339463621,766.379161497421,1166.424,0.707810299334092,313.1776375083724,Fw
941,493.084,0.706364456015764,0.829176482487438,986.168,2016_yk_097,Yukon,2016,0.707072881428671,0.810048316194668,-1.4115150989157e-4,559.795339463621,766.379161497421,1166.424,0.707810299334092,313.1776375083724,Fw
942,493.608,0.706932940540988,0.811607123961708,987.216,2016_yk_097,Yukon,2016,0.707062447240501,0.809963377434912,-8.49387597561257e-5,559.795339463621,766.379161497421,1166.424,0.707810299334092,313.1776375083724,Fw
943,494.132,0.707942112198284,0.796386187293487,988.264,2016_yk_097,Yukon,2016,0.707077282641544,0.809634897550733,-3.284798841785e-4,559.795339463621,766.379161497421,1166.424,0.707810299334092,313.1776375083724,Fw
944,494.656,0.706936567162635,0.815925662850446,989.312,2016_yk_097,Yukon,2016,0.707090804658608,0.809185473621098,-4.4942392963531e-4,559.795339463621,766.379161497421,1166.424,0.707810299334092,313.1776375083724,Fw
945,495.18,0.707129503271909,0.841659474480651,990.36,2016_yk_097,Yukon,2016,0.707064147825757,0.808978470046325,-2.0700357477276e-4,559.795339463621,766.379161497421,1166.424,0.707810299334092,313.1776375083724,Fw
946,495.704,0.705864482963856,0.839250735014956,991.408,2016_yk_097,Yukon,2016,0.707054907861028,0.809215248077034,2.3677803070865e-4,559.795339463621,766.379161497421,1166.424,0.707810299334092,313.1776375083724,Fw
947,496.228,0.706801722850407,0.821177620731638,992.456,2016_yk_097,Yukon,2016,0.707055443719046,0.80906562305427,-1.4962502276361e-4,559.795339463621,766.379161497421,1166.424,0.707810299334092,313.1776375083724,Fw
948,496.752,0.70851925174785,0.830705824378937,993.504,2016_yk_097,Yukon,2016,0.70707550238674,0.808469160450906,-5.9646260336421e-4,559.795339463621,766.379161497421,1166.424,0.707810299334092,313.1776375083724,Fw
949,497.276,0.708681100681058,0.827263774203393,994.552,2016_yk_097,Yukon,2016,0.707075104102978,0.807746089128678,-7.2307132222826e-4,559.795339463621,766.379161497421,1166.424,0.707810299334092,313.1776375083724,Fw
950,497.8,0.70773156121765,0.79588654093922,995.6,2016_yk_097,Yukon,2016,0.707081764980714,0.806648267517602,-0.00109782161107608,559.795339463621,766.379161497421,1166.424,0.707810299334092,313.1776375083724,Fw
951,498.324,0.706035391109907,0.784261293427957,996.648,2016_yk_097,Yukon,2016,0.707075103558943,0.805243244132722,-0.00140502338488013,559.795339463621,766.379161497421,1166.424,0.707810299334092,313.1776375083724,Fw
952,498.848,0.707308441894181,0.809241665056423,997.696,2016_yk_097,Yukon,2016,0.707084007616694,0.803802319869195,-0.00144092426352682,559.795339463621,766.379161497421,1166.424,0.707810299334092,313.1776375083724,Fw
953,499.372,0.707409101156154,0.801342575089147,998.744,2016_yk_097,Yukon,2016,0.707099867779345,0.802165847343363,-0.00163647252583166,559.795339463621,766.379161497421,1166.424,0.707810299334092,313.1776375083724,Fw
954,499.896,0.708596512040268,0.778165343628182,999.792,2016_yk_097,Yukon,2016,0.707125563258896,0.801114007141681,-0.0010518402016817,559.795339463621,766.379161497421,1166.424,0.707810299334092,313.1776375083724,Fw
955,500.42,0.708534993738798,0.786663327322129,1000.84,2016_yk_097,Yukon,2016,0.707129430790754,0.799928996477945,-0.00118501066373677,559.795339463621,766.379161497421,1166.424,0.707810299334092,313.1776375083724,Fw
956,500.944,0.707605041050487,0.827071844118112,1001.888,2016_yk_097,Yukon,2016,0.707113848271698,0.798795831788191,-0.00113316468975366,559.795339463621,766.379161497421,1166.424,0.707810299334092,313.1776375083724,Fw
957,501.468,0.707573876909448,0.829995170707319,1002.936,2016_yk_097,Yukon,2016,0.707147418078972,0.797510324556871,-0.00128550723132004,559.795339463621,766.379161497421,1166.424,0.707810299334092,313.1776375083724,Fw
958,501.992,0.705141631102757,0.790999565683025,1003.984,2016_yk_097,Yukon,2016,0.707128291484987,0.795952723471396,-0.00155760108547476,559.795339463621,766.379161497421,1166.424,0.707810299334092,313.1776375083724,Fw
959,502.516,0.7060572235439,0.812404096328142,1005.032,2016_yk_097,Yukon,2016,0.707121764992775,0.794097916015359,-0.00185480745603761,559.795339463621,766.379161497421,1166.424,0.707810299334092,313.1776375083724,Fw
960,503.04,0.705939468076,0.820355281486656,1006.08,2016_yk_097,Yukon,2016,0.707084794721047,0.792484672150474,-0.00161324386488426,559.795339463621,766.379161497421,1166.424,0.707810299334092,313.1776375083724,Fw
961,503.564,0.70710373421351,0.79557078789025,1007.128,2016_yk_097,Yukon,2016,0.707080963523261,0.791269940080511,-0.00121473206996292,559.795339463621,766.379161497421,1166.424,0.707810299334092,313.1776375083724,Fw
962,504.088,0.707128771984458,0.797772931257504,1008.176,2016_yk_097,Yukon,2016,0.70709158271278,0.790527137987403,-7.4280209310828e-4,559.795339463621,766.379161497421,1166.424,0.707810299334092,313.1776375083724,Fw
963,504.612,0.707205815424311,0.820004763991047,1009.224,2016_yk_097,Yukon,2016,0.707089104615621,0.789287662103723,-0.0012394758836799,559.795339463621,766.379161497421,1166.424,0.707810299334092,313.1776375083724,Fw
964,505.136,0.707062434552422,0.822813270323296,1010.272,2016_yk_097,Yukon,2016,0.707108794552282,0.788164424859643,-0.00112323724408003,559.795339463621,766.379161497421,1166.424,0.707810299334092,313.1776375083724,Fw
965,505.66,0.706530177314005,0.801197587238715,1011.32,2016_yk_097,Yukon,2016,0.707133428802473,0.78688865072621506,-0.00127577413342861,559.795339463621,766.379161497421,1166.424,0.707810299334092,313.1776375083724,Fw
966,506.184,0.706595941885976,0.792568726261193,1012.368,2016_yk_097,Yukon,2016,0.707165991697449,0.785441420066253,-0.00144723065996211,559.795339463621,766.379161497421,1166.424,0.707810299334092,313.1776375083724,Fw
967,506.708,0.707200523431171,0.801795260250462,1013.416,2016_yk_097,Yukon,2016,0.707161601064066,0.783842847715376,-0.00159857235087657,559.795339463621,766.379161497421,1166.424,0.707810299334092,313.1776375083724,Fw
968,507.232,0.706314489999538,0.806079663087361,1014.464,2016_yk_097,Yukon,2016,0.707136700499815,0.782084564075623,-0.00175828363975328,559.795339463621,766.379161497421,1166.424,0.707810299334092,313.1776375083724,Fw
969,507.756,0.706896895843828,0.784487236612704,1015.512,2016_yk_097,Yukon,2016,0.7071223855257,0.780818434696006,-0.00126612937961701,559.795339463621,766.379161497421,1166.424,0.707810299334092,313.1776375083724,Fw
970,508.28,0.706690835313553,0.790359172676132,1016.56,2016_yk_097,Yukon,2016,0.707188108488765,0.779048570191663,-0.00176986450434291,559.795339463621,766.379161497421,1166.424,0.707810299334092,313.1776375083724,Fw
971,508.804,0.706801734653314,0.804654605998072,1017.608,2016_yk_097,Yukon,2016,0.707210039269027,0.777351705686956,-0.00169686450470674,559.795339463621,766.379161497421,1166.424,0.707810299334092,313.1776375083724,Fw
972,509.328,0.706508192636324,0.79048242158606,1018.656,2016_yk_097,Yukon,2016,0.707253810654957,0.775924098896336,-0.00142760679062015,559.795339463621,766.379161497421,1166.424,0.707810299334092,313.1776375083724,Fw
973,509.852,0.707224691581678,0.773760897284451,1019.704,2016_yk_097,Yukon,2016,0.707254050531854,0.774625413204964,-0.00129868569137204,559.795339463621,766.379161497421,1166.424,0.707810299334092,313.1776375083724,Fw
974,510.376,0.707489953221013,0.784455192722113,1020.752,2016_yk_097,Yukon,2016,0.707272443696309,0.773155958999487,-0.00146945420547684,559.795339463621,766.379161497421,1166.424,0.707810299334092,313.1776375083724,Fw
975,510.9,0.706259219390341,0.817004945866008,1021.8,2016_yk_097,Yukon,2016,0.707307377989368,0.771522442877498,-0.00163351612198892,559.795339463621,766.379161497421,1166.424,0.707810299334092,313.1776375083724,Fw
976,511.424,0.70592852041867,0.808612759784602,1022.848,2016_yk_097,Yukon,2016,0.707338046435422,0.769453271597851,-0.00206917127964656,559.795339463621,766.379161497421,1166.424,0.707810299334092,313.1776375083724,Fw
977,511.948,0.706240869047138,0.78040004613831,1023.896,2016_yk_097,Yukon,2016,0.707369868762224,0.767794984989139,-0.00165828660871215,559.795339463621,766.379161497421,1166.424,0.707810299334092,313.1776375083724,Fw
978,512.472,0.707408323028705,0.774991170750683,1024.944,2016_yk_097,Yukon,2016,0.707356619216512,0.76621049995049,-0.0015844850386495,559.795339463621,766.379161497421,1166.424,0.707810299334092,313.1776375083724,Fw
979,512.996,0.708999117534148,0.774223109273939,1025.992,2016_yk_097,Yukon,2016,0.707348162603731,0.765174061742524,-0.00103643820796562,559.795339463621,766.379161497421,1166.424,0.707810299334092,313.1776375083724,Fw
980,513.52,0.707475646541825,0.744716577038279,1027.04,2016_yk_097,Yukon,2016,0.707341291691006,0.764303042552468,-8.7101919005605e-4,559.795339463621,766.379161497421,1166.424,0.707810299334092,313.1776375083724,Fw
981,514.044,0.706945537631036,0.72609377747634,1028.088,2016_yk_097,Yukon,2016,0.70738615673932,0.76356396372475,-7.3907882771762e-4,559.795339463621,766.379161497421,1166.424,0.707810299334092,313.1776375083724,Fw
982,514.568,0.707133557734586,0.740309421663256,1029.136,2016_yk_097,Yukon,2016,0.707396013779955,0.762638647345719,-9.2531637903148e-4,559.795339463621,766.379161497421,1166.424,0.707810299334092,313.1776375083724,Fw
983,515.092,0.707470953979898,0.722832048776322,1030.184,2016_yk_097,Yukon,2016,0.707411586295489,0.762079240970722,-5.5940637499674e-4,559.795339463621,766.379161497421,1166.424,0.707810299334092,313.1776375083724,Fw
984,515.616,0.708679921521621,0.725252458885188,1031.232,2016_yk_097,Yukon,2016,0.707394794422594,0.761924152547739,-1.5508842298328e-4,559.795339463621,766.379161497421,1166.424,0.707810299334092,313.1776375083724,Fw
985,516.14,0.70764917750965906,0.735661391860741,1032.28,2016_yk_097,Yukon,2016,0.707397631149555,0.761678920842081,-2.452317056576e-4,559.795339463621,766.379161497421,1166.424,0.707810299334092,313.1776375083724,Fw
986,516.664,0.706825729901012,0.761918665121533,1033.328,2016_yk_097,Yukon,2016,0.707383422485256,0.761284902708699,-3.9401813338224e-4,559.795339463621,766.379161497421,1166.424,0.707810299334092,313.1776375083724,Fw
987,517.188,0.708383419504896,0.747421669676834,1034.376,2016_yk_097,Yukon,2016,0.707399789888294,0.760864485283415,-4.2041742528464e-4,559.795339463621,766.379161497421,1166.424,0.707810299334092,313.1776375083724,Fw
988,517.712,0.705752890070528,0.714214866066011,1035.424,2016_yk_097,Yukon,2016,0.707459232049294,0.760608620324307,-2.5586495910734e-4,559.795339463621,766.379161497421,1166.424,0.707810299334092,313.1776375083724,Fw
989,518.236,0.706384644920657,0.707754935029737,1036.472,2016_yk_097,Yukon,2016,0.70749635792745,0.759836270775644,-7.7234954866356e-4,559.795339463621,766.379161497421,1166.424,0.707810299334092,313.1776375083724,Fw
990,518.76,0.706688362954685,0.729604992158196,1037.52,2016_yk_097,Yukon,2016,0.707537975003295,0.759342012590598,-4.9425818504578e-4,559.795339463621,766.379161497421,1166.424,0.707810299334092,313.1776375083724,Fw
991,519.284,0.706959830710946,0.733527894284463,1038.568,2016_yk_097,Yukon,2016,0.707548207980565,0.758970972496549,-3.7104009404886e-4,559.795339463621,766.379161497421,1166.424,0.707810299334092,313.1776375083724,Fw
992,519.808,0.708248363981636,0.745544913296505,1039.616,2016_yk_097,Yukon,2016,0.707594355569766,0.75813335532872,-8.3761716782893e-4,559.795339463621,766.379161497421,1166.424,0.707810299334092,313.1776375083724,Fw
993,520.332,0.706733934945046,0.758754449062648,1040.664,2016_yk_097,Yukon,2016,0.707619146150179,0.757309069496216,-8.2428583250404e-4,559.795339463621,766.379161497421,1166.424,0.707810299334092,313.1776375083724,Fw
994,520.856,0.708354543708935,0.75193250788587,1041.712,2016_yk_097,Yukon,2016,0.707625254735513,0.757112359869137,-1.9670962707918e-4,559.795339463621,766.379161497421,1166.424,0.707810299334092,313.1776375083724,Fw
995,521.38,0.70738809244333,0.727374318268611,1042.76,2016_yk_097,Yukon,2016,0.707672329379948,0.757360189749252,2.4782988011518e-4,559.795339463621,766.379161497421,1166.424,0.707810299334092,313.1776375083724,Fw
996,521.904,0.70953543363332106,0.725430386644042,1043.808,2016_yk_097,Yukon,2016,0.707700728549524,0.757662203739269,3.0201399001728e-4,559.795339463621,766.379161497421,1166.424,0.707810299334092,313.1776375083724,Fw
997,522.428,0.706887699999725,0.735961685113187,1044.856,2016_yk_097,Yukon,2016,0.707731990177109,0.758288984140233,6.2678040096397e-4,559.795339463621,766.379161497421,1166.424,0.707810299334092,313.1776375083724,Fw
998,522.952,0.706447522696243,0.721608378056767,1045.904,2016_yk_097,Yukon,2016,0.707777714297565,0.759147394028831,8.5840988859775e-4,559.795339463621,766.379161497421,1166.424,0.707810299334092,313.1776375083724,Fw
999,523.476,0.707183106450673,0.716709658141146,1046.952,2016_yk_097,Yukon,2016,0.707796560009091,0.759705339970845,5.5794594201363e-4,559.795339463621,766.379161497421,1166.424,0.707810299334092,313.1776375083724,Fw
1000,524,0.7094625177393,0.699515078812168,1048,2016_yk_097,Yukon,2016,0.707841620959663,0.759672641711151,-3.26982596939862e-5,559.795339463621,766.379161497421,1166.424,0.707810299334092,313.1776375083724,Fw
1001,524.524,0.70768030283146,0.727364612205034,1049.048,2016_yk_097,Yukon,2016,0.707876439123043,0.759964776396101,2.9213468495037e-4,559.795339463621,766.379161497421,1166.424,0.707810299334092,313.1776375083724,Fw
1002,525.048,0.70955922369681,0.725950716524493,1050.096,2016_yk_097,Yukon,2016,0.70792444104184,0.760320080232513,3.5530383641146e-4,559.795339463621,766.379161497421,1166.424,0.707810299334092,313.1776375083724,Fw
1003,525.572,0.707956504812086,0.718465045811166,1051.144,2016_yk_097,Yukon,2016,0.707943358375493,0.760779270488093,4.5919025558094e-4,559.795339463621,766.379161497421,1166.424,0.707810299334092,313.1776375083724,Fw
1004,526.096,0.708040157029972,0.727758410521839,1052.192,2016_yk_097,Yukon,2016,0.707969938795715,0.761324096693768,5.4482620567408e-4,559.795339463621,766.379161497421,1166.424,0.707810299334092,313.1776375083724,Fw
1005,526.62,0.709225560855451,0.743648507161315,1053.24,2016_yk_097,Yukon,2016,0.70800712877497,0.761858199920377,5.3410322660907e-4,559.795339463621,766.379161497421,1166.424,0.707810299334092,313.1776375083724,Fw
1006,527.144,0.707704589727048,0.715100458236158,1054.288,2016_yk_097,Yukon,2016,0.708071818092465,0.762833620348866,9.7542042848985e-4,559.795339463621,766.379161497421,1166.424,0.707810299334092,313.1776375083724,Fw
1007,527.668,0.708711062458528,0.72168042420891,1055.336,2016_yk_097,Yukon,2016,0.708115741790337,0.763834158246231,0.00100053789736487,559.795339463621,766.379161497421,1166.424,0.707810299334092,313.1776375083724,Fw
1008,528.192,0.707724279005161,0.735636722059969,1056.384,2016_yk_097,Yukon,2016,0.70813412019472,0.764923294416007,0.00108913616977613,559.795339463621,766.379161497421,1166.424,0.707810299334092,313.1776375083724,Fw
1009,528.716,0.708173703914225,0.765077481725455,1057.432,2016_yk_097,Yukon,2016,0.708140921746222,0.766225834010257,0.00130253959424942,559.795339463621,766.379161497421,1166.424,0.707810299334092,313.1776375083724,Fw
1010,529.24,0.707319306454134,0.743625389535858,1058.48,2016_yk_097,Yukon,2016,0.708154340487906,0.768096546200952,0.00187071219069468,559.795339463621,766.379161497421,1166.424,0.707810299334092,313.1776375083724,Fw
1011,529.764,0.708727294008733,0.739916563764896,1059.528,2016_yk_097,Yukon,2016,0.708181315230202,0.770021444178433,0.00192489797748152,559.795339463621,766.379161497421,1166.424,0.707810299334092,313.1776375083724,Fw
1012,530.288,0.707899864332261,0.753722682314539,1060.576,2016_yk_097,Yukon,2016,0.708206685469035,0.771804697701459,0.00178325352302544,559.795339463621,766.379161497421,1166.424,0.707810299334092,313.1776375083724,Fw
1013,530.812,0.708343452088209,0.767778192589339,1061.624,2016_yk_097,Yukon,2016,0.708222102247836,0.77441103302852,0.00260633532706123,559.795339463621,766.379161497421,1166.424,0.707810299334092,313.1776375083724,Fw
1014,531.336,0.707588999666556,0.768860038249184,1062.672,2016_yk_097,Yukon,2016,0.708235929437487,0.776598390588194,0.00218735755967447,559.795339463621,766.379161497421,1166.424,0.707810299334092,313.1776375083724,Fw
1015,531.86,0.708705197356469,0.771949424982671,1063.72,2016_yk_097,Yukon,2016,0.708266566895402,0.778327919019586,0.00172952843139196,559.795339463621,766.379161497421,1166.424,0.707810299334092,313.1776375083724,Fw
1016,532.384,0.706752521192571,0.803430756115177,1064.768,2016_yk_097,Yukon,2016,0.708285257054069,0.780483662112426,0.00215574309283961,559.795339463621,766.379161497421,1166.424,0.707810299334092,313.1776375083724,Fw
1017,532.908,0.708555921091684,0.80477012519024,1065.816,2016_yk_097,Yukon,2016,0.708303601004831,0.783320870641188,0.00283720852876179,559.795339463621,766.379161497421,1166.424,0.707810299334092,313.1776375083724,Fw
1018,533.432,0.708708160762765,0.775647668136586,1066.864,2016_yk_097,Yukon,2016,0.708363707533815,0.786471310036006,0.00315043939481807,559.795339463621,766.379161497421,1166.424,0.707810299334092,313.1776375083724,Fw
1019,533.956,0.708284776233275,0.766063123408324,1067.912,2016_yk_097,Yukon,2016,0.70840361062878,0.789705510697479,0.00323420066147362,559.795339463621,766.379161497421,1166.424,0.707810299334092,313.1776375083724,Fw
1020,534.48,0.708436492626675,0.79069979038391,1068.96,2016_yk_097,Yukon,2016,0.70844875781404,0.792838503990053,0.00313299329257399,559.795339463621,766.379161497421,1166.424,0.707810299334092,313.1776375083724,Fw
1021,535.004,0.707717712849756,0.77330838224732,1070.008,2016_yk_097,Yukon,2016,0.70849011483554,0.796196980873,0.00335847688294622,559.795339463621,766.379161497421,1166.424,0.707810299334092,313.1776375083724,Fw
1022,535.528,0.709897627336533,0.747515901187766,1071.056,2016_yk_097,Yukon,2016,0.708498336823538,0.799059773768619,0.00286279289561975,559.795339463621,766.379161497421,1166.424,0.707810299334092,313.1776375083724,Fw
1023,536.052,0.708693250249037,0.770547614040805,1072.104,2016_yk_097,Yukon,2016,0.708529856494725,0.801609644276538,0.00254987050791844,559.795339463621,766.379161497421,1166.424,0.707810299334092,313.1776375083724,Fw
1024,536.576,0.707428949672459,0.81101069269855,1073.152,2016_yk_097,Yukon,2016,0.708552284441655,0.805193157507178,0.00358351323063988,559.795339463621,766.379161497421,1166.424,0.707810299334092,313.1776375083724,Fw
1025,537.1,0.709354655980136,0.816067380045624,1074.2,2016_yk_097,Yukon,2016,0.70856844158801,0.809321626020036,0.00412846851285886,559.795339463621,766.379161497421,1166.424,0.707810299334092,313.1776375083724,Fw
1026,537.624,0.708299892060511,0.810689565662225,1075.248,2016_yk_097,Yukon,2016,0.708532690780647,0.812819583381693,0.00349795736165637,559.795339463621,766.379161497421,1166.424,0.707810299334092,313.1776375083724,Fw
1027,538.148,0.709076221086291,0.839402084308304,1076.296,2016_yk_097,Yukon,2016,0.708584806178331,0.816512338661459,0.00369275527976631,559.795339463621,766.379161497421,1166.424,0.707810299334092,313.1776375083724,Fw
1028,538.672,0.709057937226872,0.857584256403222,1077.344,2016_yk_097,Yukon,2016,0.708614398777911,0.82118119951945,0.00466886085799079,559.795339463621,766.379161497421,1166.424,0.707810299334092,313.1776375083724,Fw
1029,539.196,0.708027638535438,0.817963993133523,1078.392,2016_yk_097,Yukon,2016,0.708644990451707,0.825760066696219,0.00457886717676947,559.795339463621,766.379161497421,1166.424,0.707810299334092,313.1776375083724,Fw
1030,539.72,0.709394492347856,0.788397277094496,1079.44,2016_yk_097,Yukon,2016,0.708633944426006,0.830281107026563,0.0045210403303434,559.795339463621,766.379161497421,1166.424,0.707810299334092,313.1776375083724,Fw
1031,540.244,0.708890824456105,0.822182687095094,1080.488,2016_yk_097,Yukon,2016,0.708659479489708,0.834775031789648,0.00449392476308563,559.795339463621,766.379161497421,1166.424,0.707810299334092,313.1776375083724,Fw
1032,540.768,0.70938830776412,0.811800651770754,1081.536,2016_yk_097,Yukon,2016,0.708644737093869,0.840186655464862,0.00541162367521386,559.795339463621,766.379161497421,1166.424,0.707810299334092,313.1776375083724,Fw
1033,541.292,0.708359731600873,0.801312312619305,1082.584,2016_yk_097,Yukon,2016,0.70865543067976,0.845865203971718,0.00567854850685567,559.795339463621,766.379161497421,1166.424,0.707810299334092,313.1776375083724,Fw
1034,541.816,0.709084778434348,0.817144765062558,1083.632,2016_yk_097,Yukon,2016,0.708665364290866,0.850951918619136,0.00508671464741806,559.795339463621,766.379161497421,1166.424,0.707810299334092,313.1776375083724,Fw
1035,542.34,0.708490618145676,0.849051139462549,1084.68,2016_yk_097,Yukon,2016,0.708664754387114,0.856322438071039,0.0053705194519027,559.795339463621,766.379161497421,1166.424,0.707810299334092,313.1776375083724,Fw
1036,542.864,0.709809879468331,0.867137985494,1085.728,2016_yk_097,Yukon,2016,0.708671536589766,0.863052793385377,0.00673035531433852,559.795339463621,766.379161497421,1166.424,0.707810299334092,313.1776375083724,Fw
1037,543.388,0.708876290919469,0.840432319980204,1086.776,2016_yk_097,Yukon,2016,0.70867046475293,0.869138079319905,0.00608528593452784,559.795339463621,766.379161497421,1166.424,0.707810299334092,313.1776375083724,Fw
1038,543.912,0.708511027291707,0.84033934093725,1087.824,2016_yk_097,Yukon,2016,0.708677544528927,0.874173799008132,0.00503571968822714,559.795339463621,766.379161497421,1166.424,0.707810299334092,313.1776375083724,Fw
1039,544.436,0.709407210624211,0.852375484928902,1088.872,2016_yk_097,Yukon,2016,0.708692054945278,0.87946480951669,0.00529101050855796,559.795339463621,766.379161497421,1166.424,0.707810299334092,313.1776375083724,Fw
1040,544.96,0.7082807710429,0.856959308479961,1089.92,2016_yk_097,Yukon,2016,0.7087115443274,0.886039880927366,0.0065750714106757,559.795339463621,766.379161497421,1166.424,0.707810299334092,313.1776375083724,Fw
1041,545.484,0.708564022168804,0.841587656125234,1090.968,2016_yk_097,Yukon,2016,0.708715110053557,0.891806888343295,0.00576700741592884,559.795339463621,766.379161497421,1166.424,0.707810299334092,313.1776375083724,Fw
1042,546.008,0.708655772064562,0.847304633044775,1092.016,2016_yk_097,Yukon,2016,0.708716878778501,0.897197663991363,0.00539077564806811,559.795339463621,766.379161497421,1166.424,0.707810299334092,313.1776375083724,Fw
1043,546.532,0.708395960707962,0.879212168400001,1093.064,2016_yk_097,Yukon,2016,0.70871826217944,0.902870183273366,0.00567251928200274,559.795339463621,766.379161497421,1166.424,0.707810299334092,313.1776375083724,Fw
1044,547.056,0.709509552900678,0.856493912465653,1094.112,2016_yk_097,Yukon,2016,0.708729884906128,0.908559279364595,0.00568909609122925,559.795339463621,766.379161497421,1166.424,0.707810299334092,313.1776375083724,Fw
1045,547.58,0.709487424984513,0.83943309774426,1095.16,2016_yk_097,Yukon,2016,0.708743815047273,0.913719083103369,0.005159803738774,559.795339463621,766.379161497421,1166.424,0.707810299334092,313.1776375083724,Fw
1046,548.104,0.707947139421075,0.891263250691915,1096.208,2016_yk_097,Yukon,2016,0.708775350217069,0.918322841133648,0.00460375803027879,559.795339463621,766.379161497421,1166.424,0.707810299334092,313.1776375083724,Fw
1047,548.628,0.709484056550625,0.917654181402539,1097.256,2016_yk_097,Yukon,2016,0.708779193016169,0.92332273724832,0.00499989611467289,559.795339463621,766.379161497421,1166.424,0.707810299334092,313.1776375083724,Fw
1048,549.152,0.709359281809512,0.903241229755092,1098.304,2016_yk_097,Yukon,2016,0.708789210680767,0.928836390702116,0.00551365345379529,559.795339463621,766.379161497421,1166.424,0.707810299334092,313.1776375083724,Fw
1049,549.676,0.708778830618597,0.901806974718162,1099.352,2016_yk_097,Yukon,2016,0.708809904330306,0.933864750654083,0.00502835995196727,559.795339463621,766.379161497421,1166.424,0.707810299334092,313.1776375083724,Fw
1050,550.2,0.709397194070266,0.917584589712635,1100.4,2016_yk_097,Yukon,2016,0.708830914039867,0.939064125395649,0.0051993747415664,559.795339463621,766.379161497421,1166.424,0.707810299334092,313.1776375083724,Fw
1051,550.724,0.70944125200098,0.93503650726124,1101.448,2016_yk_097,Yukon,2016,0.708863697372003,0.945703677344341,0.00663955194869115,559.795339463621,766.379161497421,1166.424,0.707810299334092,313.1776375083724,Fw
1052,551.248,0.708741683261476,0.917312487033687,1102.496,2016_yk_097,Yukon,2016,0.708859889275882,0.952631313769553,0.00692763642521232,559.795339463621,766.379161497421,1166.424,0.707810299334092,313.1776375083724,Fw
1053,551.772,0.708625115216253,0.911746679537752,1103.544,2016_yk_097,Yukon,2016,0.708846421964105,0.958692644699048,0.0060613309294949,559.795339463621,766.379161497421,1166.424,0.707810299334092,313.1776375083724,Fw
1054,552.296,0.709700220524729,0.966943301724261,1104.592,2016_yk_097,Yukon,2016,0.708889157405209,0.965271453528347,0.00657880882929873,559.795339463621,766.379161497421,1166.424,0.707810299334092,313.1776375083724,Fw
1055,552.82,0.708357521224686,0.975082429040147,1105.64,2016_yk_097,Yukon,2016,0.708892199459075,0.972266910922123,0.0069954573937766,559.795339463621,766.379161497421,1166.424,0.707810299334092,313.1776375083724,Fw
1056,553.344,0.7073903851915,0.935307828343423,1106.688,2016_yk_097,Yukon,2016,0.708910221925497,0.978824909257407,0.00655799833528403,559.795339463621,766.379161497421,1166.424,0.707810299334092,313.1776375083724,Fw
1057,553.868,0.71001462386077,0.957527001899164,1107.736,2016_yk_097,Yukon,2016,0.708928536509463,0.984391925425017,0.00556701616760946,559.795339463621,766.379161497421,1166.424,0.707810299334092,313.1776375083724,Fw
1058,554.392,0.708223078671046,1.00174002953622,1108.784,2016_yk_097,Yukon,2016,0.70891973204827,0.990156266014863,0.00576434058984587,559.795339463621,766.379161497421,1166.424,0.707810299334092,313.1776375083724,Fw
1059,554.916,0.709018606878451,0.991441688747314,1109.832,2016_yk_097,Yukon,2016,0.708959233000761,0.996895607011675,0.00673934099681239,559.795339463621,766.379161497421,1166.424,0.707810299334092,313.1776375083724,Fw
1060,555.44,0.708799756197245,0.970777498632771,1110.88,2016_yk_097,Yukon,2016,0.708938273247169,1.00377296673619,0.00687735972451076,559.795339463621,766.379161497421,1166.424,0.707810299334092,313.1776375083724,Fw
1061,555.964,0.709212406653538,0.997000097990171,1111.928,2016_yk_097,Yukon,2016,0.7089471567403,1.00987911195961,0.00610614522342368,559.795339463621,766.379161497421,1166.424,0.707810299334092,313.1776375083724,Fw
1062,556.488,0.708674679946483,1.05064813703733,1112.976,2016_yk_097,Yukon,2016,0.708956034312718,1.01703194633037,0.00715283437075853,559.795339463621,766.379161497421,1166.424,0.707810299334092,313.1776375083724,Fw
1063,557.012,0.70859811996556,1.0591779562225,1114.024,2016_yk_097,Yukon,2016,0.708971559508462,1.02455754464068,0.00752559831030908,559.795339463621,766.379161497421,1166.424,0.707810299334092,313.1776375083724,Fw
1064,557.536,0.708636173696352,1.03296128936692,1115.072,2016_yk_097,Yukon,2016,0.708991219148184,1.03138184520478,0.00682430056410022,559.795339463621,766.379161497421,1166.424,0.707810299334092,313.1776375083724,Fw
1065,558.06,0.709188966630321,1.06587967427548,1116.12,2016_yk_097,Yukon,2016,0.708998638337167,1.03817017971944,0.0067883345146662,559.795339463621,766.379161497421,1166.424,0.707810299334092,313.1776375083724,Fw
1066,558.584,0.708111521886159,1.11892177709647,1117.168,2016_yk_097,Yukon,2016,0.709009975170676,1.0450618866226,0.00689170690315577,559.795339463621,766.379161497421,1166.424,0.707810299334092,313.1776375083724,Fw
1067,559.108,0.708646752248331,1.08679758028058,1118.216,2016_yk_097,Yukon,2016,0.709003585471063,1.05225969960086,0.00719781297825883,559.795339463621,766.379161497421,1166.424,0.707810299334092,313.1776375083724,Fw
1068,559.632,0.708149065565004,1.0377799033536,1119.264,2016_yk_097,Yukon,2016,0.709019465366259,1.0592356756758,0.00697597607494438,559.795339463621,766.379161497421,1166.424,0.707810299334092,313.1776375083724,Fw
1069,560.156,0.709044328895323,1.08253811223893,1120.312,2016_yk_097,Yukon,2016,0.709019257799053,1.06617546180266,0.00693978612685631,559.795339463621,766.379161497421,1166.424,0.707810299334092,313.1776375083724,Fw
1070,560.68,0.708488669381432,1.13812967417641,1121.36,2016_yk_097,Yukon,2016,0.709031002426748,1.07377424323667,0.00759878143400927,559.795339463621,766.379161497421,1166.424,0.707810299334092,313.1776375083724,Fw
1071,561.204,0.708941237578152,1.08593700872062,1122.408,2016_yk_097,Yukon,2016,0.709050258371482,1.08155534819089,0.00778110495421847,559.795339463621,766.379161497421,1166.424,0.707810299334092,313.1776375083724,Fw
1072,561.728,0.708005987828869,1.07716922119862,1123.456,2016_yk_097,Yukon,2016,0.70906732803052,1.08838699743566,0.00683164924477087,559.795339463621,766.379161497421,1166.424,0.707810299334092,313.1776375083724,Fw
1073,562.252,0.708426456144612,1.1081293495095,1124.504,2016_yk_097,Yukon,2016,0.709083677786354,1.09499549916959,0.00660850173393568,559.795339463621,766.379161497421,1166.424,0.707810299334092,313.1776375083724,Fw
1074,562.776,0.708286363267814,1.11020580372294,1125.552,2016_yk_097,Yukon,2016,0.709094294338563,1.10172123061896,0.00672573144936495,559.795339463621,766.379161497421,1166.424,0.707810299334092,313.1776375083724,Fw
1075,563.3,0.709541005825155,1.08153764930911,1126.6,2016_yk_097,Yukon,2016,0.709096737857911,1.10817757162701,0.00645634100805514,559.795339463621,766.379161497421,1166.424,0.707810299334092,313.1776375083724,Fw
1076,563.824,0.708644631380316,1.0796562379319,1127.648,2016_yk_097,Yukon,2016,0.709121665858897,1.1137766370708,0.00559906544378919,559.795339463621,766.379161497421,1166.424,0.707810299334092,313.1776375083724,Fw
1077,564.348,0.708786489037676,1.10476389207062,1128.696,2016_yk_097,Yukon,2016,0.709116565428948,1.11946534115481,0.00568870408401079,559.795339463621,766.379161497421,1166.424,0.707810299334092,313.1776375083724,Fw
1078,564.872,0.709309220638677,1.1064668753643,1129.744,2016_yk_097,Yukon,2016,0.709109345176165,1.12574310614747,0.00627776499265842,559.795339463621,766.379161497421,1166.424,0.707810299334092,313.1776375083724,Fw
1079,565.396,0.709526395205629,1.06776472052637,1130.792,2016_yk_097,Yukon,2016,0.7091113636022,1.13079448356187,0.00505137741439898,559.795339463621,766.379161497421,1166.424,0.707810299334092,313.1776375083724,Fw
1080,565.92,0.70969707520034,1.10266227487789,1131.84,2016_yk_097,Yukon,2016,0.709109359391791,1.13534374029981,0.00454925673793705,559.795339463621,766.379161497421,1166.424,0.707810299334092,313.1776375083724,Fw
1081,566.444,0.709684712777921,1.17168149916879,1132.888,2016_yk_097,Yukon,2016,0.709102968880549,1.14040728862141,0.00506354832159972,559.795339463621,766.379161497421,1166.424,0.707810299334092,313.1776375083724,Fw
1082,566.968,0.709669141569262,1.16317408670051,1133.936,2016_yk_097,Yukon,2016,0.709115608509734,1.14539465011295,0.00498736149154588,559.795339463621,766.379161497421,1166.424,0.707810299334092,313.1776375083724,Fw
1083,567.492,0.707885211542399,1.1342274698105,1134.984,2016_yk_097,Yukon,2016,0.709130419857076,1.15013699907333,0.00474234896037196,559.795339463621,766.379161497421,1166.424,0.707810299334092,313.1776375083724,Fw
1084,568.016,0.709993076138717,1.20573922245647,1136.032,2016_yk_097,Yukon,2016,0.709104591632088,1.15472290671854,0.00458590764521372,559.795339463621,766.379161497421,1166.424,0.707810299334092,313.1776375083724,Fw
1085,568.54,0.709537179212107,1.23579482367222,1137.08,2016_yk_097,Yukon,2016,0.709108161260336,1.15984781041185,0.00512490369331609,559.795339463621,766.379161497421,1166.424,0.707810299334092,313.1776375083724,Fw
1086,569.064,0.709381240045825,1.20416946577927,1138.128,2016_yk_097,Yukon,2016,0.709142403534788,1.16475114761825,0.00490333720639757,559.795339463621,766.379161497421,1166.424,0.707810299334092,313.1776375083724,Fw
1087,569.588,0.710175096124256,1.17342305436487,1139.176,2016_yk_097,Yukon,2016,0.70910271797655,1.16802616220332,0.00327501458506263,559.795339463621,766.379161497421,1166.424,0.707810299334092,313.1776375083724,Fw
1088,570.112,0.708529669555293,1.20344469179397,1140.224,2016_yk_097,Yukon,2016,0.709119794315308,1.17101473136998,0.00298856916666157,559.795339463621,766.379161497421,1166.424,0.707810299334092,313.1776375083724,Fw
1089,570.636,0.710397695684869,1.22232445294227,1141.272,2016_yk_097,Yukon,2016,0.709153793122843,1.17444382120363,0.00342908983365509,559.795339463621,766.379161497421,1166.424,0.707810299334092,313.1776375083724,Fw
1090,571.16,0.70813690713233,1.20103886056514,1142.32,2016_yk_097,Yukon,2016,0.709156703498657,1.17837002301337,0.00392620180973346,559.795339463621,766.379161497421,1166.424,0.707810299334092,313.1776375083724,Fw
1091,571.684,0.709423834043997,1.18855140050052,1143.368,2016_yk_097,Yukon,2016,0.709163731735915,1.18158526625107,0.00321524323770928,559.795339463621,766.379161497421,1166.424,0.707810299334092,313.1776375083724,Fw
1092,572.208,0.7099209621092,1.24097071401627,1144.416,2016_yk_097,Yukon,2016,0.709152442495096,1.18475751442069,0.00317224816961459,559.795339463621,766.379161497421,1166.424,0.707810299334092,313.1776375083724,Fw
1093,572.732,0.709291243345495,1.25284821123785,1145.464,2016_yk_097,Yukon,2016,0.709164693074955,1.18781686520794,0.00305935078725539,559.795339463621,766.379161497421,1166.424,0.707810299334092,313.1776375083724,Fw
1094,573.256,0.710264356817638,1.22660279890856,1146.512,2016_yk_097,Yukon,2016,0.709203660218262,1.19048910351863,0.00267223831068986,559.795339463621,766.379161497421,1166.424,0.707810299334092,313.1776375083724,Fw
1095,573.78,0.70893576948467,1.25635121034252,1147.56,2016_yk_097,Yukon,2016,0.709221818207633,1.19266876331701,0.00217965979837498,559.795339463621,766.379161497421,1166.424,0.707810299334092,313.1776375083724,Fw
1096,574.304,0.710490089478888,1.28064039968335,1148.608,2016_yk_097,Yukon,2016,0.70925402928881,1.1946892301895,0.0020204668724928,559.795339463621,766.379161497421,1166.424,0.707810299334092,313.1776375083724,Fw
1097,574.828,0.708492908942691,1.27230109867573,1149.656,2016_yk_097,Yukon,2016,0.70925964069829,1.19760621969394,0.00291698950443986,559.795339463621,766.379161497421,1166.424,0.707810299334092,313.1776375083724,Fw
1098,575.352,0.70946382100346606,1.25889790543392,1150.704,2016_yk_097,Yukon,2016,0.709299888660597,1.2005718783515,0.00296565865755771,559.795339463621,766.379161497421,1166.424,0.707810299334092,313.1776375083724,Fw
1099,575.876,0.709394756591814,1.26876265254028,1151.752,2016_yk_097,Yukon,2016,0.709300553304675,1.2031774128524,0.00260553450089818,559.795339463621,766.379161497421,1166.424,0.707810299334092,313.1776375083724,Fw
1100,576.4,0.708985448704608,1.31288619452052,1152.8,2016_yk_097,Yukon,2016,0.709301367019981,1.20549932605737,0.00232191320497188,559.795339463621,766.379161497421,1166.424,0.707810299334092,313.1776375083724,Fw
1101,576.924,0.709719378852887,1.30845395337835,1153.848,2016_yk_097,Yukon,2016,0.709307673385681,1.20822878000211,0.00272945394473645,559.795339463621,766.379161497421,1166.424,0.707810299334092,313.1776375083724,Fw
1102,577.448,0.70967995160679,1.25720358773103,1154.896,2016_yk_097,Yukon,2016,0.709332465475334,1.21015573052695,0.00192695052483938,559.795339463621,766.379161497421,1166.424,0.707810299334092,313.1776375083724,Fw
1103,577.972,0.709376946058002,1.27572227243614,1155.944,2016_yk_097,Yukon,2016,0.709348199693742,1.21160274445495,0.00144701392800028,559.795339463621,766.379161497421,1166.424,0.707810299334092,313.1776375083724,Fw
1104,578.496,0.710146546033218,1.26003779942756,1156.992,2016_yk_097,Yukon,2016,0.709363370603419,1.21359052751137,0.00198778305642544,559.795339463621,766.379161497421,1166.424,0.707810299334092,313.1776375083724,Fw
1105,579.02,0.70963403614541,1.22681355822755,1158.04,2016_yk_097,Yukon,2016,0.709359660946133,1.2158961939022,0.00230566639082652,559.795339463621,766.379161497421,1166.424,0.707810299334092,313.1776375083724,Fw
1106,579.544,0.709442819480277,1.22720717731926,1159.088,2016_yk_097,Yukon,2016,0.709374413008262,1.21812000135133,0.00222380744913653,559.795339463621,766.379161497421,1166.424,0.707810299334092,313.1776375083724,Fw
1107,580.068,0.709178030753674,1.25897642644319,1160.136,2016_yk_097,Yukon,2016,0.709401876362602,1.22065849026658,0.00253848891524777,559.795339463621,766.379161497421,1166.424,0.707810299334092,313.1776375083724,Fw
1108,580.592,0.708926066642532,1.2799071293146,1161.184,2016_yk_097,Yukon,2016,0.709402035659497,1.22348677944821,0.00282828918163136,559.795339463621,766.379161497421,1166.424,0.707810299334092,313.1776375083724,Fw
1109,581.116,0.708899936180675,1.2048896195821,1162.232,2016_yk_097,Yukon,2016,0.709415713111702,1.22653064113995,0.00304386169173654,559.795339463621,766.379161497421,1166.424,0.707810299334092,313.1776375083724,Fw
1110,581.64,0.709276941445757,1.19053999398887,1163.28,2016_yk_097,Yukon,2016,0.709389353396057,1.22813494893847,0.00160430779851573,559.795339463621,766.379161497421,1166.424,0.707810299334092,313.1776375083724,Fw
1111,582.164,0.709057821326404,1.23884940655722,1164.328,2016_yk_097,Yukon,2016,0.709406900355647,1.2292116272925,0.00107667835403835,559.795339463621,766.379161497421,1166.424,0.707810299334092,313.1776375083724,Fw
1112,582.688,0.709500061012571,1.21655417652644,1165.376,2016_yk_097,Yukon,2016,0.709396633688143,1.2305509460234,0.0013393187309001,559.795339463621,766.379161497421,1166.424,0.707810299334092,313.1776375083724,Fw
1113,583.212,0.709513796056795,1.19628761716007,1166.424,2016_yk_097,Yukon,2016,0.709416885226255,1.23093253430643,3.8158828302759e-4,559.795339463621,766.379161497421,1166.424,0.707810299334092,313.1776375083724,Early Marine
1114,583.736,0.708150527025471,1.24209776043708,1167.472,2016_yk_097,Yukon,2016,0.709390440988794,1.22995444335817,-9.7809094826084e-4,559.795339463621,766.379161497421,1166.424,0.707810299334092,313.1776375083724,Early Marine
1115,584.26,0.708571698919554,1.28257665063911,1168.52,2016_yk_097,Yukon,2016,0.709387826439154,1.22957121337959,-3.8322997857731e-4,559.795339463621,766.379161497421,1166.424,0.707810299334092,313.1776375083724,Early Marine
1116,584.784,0.709444921658615,1.22950806072728,1169.568,2016_yk_097,Yukon,2016,0.709380446757758,1.22969931965327,1.2810627367199e-4,559.795339463621,766.379161497421,1166.424,0.707810299334092,313.1776375083724,Early Marine
1117,585.308,0.707633490366509,1.15402787700292,1170.616,2016_yk_097,Yukon,2016,0.709365990968815,1.22948915359768,-2.1016605558221e-4,559.795339463621,766.379161497421,1166.424,0.707810299334092,313.1776375083724,Early Marine
1118,585.832,0.709247658996519,1.18105417953592,1171.664,2016_yk_097,Yukon,2016,0.709385075651249,1.22909816070457,-3.9099289311295e-4,559.795339463621,766.379161497421,1166.424,0.707810299334092,313.1776375083724,Early Marine
1119,586.356,0.711058535330579,1.19718707876662,1172.712,2016_yk_097,Yukon,2016,0.709377950946097,1.2288887639833601,-2.0939672121422e-4,559.795339463621,766.379161497421,1166.424,0.707810299334092,313.1776375083724,Early Marine
1120,586.88,0.708974378746062,1.20634960721678,1173.76,2016_yk_097,Yukon,2016,0.709406852403499,1.22899761520685,1.0885122349857e-4,559.795339463621,766.379161497421,1166.424,0.707810299334092,313.1776375083724,Early Marine
1121,587.404,0.709634100889014,1.18991469225273,1174.808,2016_yk_097,Yukon,2016,0.709414513707226,1.22837432333624,-6.2329187061727e-4,559.795339463621,766.379161497421,1166.424,0.707810299334092,313.1776375083724,Early Marine
1122,587.928,0.707997325497347,1.2409830272142,1175.856,2016_yk_097,Yukon,2016,0.709428869082539,1.22711119777542,-0.00126312556081554,559.795339463621,766.379161497421,1166.424,0.707810299334092,313.1776375083724,Early Marine
1123,588.452,0.709333154757089,1.24273900345782,1176.904,2016_yk_097,Yukon,2016,0.709428245002307,1.22617498105531,-9.3621672011634e-4,559.795339463621,766.379161497421,1166.424,0.707810299334092,313.1776375083724,Early Marine
1124,588.976,0.710974202294762,1.19329558800832,1177.952,2016_yk_097,Yukon,2016,0.709397623366838,1.22526086829641,-9.1411275889563e-4,559.795339463621,766.379161497421,1166.424,0.707810299334092,313.1776375083724,Early Marine
1125,589.5,0.710278445992622,1.19665926217797,1179,2016_yk_097,Yukon,2016,0.709395921948968,1.22333969092286,-0.0019211773735528,559.795339463621,766.379161497421,1166.424,0.707810299334092,313.1776375083724,Early Marine
1126,590.024,0.710044186756766,1.24014978944603,1180.048,2016_yk_097,Yukon,2016,0.709375821627574,1.22177035896132,-0.00156933196154152,559.795339463621,766.379161497421,1166.424,0.707810299334092,313.1776375083724,Early Marine
1127,590.548,0.708983436817107,1.26181695054698,1181.096,2016_yk_097,Yukon,2016,0.70939721733791306,1.22069947462027,-0.00107088434104829,559.795339463621,766.379161497421,1166.424,0.707810299334092,313.1776375083724,Early Marine
1128,591.072,0.710563943303449,1.21571942280705,1182.144,2016_yk_097,Yukon,2016,0.709394063769132,1.21881011026308,-0.00188936435718889,559.795339463621,766.379161497421,1166.424,0.707810299334092,313.1776375083724,Early Marine
1129,591.596,0.709084207539981,1.23887018229282,1183.192,2016_yk_097,Yukon,2016,0.709367688306849,1.21684217467089,-0.00196793559219199,559.795339463621,766.379161497421,1166.424,0.707810299334092,313.1776375083724,Early Marine
1130,592.12,0.708537492299798,1.27744446647472,1184.24,2016_yk_097,Yukon,2016,0.709375839655953,1.21524378782739,-0.00159838684349922,559.795339463621,766.379161497421,1166.424,0.707810299334092,313.1776375083724,Early Marine
1131,592.644,0.70931961952013,1.24970424540482,1185.288,2016_yk_097,Yukon,2016,0.709357870192172,1.21360482420245,-0.00163896362493943,559.795339463621,766.379161497421,1166.424,0.707810299334092,313.1776375083724,Early Marine
1132,593.168,0.70949351320809,1.19278625268899,1186.336,2016_yk_097,Yukon,2016,0.70935636041599,1.21182470748633,-0.00178011671611444,559.795339463621,766.379161497421,1166.424,0.707810299334092,313.1776375083724,Early Marine
1133,593.692,0.709370509249066,1.19495018518951,1187.384,2016_yk_097,Yukon,2016,0.709329593503419,1.20955848099052,-0.00226622649581354,559.795339463621,766.379161497421,1166.424,0.707810299334092,313.1776375083724,Early Marine
1134,594.216,0.709196617848438,1.22947278710847,1188.432,2016_yk_097,Yukon,2016,0.709307760618052,1.2083211794622,-0.00123730152831625,559.795339463621,766.379161497421,1166.424,0.707810299334092,313.1776375083724,Early Marine
1135,594.74,0.70931842638801,1.2198776327587,1189.48,2016_yk_097,Yukon,2016,0.709298660701856,1.2070410614348701,-0.00128011802732986,559.795339463621,766.379161497421,1166.424,0.707810299334092,313.1776375083724,Early Marine
1136,595.264,0.709529755108054,1.21308468488009,1190.528,2016_yk_097,Yukon,2016,0.709283562150687,1.20569537517581,-0.00134568625906151,559.795339463621,766.379161497421,1166.424,0.707810299334092,313.1776375083724,Early Marine
1137,595.788,0.71043429029807,1.25707322698548,1191.576,2016_yk_097,Yukon,2016,0.709270594888543,1.20419612841407,-0.00149924676173985,559.795339463621,766.379161497421,1166.424,0.707810299334092,313.1776375083724,Early Marine
1138,596.312,0.70931877845238,1.27616422626219,1192.624,2016_yk_097,Yukon,2016,0.709285495640969,1.20325662641917,-9.3950199489922e-4,559.795339463621,766.379161497421,1166.424,0.707810299334092,313.1776375083724,Early Marine
1139,596.836,0.710347042337916,1.25039642203056,1193.672,2016_yk_097,Yukon,2016,0.709298317987985,1.2027332576855,-5.2336873367564e-4,559.795339463621,766.379161497421,1166.424,0.707810299334092,313.1776375083724,Early Marine
1140,597.36,0.708115492261621,1.19892074278883,1194.72,2016_yk_097,Yukon,2016,0.709302596129709,1.20155671701593,-0.00117654066956541,559.795339463621,766.379161497421,1166.424,0.707810299334092,313.1776375083724,Early Marine
1141,597.884,0.71073753035338,1.23628220041108,1195.768,2016_yk_097,Yukon,2016,0.709310686711347,1.20093605506246,-6.2066195347076e-4,559.795339463621,766.379161497421,1166.424,0.707810299334092,313.1776375083724,Early Marine
1142,598.408,0.709053141518991,1.24353321055451,1196.816,2016_yk_097,Yukon,2016,0.709291910815587,1.20113282125409,1.9676619163133e-4,559.795339463621,766.379161497421,1166.424,0.707810299334092,313.1776375083724,Early Marine
1143,598.932,0.7091003038291,1.15712276679215,1197.864,2016_yk_097,Yukon,2016,0.709282317179449,1.20122560074233,9.27794882381594e-5,559.795339463621,766.379161497421,1166.424,0.707810299334092,313.1776375083724,Early Marine
1144,599.456,0.708406421891106,1.14705376556082,1198.912,2016_yk_097,Yukon,2016,0.709293215035979,1.19987194434082,-0.00135365640150864,559.795339463621,766.379161497421,1166.424,0.707810299334092,313.1776375083724,Early Marine
1145,599.98,0.709380306233695,1.21280102495759,1199.96,2016_yk_097,Yukon,2016,0.709293931303128,1.19865012929828,-0.00122181504254182,559.795339463621,766.379161497421,1166.424,0.707810299334092,313.1776375083724,Early Marine
1146,600.504,0.708938459162048,1.2118558421996,1201.008,2016_yk_097,Yukon,2016,0.709313707428362,1.19830491170417,-3.4521759411254e-4,559.795339463621,766.379161497421,1166.424,0.707810299334092,313.1776375083724,Early Marine
1147,601.028,0.709307748787661,1.16081309102993,1202.056,2016_yk_097,Yukon,2016,0.709330001728961,1.19856868200545,2.6377030128088e-4,559.795339463621,766.379161497421,1166.424,0.707810299334092,313.1776375083724,Early Marine
1148,601.552,0.709674750501362,1.17998511820719,1203.104,2016_yk_097,Yukon,2016,0.709328750364913,1.19810047415101,-4.6820785443624e-4,559.795339463621,766.379161497421,1166.424,0.707810299334092,313.1776375083724,Early Marine
1149,602.076,0.709970213375758,1.20976064966942,1204.152,2016_yk_097,Yukon,2016,0.709296988460024,1.19822935111313,1.2887696211483e-4,559.795339463621,766.379161497421,1166.424,0.707810299334092,313.1776375083724,Early Marine
1150,602.6,0.70987099457646,1.20756993397505,1205.2,2016_yk_097,Yukon,2016,0.709298983226608,1.19836796401974,1.3861290661165e-4,559.795339463621,766.379161497421,1166.424,0.707810299334092,313.1776375083724,Early Marine
1151,603.124,0.709883512267565,1.15115388826348,1206.248,2016_yk_097,Yukon,2016,0.709283813076561,1.19830523467569,-6.27293440478294e-5,559.795339463621,766.379161497421,1166.424,0.707810299334092,313.1776375083724,Early Marine
1152,603.648,0.71078228462803,1.16518318036734,1207.296,2016_yk_097,Yukon,2016,0.709294417024256,1.19761906786984,-6.8616680585265e-4,559.795339463621,766.379161497421,1166.424,0.707810299334092,313.1776375083724,Early Marine
1153,604.172,0.709253798531563,1.19667520803087,1208.344,2016_yk_097,Yukon,2016,0.709290281547979,1.19739347241512,-2.2559545471923e-4,559.795339463621,766.379161497421,1166.424,0.707810299334092,313.1776375083724,Early Marine
1154,604.696,0.708427058689517,1.17175603337483,1209.392,2016_yk_097,Yukon,2016,0.709247121897678,1.1976561333722,2.6266095707638e-4,559.795339463621,766.379161497421,1166.424,0.707810299334092,313.1776375083724,Early Marine
1155,605.22,0.708833684412418,1.14108056792935,1210.44,2016_yk_097,Yukon,2016,0.709229980561505,1.19654537598788,-0.00111075738431143,559.795339463621,766.379161497421,1166.424,0.707810299334092,313.1776375083724,Early Marine
1156,605.744,0.709284070195259,1.18648048199087,1211.488,2016_yk_097,Yukon,2016,0.70922301901961,1.19522703127193,-0.00131834471595638,559.795339463621,766.379161497421,1166.424,0.707810299334092,313.1776375083724,Early Marine
1157,606.268,0.709776651563044,1.20804803821283,1212.536,2016_yk_097,Yukon,2016,0.709209201447566,1.19364915687386,-0.00157787439806389,559.795339463621,766.379161497421,1166.424,0.707810299334092,313.1776375083724,Early Marine
1158,606.792,0.709274606876598,1.14553604400258,1213.584,2016_yk_097,Yukon,2016,0.709187522365195,1.1923658552828,-0.00128330159106582,559.795339463621,766.379161497421,1166.424,0.707810299334092,313.1776375083724,Early Marine
1159,607.316,0.707812228854848,1.15068651700875,1214.632,2016_yk_097,Yukon,2016,0.709183821347025,1.1905695931454,-0.00179626213739326,559.795339463621,766.379161497421,1166.424,0.707810299334092,313.1776375083724,Early Marine
1160,607.84,0.709474529650854,1.21698298391058,1215.68,2016_yk_097,Yukon,2016,0.709190287884448,1.18936902759201,-0.00120056555339487,559.795339463621,766.379161497421,1166.424,0.707810299334092,313.1776375083724,Early Marine
1161,608.364,0.70864121102601,1.21011613588197,1216.728,2016_yk_097,Yukon,2016,0.709196579338243,1.18879396436828,-5.7506322373268e-4,559.795339463621,766.379161497421,1166.424,0.707810299334092,313.1776375083724,Early Marine
1162,608.888,0.709589365035857,1.15039658476416,1217.776,2016_yk_097,Yukon,2016,0.709201369247692,1.18875530874101,-3.86556272626848e-5,559.795339463621,766.379161497421,1166.424,0.707810299334092,313.1776375083724,Early Marine
1163,609.412,0.707770931303742,1.13974868268731,1218.824,2016_yk_097,Yukon,2016,0.709201635558257,1.18828150421954,-4.7380452147516e-4,559.795339463621,766.379161497421,1166.424,0.707810299334092,313.1776375083724,Early Marine
1164,609.936,0.708836572911233,1.18579970772858,1219.872,2016_yk_097,Yukon,2016,0.709201592122105,1.18814291681918,-1.385874003621e-4,559.795339463621,766.379161497421,1166.424,0.707810299334092,313.1776375083724,Early Marine
1165,610.46,0.709088041173657,1.15000647658775,1220.92,2016_yk_097,Yukon,2016,0.709197844785539,1.18821148884774,6.85720285582558e-5,559.795339463621,766.379161497421,1166.424,0.707810299334092,313.1776375083724,Early Marine
1166,610.984,0.708536906410116,1.14646600177558,1221.968,2016_yk_097,Yukon,2016,0.709206856252362,1.18794411087822,-2.673779695177e-4,559.795339463621,766.379161497421,1166.424,0.707810299334092,313.1776375083724,Early Marine
1167,611.508,0.708399995025062,1.16902162073878,1223.016,2016_yk_097,Yukon,2016,0.709183901564357,1.18695890760501,-9.8520327320472e-4,559.795339463621,766.379161497421,1166.424,0.707810299334092,313.1776375083724,Early Marine
1168,612.032,0.709820111788073,1.22353700962065,1224.064,2016_yk_097,Yukon,2016,0.709169736892765,1.18651896933869,-4.3993826632338e-4,559.795339463621,766.379161497421,1166.424,0.707810299334092,313.1776375083724,Early Marine
1169,612.556,0.709669277001606,1.17348749556155,1225.112,2016_yk_097,Yukon,2016,0.709171939729975,1.18609680603121,-4.2216330748057e-4,559.795339463621,766.379161497421,1166.424,0.707810299334092,313.1776375083724,Early Marine
1170,613.08,0.709533629949225,1.11994755381495,1226.16,2016_yk_097,Yukon,2016,0.709193036209134,1.18577829312077,-3.1851291043416e-4,559.795339463621,766.379161497421,1166.424,0.707810299334092,313.1776375083724,Early Marine
1171,613.604,0.709543256224686,1.20160968934899,1227.208,2016_yk_097,Yukon,2016,0.709180181194825,1.18480642893271,-9.7186418806294e-4,559.795339463621,766.379161497421,1166.424,0.707810299334092,313.1776375083724,Early Marine
1172,614.128,0.708373507266926,1.22836014802432,1228.256,2016_yk_097,Yukon,2016,0.709191777283505,1.18426040989974,-5.4601903297091e-4,559.795339463621,766.379161497421,1166.424,0.707810299334092,313.1776375083724,Early Marine
1173,614.652,0.708938177888556,1.20185438645436,1229.304,2016_yk_097,Yukon,2016,0.709190146403492,1.18534452857232,0.00108411867257585,559.795339463621,766.379161497421,1166.424,0.707810299334092,313.1776375083724,Early Marine
1174,615.176,0.708804398417279,1.16087837634656,1230.352,2016_yk_097,Yukon,2016,0.709212839112912,1.18640701493145,0.00106248635912887,559.795339463621,766.379161497421,1166.424,0.707810299334092,313.1776375083724,Early Marine
1175,615.7,0.70861467494851,1.2092677480866,1231.4,2016_yk_097,Yukon,2016,0.709194413807851,1.18694850891905,5.4149398760339e-4,559.795339463621,766.379161497421,1166.424,0.707810299334092,313.1776375083724,Early Marine
1176,616.224,0.710631489172599,1.20879500508053,1232.448,2016_yk_097,Yukon,2016,0.709197433125964,1.18767215782085,7.2364890180409e-4,559.795339463621,766.379161497421,1166.424,0.707810299334092,313.1776375083724,Early Marine
1177,616.748,0.708611148402502,1.16985409507978,1233.496,2016_yk_097,Yukon,2016,0.709178143334398,1.18853540460796,8.6324678710569e-4,559.795339463621,766.379161497421,1166.424,0.707810299334092,313.1776375083724,Early Marine
1178,617.272,0.709172577153642,1.15296170826974,1234.544,2016_yk_097,Yukon,2016,0.70918692802287,1.18846147904387,-7.3925564094024e-5,559.795339463621,766.379161497421,1166.424,0.707810299334092,313.1776375083724,Early Marine
1179,617.796,0.709152821037204,1.20491969649351,1235.592,2016_yk_097,Yukon,2016,0.709181345596165,1.18911402827623,6.5254923236035e-4,559.795339463621,766.379161497421,1166.424,0.707810299334092,313.1776375083724,Early Marine
1180,618.32,0.709094064741134,1.21466638161348,1236.64,2016_yk_097,Yukon,2016,0.7091683462439,1.18980547490505,6.9144662882592e-4,559.795339463621,766.379161497421,1166.424,0.707810299334092,313.1776375083724,Early Marine
1181,618.844,0.708723891886153,1.18615093160986,1237.688,2016_yk_097,Yukon,2016,0.709158320217079,1.19112900139936,0.00132352649431233,559.795339463621,766.379161497421,1166.424,0.707810299334092,313.1776375083724,Early Marine
1182,619.368,0.70863356235907,1.19981301886304,1238.736,2016_yk_097,Yukon,2016,0.709127403687122,1.1921652519196,0.00103625052023282,559.795339463621,766.379161497421,1166.424,0.707810299334092,313.1776375083724,Early Marine
1183,619.892,0.709085026180456,1.22920327617467,1239.784,2016_yk_097,Yukon,2016,0.709129288581629,1.1933955684348,0.00123031651519945,559.795339463621,766.379161497421,1166.424,0.707810299334092,313.1776375083724,Early Marine
1184,620.416,0.708384623276721,1.20905524543291,1240.832,2016_yk_097,Yukon,2016,0.709141726210024,1.19482481404315,0.00142924560835822,559.795339463621,766.379161497421,1166.424,0.707810299334092,313.1776375083724,Early Marine
1185,620.94,0.709249965822202,1.13001381911928,1241.88,2016_yk_097,Yukon,2016,0.709138450286817,1.19722795924931,0.00240314520615126,559.795339463621,766.379161497421,1166.424,0.707810299334092,313.1776375083724,Early Marine
1186,621.464,0.709626494243108,1.16104910648865,1242.928,2016_yk_097,Yukon,2016,0.709145033519775,1.19888521579888,0.00165725654957827,559.795339463621,766.379161497421,1166.424,0.707810299334092,313.1776375083724,Early Marine
1187,621.988,0.708154382494478,1.16714448666314,1243.976,2016_yk_097,Yukon,2016,0.70914103474160906,1.20037843827342,0.0014932224745392,559.795339463621,766.379161497421,1166.424,0.707810299334092,313.1776375083724,Early Marine
1188,622.512,0.709263198361145,1.1387213273431,1245.024,2016_yk_097,Yukon,2016,0.709148668152136,1.20214421409508,0.00176577582165249,559.795339463621,766.379161497421,1166.424,0.707810299334092,313.1776375083724,Early Marine
1189,623.036,0.70886214644979,1.13109445404923,1246.072,2016_yk_097,Yukon,2016,0.70918205467492,1.20408732025156,0.00194310615648075,559.795339463621,766.379161497421,1166.424,0.707810299334092,313.1776375083724,Early Marine
1190,623.56,0.708925484545189,1.20541053327102,1247.12,2016_yk_097,Yukon,2016,0.709183988040487,1.20528079622347,0.00119347597191344,559.795339463621,766.379161497421,1166.424,0.707810299334092,313.1776375083724,Early Marine
1191,624.084,0.709697106747832,1.21520045198087,1248.168,2016_yk_097,Yukon,2016,0.709179235046208,1.20687224738694,0.0015914511634707,559.795339463621,766.379161497421,1166.424,0.707810299334092,313.1776375083724,Early Marine
1192,624.608,0.70978090777504,1.19046691505323,1249.216,2016_yk_097,Yukon,2016,0.7091769143076,1.20922728985519,0.00235504246824592,559.795339463621,766.379161497421,1166.424,0.707810299334092,313.1776375083724,Early Marine
1193,625.132,0.709386487882919,1.166521913901,1250.264,2016_yk_097,Yukon,2016,0.70919009230973,1.21201754005244,0.0027902501972501,559.795339463621,766.379161497421,1166.424,0.707810299334092,313.1776375083724,Early Marine
1194,625.656,0.709194011679343,1.22115754308674,1251.312,2016_yk_097,Yukon,2016,0.7091969031506,1.21424537650022,0.00222783644778235,559.795339463621,766.379161497421,1166.424,0.707810299334092,313.1776375083724,Early Marine
1195,626.18,0.70909358619405,1.2239919544722,1252.36,2016_yk_097,Yukon,2016,0.709197148403815,1.21682962956223,0.00258425306201104,559.795339463621,766.379161497421,1166.424,0.707810299334092,313.1776375083724,Early Marine
1196,626.704,0.710070443117437,1.19704200670903,1253.408,2016_yk_097,Yukon,2016,0.709217968208024,1.21974928478194,0.00291965521971393,559.795339463621,766.379161497421,1166.424,0.707810299334092,313.1776375083724,Early Marine
1197,627.228,0.709057009017762,1.1979610305932,1254.456,2016_yk_097,Yukon,2016,0.70923990287831,1.22263339551833,0.00288411073638595,559.795339463621,766.379161497421,1166.424,0.707810299334092,313.1776375083724,Early Marine
1198,627.752,0.708468898156849,1.24976793028279,1255.504,2016_yk_097,Yukon,2016,0.709238055398691,1.22514588401111,0.00251248849278318,559.795339463621,766.379161497421,1166.424,0.707810299334092,313.1776375083724,Early Marine
1199,628.276,0.710479212570526,1.22506662358172,1256.552,2016_yk_097,Yukon,2016,0.709224390266651,1.2278319451751,0.00268606116398562,559.795339463621,766.379161497421,1166.424,0.707810299334092,313.1776375083724,Early Marine
1200,628.8,0.709381281011179,1.17980996816278,1257.6,2016_yk_097,Yukon,2016,0.709208373231999,1.23187142859826,0.00403948342316474,559.795339463621,766.379161497421,1166.424,0.707810299334092,313.1776375083724,Early Marine
1201,629.324,0.70996622949482,1.17797034912731,1258.648,2016_yk_097,Yukon,2016,0.70919931951308,1.23473945676425,0.00286802816598897,559.795339463621,766.379161497421,1166.424,0.707810299334092,313.1776375083724,Early Marine
1202,629.848,0.709748906839817,1.21077206857625,1259.696,2016_yk_097,Yukon,2016,0.70922010478217,1.23739664763316,0.00265719086891103,559.795339463621,766.379161497421,1166.424,0.707810299334092,313.1776375083724,Early Marine
1203,630.372,0.709002451028305,1.22216988714672,1260.744,2016_yk_097,Yukon,2016,0.709224651674133,1.23998798958831,0.00259134195514465,559.795339463621,766.379161497421,1166.424,0.707810299334092,313.1776375083724,Early Marine
1204,630.896,0.709767984456293,1.21080294710854,1261.792,2016_yk_097,Yukon,2016,0.709235195843974,1.24273242407734,0.00274443448903594,559.795339463621,766.379161497421,1166.424,0.707810299334092,313.1776375083724,Early Marine
1205,631.42,0.708274787930052,1.2452906642138,1262.84,2016_yk_097,Yukon,2016,0.709235103691768,1.24483984506654,0.00210742098919425,559.795339463621,766.379161497421,1166.424,0.707810299334092,313.1776375083724,Early Marine
1206,631.944,0.709119618248808,1.25527477630784,1263.888,2016_yk_097,Yukon,2016,0.709213506305152,1.24690892824764,0.00206908318110388,559.795339463621,766.379161497421,1166.424,0.707810299334092,313.1776375083724,Early Marine
1207,632.468,0.708150361293729,1.21260789825628,1264.936,2016_yk_097,Yukon,2016,0.709233341377868,1.24916281926717,0.002253891019528,559.795339463621,766.379161497421,1166.424,0.707810299334092,313.1776375083724,Early Marine
1208,632.992,0.710201831809709,1.17554958436154,1265.984,2016_yk_097,Yukon,2016,0.70924266070472,1.25164570935355,0.00248289008638336,559.795339463621,766.379161497421,1166.424,0.707810299334092,313.1776375083724,Early Marine
1209,633.516,0.709635267773413,1.24891360361104,1267.032,2016_yk_097,Yukon,2016,0.709240819181858,1.25399212265503,0.002346413301475,559.795339463621,766.379161497421,1166.424,0.707810299334092,313.1776375083724,Early Marine
1210,634.04,0.709091033440574,1.24905673170462,1268.08,2016_yk_097,Yukon,2016,0.709240717699349,1.25577022665944,0.00177810400440714,559.795339463621,766.379161497421,1166.424,0.707810299334092,313.1776375083724,Early Marine
1211,634.564,0.709281950658316,1.23056547792221,1269.128,2016_yk_097,Yukon,2016,0.709253143506989,1.25777994381737,0.00200971715793097,559.795339463621,766.379161497421,1166.424,0.707810299334092,313.1776375083724,Early Marine
1212,635.088,0.708927292830618,1.2273582115813,1270.176,2016_yk_097,Yukon,2016,0.70926528806277,1.25980879236261,0.0020288485452411,559.795339463621,766.379161497421,1166.424,0.707810299334092,313.1776375083724,Early Marine
1213,635.612,0.709366892201984,1.27049419894284,1271.224,2016_yk_097,Yukon,2016,0.709279152738381,1.26180459824664,0.00199580588403059,559.795339463621,766.379161497421,1166.424,0.707810299334092,313.1776375083724,Early Marine
1214,636.136,0.709173316393219,1.25751076987631,1272.272,2016_yk_097,Yukon,2016,0.709288081738923,1.2638634336166,0.00205883536996621,559.795339463621,766.379161497421,1166.424,0.707810299334092,313.1776375083724,Early Marine
1215,636.66,0.70863712902,1.28526928029843,1273.32,2016_yk_097,Yukon,2016,0.709288174012113,1.2674183499332,0.00355491631659532,559.795339463621,766.379161497421,1166.424,0.707810299334092,313.1776375083724,Early Marine
1216,637.184,0.70967906417271,1.28591587496554,1274.368,2016_yk_097,Yukon,2016,0.709287128115902,1.27057119173626,0.00315284180306241,559.795339463621,766.379161497421,1166.424,0.707810299334092,313.1776375083724,Early Marine
1217,637.708,0.709536724873058,1.2976413866852,1275.416,2016_yk_097,Yukon,2016,0.709298615716277,1.27394390131128,0.00337270957502223,559.795339463621,766.379161497421,1166.424,0.707810299334092,313.1776375083724,Early Marine
1218,638.232,0.709732611508228,1.25148259330174,1276.464,2016_yk_097,Yukon,2016,0.709301266137143,1.27724901229734,0.00330511098605846,559.795339463621,766.379161497421,1166.424,0.707810299334092,313.1776375083724,Early Marine
1219,638.756,0.709815420221903,1.26727288639759,1277.512,2016_yk_097,Yukon,2016,0.709311376867131,1.28092581221521,0.00367679991786884,559.795339463621,766.379161497421,1166.424,0.707810299334092,313.1776375083724,Early Marine
1220,639.28,0.709590531584852,1.28859154222538,1278.56,2016_yk_097,Yukon,2016,0.709328939545455,1.28387911033742,0.00295329812221157,559.795339463621,766.379161497421,1166.424,0.707810299334092,313.1776375083724,Early Marine
1221,639.804,0.708356031369303,1.30560320569021,1279.608,2016_yk_097,Yukon,2016,0.7093397256752,1.287010477842,0.00313136750458076,559.795339463621,766.379161497421,1166.424,0.707810299334092,313.1776375083724,Early Marine
1222,640.328,0.709450120719347,1.29169913285892,1280.656,2016_yk_097,Yukon,2016,0.709318856836635,1.28933886946186,0.00232839161985487,559.795339463621,766.379161497421,1166.424,0.707810299334092,313.1776375083724,Early Marine
1223,640.852,0.708561611431546,1.30716369452232,1281.704,2016_yk_097,Yukon,2016,0.709304295914504,1.29186679812002,0.00252792865816032,559.795339463621,766.379161497421,1166.424,0.707810299334092,313.1776375083724,Early Marine
1224,641.376,0.70924522336348494,1.31946989459551,1282.752,2016_yk_097,Yukon,2016,0.709324814668067,1.29327898843934,0.00141219031932027,559.795339463621,766.379161497421,1166.424,0.707810299334092,313.1776375083724,Early Marine
1225,641.9,0.709102756366521,1.30506166030841,1283.8,2016_yk_097,Yukon,2016,0.709318318668278,1.29476534489767,0.00148635645832873,559.795339463621,766.379161497421,1166.424,0.707810299334092,313.1776375083724,Early Marine
1226,642.424,0.709786094662686,1.32164531495842,1284.848,2016_yk_097,Yukon,2016,0.709300797586668,1.29631117537068,0.00154583047300738,559.795339463621,766.379161497421,1166.424,0.707810299334092,313.1776375083724,Early Marine
1227,642.948,0.709716075242228,1.34206826492194,1285.896,2016_yk_097,Yukon,2016,0.709293016301178,1.29822069562481,0.0019095202541326,559.795339463621,766.379161497421,1166.424,0.707810299334092,313.1776375083724,Early Marine
1228,643.472,0.709709263010933,1.37428631918764,1286.944,2016_yk_097,Yukon,2016,0.709313218016069,1.29950343953473,0.00128274390992278,559.795339463621,766.379161497421,1166.424,0.707810299334092,313.1776375083724,Early Marine
1229,643.996,0.708849369079185,1.33465116540069,1287.992,2016_yk_097,Yukon,2016,0.709293413493432,1.30069070770787,0.00118726817313863,559.795339463621,766.379161497421,1166.424,0.707810299334092,313.1776375083724,Early Marine
1230,644.52,0.708572607870082,1.36231655920482,1289.04,2016_yk_097,Yukon,2016,0.709291736896245,1.3018734496359,0.00118274192802725,559.795339463621,766.379161497421,1166.424,0.707810299334092,313.1776375083724,Early Marine
1231,645.044,0.709000033089559,1.37369137930833,1290.088,2016_yk_097,Yukon,2016,0.70927775202102,1.30274771404257,8.7426440667504e-4,559.795339463621,766.379161497421,1166.424,0.707810299334092,313.1776375083724,Early Marine
1232,645.568,0.709620623412312,1.38779160015898,1291.136,2016_yk_097,Yukon,2016,0.709254497428802,1.30397982100078,0.00123210695821085,559.795339463621,766.379161497421,1166.424,0.707810299334092,313.1776375083724,Early Marine
1233,646.092,0.709210991406373,1.35733490376304,1292.184,2016_yk_097,Yukon,2016,0.709263887859857,1.3045359356354,5.561146346209e-4,559.795339463621,766.379161497421,1166.424,0.707810299334092,313.1776375083724,Early Marine
1234,646.616,0.70943704860774,1.32554444568873,1293.232,2016_yk_097,Yukon,2016,0.709265666305815,1.30518819553197,6.5225989656991e-4,559.795339463621,766.379161497421,1166.424,0.707810299334092,313.1776375083724,Early Marine
1235,647.14,0.7086091458161,1.33571300743825,1294.28,2016_yk_097,Yukon,2016,0.709269707882415,1.30531605381604,1.2785828406847e-4,559.795339463621,766.379161497421,1166.424,0.707810299334092,313.1776375083724,Early Marine
1236,647.664,0.709335645975692,1.33293999594675,1295.328,2016_yk_097,Yukon,2016,0.709272069440108,1.30603022349213,7.1416967609283e-4,559.795339463621,766.379161497421,1166.424,0.707810299334092,313.1776375083724,Early Marine
1237,648.188,0.709801252765417,1.30508755625146,1296.376,2016_yk_097,Yukon,2016,0.709283279744337,1.30705483624259,0.00102461275045229,559.795339463621,766.379161497421,1166.424,0.707810299334092,313.1776375083724,Early Marine
1238,648.712,0.709731736764801,1.30193511345274,1297.424,2016_yk_097,Yukon,2016,0.709269997937122,1.30795766542345,9.0282918086726e-4,559.795339463621,766.379161497421,1166.424,0.707810299334092,313.1776375083724,Early Marine
1239,649.236,0.709042329665495,1.34570449458201,1298.472,2016_yk_097,Yukon,2016,0.709255175278175,1.30805309710927,9.5431685811942e-5,559.795339463621,766.379161497421,1166.424,0.707810299334092,313.1776375083724,Early Marine
1240,649.76,0.709087975790565,1.3213526218779,1299.52,2016_yk_097,Yukon,2016,0.709264462855618,1.30867244192159,6.1934481232395e-4,559.795339463621,766.379161497421,1166.424,0.707810299334092,313.1776375083724,Early Marine
1241,650.284,0.709469440344568,1.30673396108574,1300.568,2016_yk_097,Yukon,2016,0.709275900673988,1.30865639034146,-1.60515801310712e-5,559.795339463621,766.379161497421,1166.424,0.707810299334092,313.1776375083724,Early Marine
1242,650.808,0.709362235705892,1.3215439315775,1301.616,2016_yk_097,Yukon,2016,0.70926664521039,1.30765681257452,-9.9957776694359e-4,559.795339463621,766.379161497421,1166.424,0.707810299334092,313.1776375083724,Early Marine
1243,651.332,0.709916906717136,1.34895162921652,1302.664,2016_yk_097,Yukon,2016,0.709251811772819,1.30658678453318,-0.0010700280413396,559.795339463621,766.379161497421,1166.424,0.707810299334092,313.1776375083724,Early Marine
1244,651.856,0.708920363309229,1.33258536763088,1303.712,2016_yk_097,Yukon,2016,0.709240036465821,1.30652588265794,-6.09018752406598e-5,559.795339463621,766.379161497421,1166.424,0.707810299334092,313.1776375083724,Early Marine
1245,652.38,0.709255502213606,1.343308798115,1304.76,2016_yk_097,Yukon,2016,0.709242139669351,1.3052233971749,-0.00130248548303924,559.795339463621,766.379161497421,1166.424,0.707810299334092,313.1776375083724,Early Marine
1246,652.904,0.709563740470438,1.35021961467239,1305.808,2016_yk_097,Yukon,2016,0.709214918415356,1.30324436316751,-0.00197903400738308,559.795339463621,766.379161497421,1166.424,0.707810299334092,313.1776375083724,Early Marine
1247,653.428,0.708843638517018,1.36950706116448,1306.856,2016_yk_097,Yukon,2016,0.709223301564257,1.30161874163461,-0.0016256215329058,559.795339463621,766.379161497421,1166.424,0.707810299334092,313.1776375083724,Early Marine
1248,653.952,0.709422223613099,1.33702798650661,1307.904,2016_yk_097,Yukon,2016,0.709207473596361,1.30106991337149,-5.4882826311963e-4,559.795339463621,766.379161497421,1166.424,0.707810299334092,313.1776375083724,Early Marine
1249,654.476,0.709468790249033,1.35170244912135,1308.952,2016_yk_097,Yukon,2016,0.709178690082483,1.30039814618294,-6.7176718854455e-4,559.795339463621,766.379161497421,1166.424,0.707810299334092,313.1776375083724,Early Marine
1250,655,0.709979245244662,1.38260842060371,1310,2016_yk_097,Yukon,2016,0.709180441486712,1.2983143602122,-0.00208378597074677,559.795339463621,766.379161497421,1166.424,0.707810299334092,313.1776375083724,Early Marine
1251,655.524,0.7103442745325,1.40308250225572,1311.048,2016_yk_097,Yukon,2016,0.709183053457253,1.29654903741287,-0.00176532279932551,559.795339463621,766.379161497421,1166.424,0.707810299334092,313.1776375083724,Early Marine
1252,656.048,0.708528777461141,1.33017041224452,1312.096,2016_yk_097,Yukon,2016,0.709186657518607,1.29481488099844,-0.00173415641443286,559.795339463621,766.379161497421,1166.424,0.707810299334092,313.1776375083724,Early Marine
1253,656.572,0.708512832555068,1.31819763339062,1313.144,2016_yk_097,Yukon,2016,0.709188772651002,1.2927393651523,-0.00207551584613697,559.795339463621,766.379161497421,1166.424,0.707810299334092,313.1776375083724,Early Marine
1254,657.096,0.710425136893163,1.30588896224595,1314.192,2016_yk_097,Yukon,2016,0.709195487430101,1.29049150460973,-0.00224786054256976,559.795339463621,766.379161497421,1166.424,0.707810299334092,313.1776375083724,Early Marine
1255,657.62,0.708703826206711,1.31317334197191,1315.24,2016_yk_097,Yukon,2016,0.709200047935972,1.28921022159834,-0.00128128301138819,559.795339463621,766.379161497421,1166.424,0.707810299334092,313.1776375083724,Early Marine
1256,658.144,0.709019178220827,1.28979183508947,1316.288,2016_yk_097,Yukon,2016,0.709219234890784,1.28786760739595,-0.00134261420239468,559.795339463621,766.379161497421,1166.424,0.707810299334092,313.1776375083724,Early Marine
1257,658.668,0.708590131888327,1.31253224584116,1317.336,2016_yk_097,Yukon,2016,0.709238146676495,1.28517388596731,-0.00269372142864133,559.795339463621,766.379161497421,1166.424,0.707810299334092,313.1776375083724,Early Marine
1258,659.192,0.709681001050318,1.32673256487814,1318.384,2016_yk_097,Yukon,2016,0.709238170383198,1.28125777922483,-0.00391610674248088,559.795339463621,766.379161497421,1166.424,0.707810299334092,313.1776375083724,Early Marine
1259,659.716,0.709290941212312,1.29630271397005,1319.432,2016_yk_097,Yukon,2016,0.709245127368332,1.27806215553274,-0.00319562369208626,559.795339463621,766.379161497421,1166.424,0.707810299334092,313.1776375083724,Early Marine
1260,660.24,0.709280685179969,1.25077448384442,1320.48,2016_yk_097,Yukon,2016,0.709265490484717,1.27454039505407,-0.00352176047866948,559.795339463621,766.379161497421,1166.424,0.707810299334092,313.1776375083724,Early Marine
1261,660.764,0.709127136981305,1.23042621352781,1321.528,2016_yk_097,Yukon,2016,0.709278486251503,1.27080433011677,-0.00373606493729839,559.795339463621,766.379161497421,1166.424,0.707810299334092,313.1776375083724,Early Marine
1262,661.288,0.708353631306755,1.28469848606889,1322.576,2016_yk_097,Yukon,2016,0.70927187300228,1.26738886213978,-0.00341546797698977,559.795339463621,766.379161497421,1166.424,0.707810299334092,313.1776375083724,Early Marine
1263,661.812,0.709565876891629,1.25553676522397,1323.624,2016_yk_097,Yukon,2016,0.70925373334661,1.26480866899983,-0.00258019313994784,559.795339463621,766.379161497421,1166.424,0.707810299334092,313.1776375083724,Early Marine
1264,662.336,0.709874691213756,1.24993854090274,1324.672,2016_yk_097,Yukon,2016,0.70924596846264,1.26190144864016,-0.0029072203596745,559.795339463621,766.379161497421,1166.424,0.707810299334092,313.1776375083724,Early Marine
1265,662.86,0.708517282526023,1.25296216125791,1325.72,2016_yk_097,Yukon,2016,0.709259905766574,1.25853901015767,-0.00336243848248596,559.795339463621,766.379161497421,1166.424,0.707810299334092,313.1776375083724,Early Marine
1266,663.384,0.709261311710382,1.2981249568734201,1326.768,2016_yk_097,Yukon,2016,0.709247316349275,1.25590590730777,-0.00263310284990292,559.795339463621,766.379161497421,1166.424,0.707810299334092,313.1776375083724,Early Marine
1267,663.908,0.708822979547496,1.27408466328341,1327.816,2016_yk_097,Yukon,2016,0.709239796728164,1.25383909359933,-0.00206681370844275,559.795339463621,766.379161497421,1166.424,0.707810299334092,313.1776375083724,Early Marine
1268,664.432,0.709404923376815,1.22971933521357,1328.864,2016_yk_097,Yukon,2016,0.709252918571222,1.25110856835674,-0.0027305252425831,559.795339463621,766.379161497421,1166.424,0.707810299334092,313.1776375083724,Early Marine
1269,664.956,0.708745908236581,1.25463950475976,1329.912,2016_yk_097,Yukon,2016,0.70925430413804,1.24727454620784,-0.00383402214890327,559.795339463621,766.379161497421,1166.424,0.707810299334092,313.1776375083724,Early Marine
1270,665.48,0.709648288087174,1.28621742044405,1330.96,2016_yk_097,Yukon,2016,0.709261659164954,1.2446082188725,-0.00266632733534555,559.795339463621,766.379161497421,1166.424,0.707810299334092,313.1776375083724,Early Marine
1271,666.004,0.709968219760482,1.22960238311435,1332.008,2016_yk_097,Yukon,2016,0.709265552480109,1.2417855473143,-0.00282267155819138,559.795339463621,766.379161497421,1166.424,0.707810299334092,313.1776375083724,Early Marine
1272,666.528,0.708371965014788,1.16738354556469,1333.056,2016_yk_097,Yukon,2016,0.709277702346026,1.23794219890817,-0.00384334840613176,559.795339463621,766.379161497421,1166.424,0.707810299334092,313.1776375083724,Early Marine
1273,667.052,0.708476885947705,1.20629251646245,1334.104,2016_yk_097,Yukon,2016,0.709259245217151,1.23376925746602,-0.00417294144215785,559.795339463621,766.379161497421,1166.424,0.707810299334092,313.1776375083724,Early Marine
1274,667.576,0.708466797973357,1.25385665736187,1335.152,2016_yk_097,Yukon,2016,0.709279297321882,1.23122690149232,-0.00254235597369745,559.795339463621,766.379161497421,1166.424,0.707810299334092,313.1776375083724,Early Marine
1275,668.1,0.708763321231762,1.20712015131608,1336.2,2016_yk_097,Yukon,2016,0.709298595128727,1.2284021810609,-0.00282472043141291,559.795339463621,766.379161497421,1166.424,0.707810299334092,313.1776375083724,Early Marine
1276,668.624,0.708045788933004,1.16717383452257,1337.248,2016_yk_097,Yukon,2016,0.709288726792389,1.2242965665482,-0.00410561451269986,559.795339463621,766.379161497421,1166.424,0.707810299334092,313.1776375083724,Early Marine
1277,669.148,0.710039713807141,1.2001040947108499,1338.296,2016_yk_097,Yukon,2016,0.709288878478333,1.22005058844955,-0.00424597809865168,559.795339463621,766.379161497421,1166.424,0.707810299334092,313.1776375083724,Early Marine
1278,669.672,0.708782933434466,1.21855289751455,1339.344,2016_yk_097,Yukon,2016,0.709285802547929,1.21750343221221,-0.00254715623734025,559.795339463621,766.379161497421,1166.424,0.707810299334092,313.1776375083724,Early Marine
1279,670.196,0.708088409389202,1.22696685508491,1340.392,2016_yk_097,Yukon,2016,0.709304358924836,1.21461493171461,-0.00288850049760625,559.795339463621,766.379161497421,1166.424,0.707810299334092,313.1776375083724,Early Marine
1280,670.72,0.709695615838608,1.16356438398058,1341.44,2016_yk_097,Yukon,2016,0.709288769866747,1.21048268466462,-0.00413224704998982,559.795339463621,766.379161497421,1166.424,0.707810299334092,313.1776375083724,Early Marine
1281,671.244,0.708512749601787,1.19968383773068,1342.488,2016_yk_097,Yukon,2016,0.709275358808049,1.20606993344402,-0.00441275122060114,559.795339463621,766.379161497421,1166.424,0.707810299334092,313.1776375083724,Early Marine
1282,671.768,0.709666364400566,1.18764974799295,1343.536,2016_yk_097,Yukon,2016,0.709291918778464,1.2037509147878,-0.00231901865621609,559.795339463621,766.379161497421,1166.424,0.707810299334092,313.1776375083724,Early Marine
1283,672.292,0.708688519375231,1.1826327437541,1344.584,2016_yk_097,Yukon,2016,0.709309172509348,1.20116003179793,-0.00259088298987353,559.795339463621,766.379161497421,1166.424,0.707810299334092,313.1776375083724,Early Marine
1284,672.816,0.70964811010947,1.18459826204133,1345.632,2016_yk_097,Yukon,2016,0.709275940191458,1.19863244046349,-0.00252759133443536,559.795339463621,766.379161497421,1166.424,0.707810299334092,313.1776375083724,Early Marine
1285,673.34,0.709376386718767,1.22818467962512,1346.68,2016_yk_097,Yukon,2016,0.709274499268984,1.19676301910471,-0.0018694213587791,559.795339463621,766.379161497421,1166.424,0.707810299334092,313.1776375083724,Early Marine
1286,673.864,0.710937311951392,1.24108846281474,1347.728,2016_yk_097,Yukon,2016,0.709284288878481,1.19565359703628,-0.00110942206843045,559.795339463621,766.379161497421,1166.424,0.707810299334092,313.1776375083724,Early Marine
1287,674.388,0.710850782384878,1.18044497920347,1348.776,2016_yk_097,Yukon,2016,0.709306319128806,1.193356310084,-0.0022972869522766,559.795339463621,766.379161497421,1166.424,0.707810299334092,313.1776375083724,Early Marine
1288,674.912,0.709710685413096,1.13931991463878,1349.824,2016_yk_097,Yukon,2016,0.709315017112421,1.19013474389071,-0.00322156619329506,559.795339463621,766.379161497421,1166.424,0.707810299334092,313.1776375083724,Early Marine
1289,675.436,0.709266788187276,1.14291374387552,1350.872,2016_yk_097,Yukon,2016,0.709316771384047,1.18781327927649,-0.00232146461422422,559.795339463621,766.379161497421,1166.424,0.707810299334092,313.1776375083724,Early Marine
1290,675.96,0.709794394853165,1.15101093048465,1351.92,2016_yk_097,Yukon,2016,0.709307564900729,1.18674229870487,-0.0010709805716107,559.795339463621,766.379161497421,1166.424,0.707810299334092,313.1776375083724,Early Marine
1291,676.484,0.709779779096715,1.14952748307043,1352.968,2016_yk_097,Yukon,2016,0.709320822159822,1.18603036675212,-7.1193195275465e-4,559.795339463621,766.379161497421,1166.424,0.707810299334092,313.1776375083724,Early Marine
1292,677.008,0.709223828458963,1.18286352153959,1354.016,2016_yk_097,Yukon,2016,0.709328129214016,1.1845542586503,-0.00147610810181886,559.795339463621,766.379161497421,1166.424,0.707810299334092,313.1776375083724,Early Marine
1293,677.532,0.70812261206611,1.20252331536617,1355.064,2016_yk_097,Yukon,2016,0.70933985024182,1.18405468011385,-4.9957853645232e-4,559.795339463621,766.379161497421,1166.424,0.707810299334092,313.1776375083724,Early Marine
1294,678.056,0.708971155569556,1.15111122410825,1356.112,2016_yk_097,Yukon,2016,0.709342920009229,1.18294662378236,-0.00110805633148425,559.795339463621,766.379161497421,1166.424,0.707810299334092,313.1776375083724,Early Marine
1295,678.58,0.709445384052161,1.1339666984891,1357.16,2016_yk_097,Yukon,2016,0.709361568569704,1.18100576152427,-0.0019408622580932,559.795339463621,766.379161497421,1166.424,0.707810299334092,313.1776375083724,Early Marine
1296,679.104,0.708580280937748,1.17495382495257,1358.208,2016_yk_097,Yukon,2016,0.709372824956098,1.17929149208386,-0.0017142694404142,559.795339463621,766.379161497421,1166.424,0.707810299334092,313.1776375083724,Early Marine
1297,679.628,0.70935007549875,1.1810787337449,1359.256,2016_yk_097,Yukon,2016,0.709372414409291,1.17898225095685,-3.0924112700336e-4,559.795339463621,766.379161497421,1166.424,0.707810299334092,313.1776375083724,Early Marine
1298,680.152,0.710519047348301,1.13810359889776,1360.304,2016_yk_097,Yukon,2016,0.709363253440806,1.17812978535133,-8.5246560552221e-4,559.795339463621,766.379161497421,1166.424,0.707810299334092,313.1776375083724,Early Marine
1299,680.676,0.709125463674587,1.11566316564783,1361.352,2016_yk_097,Yukon,2016,0.709384452152069,1.17624490334111,-0.00188488201022485,559.795339463621,766.379161497421,1166.424,0.707810299334092,313.1776375083724,Early Marine
1300,681.2,0.709529277405371,1.16137298175716,1362.4,2016_yk_097,Yukon,2016,0.709379564193855,1.17483036288123,-0.00141454045987222,559.795339463621,766.379161497421,1166.424,0.707810299334092,313.1776375083724,Early Marine
1301,681.724,0.709703039253868,1.13737366759426,1363.448,2016_yk_097,Yukon,2016,0.709362876933391,1.17469377688528,-1.3658599595256e-4,559.795339463621,766.379161497421,1166.424,0.707810299334092,313.1776375083724,Early Marine
1302,682.248,0.710091227660934,1.0909430272096,1364.496,2016_yk_097,Yukon,2016,0.709367129520112,1.17538593110162,6.9215421633894e-4,559.795339463621,766.379161497421,1166.424,0.707810299334092,313.1776375083724,Early Marine
1303,682.772,0.708809478984621,1.09857514268704,1365.544,2016_yk_097,Yukon,2016,0.709383971122863,1.17518570661144,-2.0022449018086e-4,559.795339463621,766.379161497421,1166.424,0.707810299334092,313.1776375083724,Early Marine
1304,683.296,0.710123489593066,1.18004400920904,1366.592,2016_yk_097,Yukon,2016,0.709393437923094,1.17450368897502,-6.8201763642394e-4,559.795339463621,766.379161497421,1166.424,0.707810299334092,313.1776375083724,Early Marine
1305,683.82,0.710413370624352,1.17382557223023,1367.64,2016_yk_097,Yukon,2016,0.709394318848809,1.17480106150763,2.9737253261319e-4,559.795339463621,766.379161497421,1166.424,0.707810299334092,313.1776375083724,NA
1306,684.344,0.708971640290114,1.10388274391039,1368.688,2016_yk_097,Yukon,2016,0.70941418682052,1.17542514681336,6.2408530573487e-4,559.795339463621,766.379161497421,1166.424,0.707810299334092,313.1776375083724,NA
1307,684.868,0.708852739673715,1.11474837524539,1369.736,2016_yk_097,Yukon,2016,0.709407658341472,1.17608448064831,6.5933383495031e-4,559.795339463621,766.379161497421,1166.424,0.707810299334092,313.1776375083724,NA
1308,685.392,0.70923766778884,1.1841986122662,1370.784,2016_yk_097,Yukon,2016,0.709412974554205,1.17699587896716,9.1139831884823e-4,559.795339463621,766.379161497421,1166.424,0.707810299334092,313.1776375083724,NA
1309,685.916,0.71058217286343,1.17839241926497,1371.832,2016_yk_097,Yukon,2016,0.709448392589838,1.1775693074025,5.7342843533581e-4,559.795339463621,766.379161497421,1166.424,0.707810299334092,313.1776375083724,NA
1310,686.44,0.709043901759319,1.13467359760433,1372.88,2016_yk_097,Yukon,2016,0.709418394105724,1.17829101671002,7.217093075178e-4,559.795339463621,766.379161497421,1166.424,0.707810299334092,313.1776375083724,NA
1311,686.964,0.709539611010609,1.13831742901965,1373.928,2016_yk_097,Yukon,2016,0.709437814388467,1.17887196047184,5.809437618216e-4,559.795339463621,766.379161497421,1166.424,0.707810299334092,313.1776375083724,NA
1312,687.488,0.709522375686074,1.19102929287156,1374.976,2016_yk_097,Yukon,2016,0.709438372938278,1.18059829826581,0.00172633779397247,559.795339463621,766.379161497421,1166.424,0.707810299334092,313.1776375083724,NA
1313,688.012,0.709548056408123,1.16274465399821,1376.024,2016_yk_097,Yukon,2016,0.709436521657348,1.18230648397061,0.0017081857048018,559.795339463621,766.379161497421,1166.424,0.707810299334092,313.1776375083724,NA
1314,688.536,0.70843119781976,1.15423348217983,1377.072,2016_yk_097,Yukon,2016,0.709414634077625,1.18291251112243,6.0602715181779e-4,559.795339463621,766.379161497421,1166.424,0.707810299334092,313.1776375083724,NA
1315,689.06,0.708617370858256,1.20100806044517,1378.12,2016_yk_097,Yukon,2016,0.709412160761079,1.18285662003063,-5.58910917971556e-5,559.795339463621,766.379161497421,1166.424,0.707810299334092,313.1776375083724,NA
1316,689.584,0.709606554790616,1.22322651098365,1379.168,2016_yk_097,Yukon,2016,0.709386597322373,1.18279274969858,-6.38703320510192e-5,559.795339463621,766.379161497421,1166.424,0.707810299334092,313.1776375083724,NA
1317,690.108,0.709911946907864,1.17469502870455,1380.216,2016_yk_097,Yukon,2016,0.709362049433075,1.18358927974154,7.9653004295599e-4,559.795339463621,766.379161497421,1166.424,0.707810299334092,313.1776375083724,NA
1318,690.632,0.710202880067221,1.13343859328045,1381.264,2016_yk_097,Yukon,2016,0.709352023662551,1.18440081976124,8.1154001970285e-4,559.795339463621,766.379161497421,1166.424,0.707810299334092,313.1776375083724,NA
1319,691.156,0.709396197509866,1.15701483711658,1382.312,2016_yk_097,Yukon,2016,0.709358583798692,1.18554701928266,0.00114619952141592,559.795339463621,766.379161497421,1166.424,0.707810299334092,313.1776375083724,NA
1320,691.68,0.7087282961809,1.18651564954778,1383.36,2016_yk_097,Yukon,2016,0.709349266292717,1.18664678257971,0.00109976329704886,559.795339463621,766.379161497421,1166.424,0.707810299334092,313.1776375083724,NA
1321,692.204,0.709922572526867,1.18771029636252,1384.408,2016_yk_097,Yukon,2016,0.709349306773487,1.18710616333838,4.5938075867835e-4,559.795339463621,766.379161497421,1166.424,0.707810299334092,313.1776375083724,NA
1322,692.728,0.708792054558422,1.19613199995975,1385.456,2016_yk_097,Yukon,2016,0.709347052602458,1.18680514100876,-3.0102232962492e-4,559.795339463621,766.379161497421,1166.424,0.707810299334092,313.1776375083724,NA
1323,693.252,0.710269138559855,1.22556205303683,1386.504,2016_yk_097,Yukon,2016,0.709371204381814,1.18704367943327,2.3853842451071e-4,559.795339463621,766.379161497421,1166.424,0.707810299334092,313.1776375083724,NA
1324,693.776,0.710058877258299,1.18345516101369,1387.552,2016_yk_097,Yukon,2016,0.709392899592652,1.18802696761097,9.8328817769721e-4,559.795339463621,766.379161497421,1166.424,0.707810299334092,313.1776375083724,NA
1325,694.3,0.709636196154528,1.13651042577231,1388.6,2016_yk_097,Yukon,2016,0.709375635990413,1.18823279886567,2.0583125469952e-4,559.795339463621,766.379161497421,1166.424,0.707810299334092,313.1776375083724,NA
1326,694.824,0.709936694894019,1.19526879044858,1389.648,2016_yk_097,Yukon,2016,0.709385865600122,1.1878529132174,-3.7988564826685e-4,559.795339463621,766.379161497421,1166.424,0.707810299334092,313.1776375083724,NA
1327,695.348,0.708798346739039,1.25553019566321,1390.696,2016_yk_097,Yukon,2016,0.709385330026198,1.18799382606033,1.4091284293238e-4,559.795339463621,766.379161497421,1166.424,0.707810299334092,313.1776375083724,NA
1328,695.872,0.70885526526775,1.17857139888223,1391.744,2016_yk_097,Yukon,2016,0.70934860617882,1.18904989907489,0.00105607301455835,559.795339463621,766.379161497421,1166.424,0.707810299334092,313.1776375083724,NA
1329,696.396,0.710017830912351,1.14154658414627,1392.792,2016_yk_097,Yukon,2016,0.709359747141882,1.19014102110923,0.0010911220343357,559.795339463621,766.379161497421,1166.424,0.707810299334092,313.1776375083724,NA
1330,696.92,0.709355010594336,1.20134499285171,1393.84,2016_yk_097,Yukon,2016,0.709378736874937,1.19099085939832,8.4983828909801e-4,559.795339463621,766.379161497421,1166.424,0.707810299334092,313.1776375083724,NA
1331,697.444,0.70896698413261094,1.2214072233572,1394.888,2016_yk_097,Yukon,2016,0.709364127183823,1.19281008150747,0.0018192221091502,559.795339463621,766.379161497421,1166.424,0.707810299334092,313.1776375083724,NA
1332,697.968,0.708627120218081,1.20891279854504,1395.936,2016_yk_097,Yukon,2016,0.70935333127399,1.1952516460414,0.00244156453392441,559.795339463621,766.379161497421,1166.424,0.707810299334092,313.1776375083724,NA
1333,698.492,0.709487382112761,1.1942790470516,1396.984,2016_yk_097,Yukon,2016,0.709365785841537,1.19720155549291,0.00194990945151052,559.795339463621,766.379161497421,1166.424,0.707810299334092,313.1776375083724,NA
1334,699.016,0.709034805987218,1.21293559917643,1398.032,2016_yk_097,Yukon,2016,0.709335261228687,1.19766477783872,4.632223458072e-4,559.795339463621,766.379161497421,1166.424,0.707810299334092,313.1776375083724,NA
1335,699.54,0.708816176774635,1.22496250327287,1399.08,2016_yk_097,Yukon,2016,0.709317474689511,1.19802649584576,3.6171800703943e-4,559.795339463621,766.379161497421,1166.424,0.707810299334092,313.1776375083724,NA
1336,700.064,0.70923786723569,1.20461895286666,1400.128,2016_yk_097,Yukon,2016,0.709305625473039,1.19909388341259,0.00106738756683766,559.795339463621,766.379161497421,1166.424,0.707810299334092,313.1776375083724,NA
1337,700.588,0.709648005064215,1.23966412480787,1401.176,2016_yk_097,Yukon,2016,0.709326931949886,1.1996131724949,5.1928908230425e-4,559.795339463621,766.379161497421,1166.424,0.707810299334092,313.1776375083724,NA
1338,701.112,0.709101906198495,1.27323679664544,1402.224,2016_yk_097,Yukon,2016,0.709324980892434,1.20000548795545,3.9231546055251e-4,559.795339463621,766.379161497421,1166.424,0.707810299334092,313.1776375083724,NA
1339,701.636,0.710213491527161,1.26137256120506,1403.272,2016_yk_097,Yukon,2016,0.709318585586553,1.20049769721122,4.9220925577109e-4,559.795339463621,766.379161497421,1166.424,0.707810299334092,313.1776375083724,NA
1340,702.16,0.707895706791757,1.20686694243165,1404.32,2016_yk_097,Yukon,2016,0.709322893225291,1.20106210757314,5.6441036192e-4,559.795339463621,766.379161497421,1166.424,0.707810299334092,313.1776375083724,NA
1341,702.684,0.709677966566363,1.23454046343997,1405.368,2016_yk_097,Yukon,2016,0.709335805238938,1.20123989585085,1.7778827770653e-4,559.795339463621,766.379161497421,1166.424,0.707810299334092,313.1776375083724,NA
1342,703.208,0.709699877389218,1.29123001563129,1406.416,2016_yk_097,Yukon,2016,0.709334057828012,1.20132058931745,8.0693466598003e-5,559.795339463621,766.379161497421,1166.424,0.707810299334092,313.1776375083724,NA
1343,703.732,0.708577442519469,1.2851238860422,1407.464,2016_yk_097,Yukon,2016,0.709336568682814,1.20173496153577,4.1437221832163e-4,559.795339463621,766.379161497421,1166.424,0.707810299334092,313.1776375083724,NA
1344,704.256,0.70833485532608,1.22095989115041,1408.512,2016_yk_097,Yukon,2016,0.709359059359289,1.20160455712371,-1.3040441206158e-4,559.795339463621,766.379161497421,1166.424,0.707810299334092,313.1776375083724,NA
1345,704.78,0.709227987725995,1.22483121411729,1409.56,2016_yk_097,Yukon,2016,0.709381086949628,1.2005357629853,-0.0010687941384051,559.795339463621,766.379161497421,1166.424,0.707810299334092,313.1776375083724,NA
1346,705.304,0.709403505629008,1.23725624289168,1410.608,2016_yk_097,Yukon,2016,0.709383899202169,1.19952592895118,-0.00100983403412402,559.795339463621,766.379161497421,1166.424,0.707810299334092,313.1776375083724,NA
1347,705.828,0.70937790902706,1.22823678178083,1411.656,2016_yk_097,Yukon,2016,0.70938871416919,1.19922814890927,-2.9778004190217e-4,559.795339463621,766.379161497421,1166.424,0.707810299334092,313.1776375083724,NA
1348,706.352,0.709109139181602,1.18801231582094,1412.704,2016_yk_097,Yukon,2016,0.709394340481947,1.19860786126314,-6.2028764613542e-4,559.795339463621,766.379161497421,1166.424,0.707810299334092,313.1776375083724,NA
1349,706.876,0.709660396355746,1.21168571516048,1413.752,2016_yk_097,Yukon,2016,0.709400049575117,1.19793627240532,-6.7158885782192e-4,559.795339463621,766.379161497421,1166.424,0.707810299334092,313.1776375083724,NA
1350,707.4,0.70923534449465,1.21699672830758,1414.8,2016_yk_097,Yukon,2016,0.709410595432401,1.19693378963345,-0.00100248277186776,559.795339463621,766.379161497421,1166.424,0.707810299334092,313.1776375083724,NA
1351,707.924,0.709782207942938,1.17709032859113,1415.848,2016_yk_097,Yukon,2016,0.709405278909007,1.19559986521842,-0.00133392441503233,559.795339463621,766.379161497421,1166.424,0.707810299334092,313.1776375083724,NA
1352,708.448,0.709088578197243,1.16480218176211,1416.896,2016_yk_097,Yukon,2016,0.709423460207665,1.19361929499114,-0.0019805702272746,559.795339463621,766.379161497421,1166.424,0.707810299334092,313.1776375083724,NA
1353,708.972,0.709571718827435,1.21683562083681,1417.944,2016_yk_097,Yukon,2016,0.70939446129278,1.19184038995022,-0.00177890504092026,559.795339463621,766.379161497421,1166.424,0.707810299334092,313.1776375083724,NA
1354,709.496,0.71027286821983,1.21010851477008,1418.992,2016_yk_097,Yukon,2016,0.709399514961312,1.19153164223733,-3.0874771289157e-4,559.795339463621,766.379161497421,1166.424,0.707810299334092,313.1776375083724,NA
1355,710.02,0.708409567917849,1.14631657377108,1420.04,2016_yk_097,Yukon,2016,0.709405518223591,1.19148902360278,-4.26186345474644e-5,559.795339463621,766.379161497421,1166.424,0.707810299334092,313.1776375083724,NA
1356,710.544,0.709194057520306,1.15216068605656,1421.088,2016_yk_097,Yukon,2016,0.709402328369811,1.19027382895845,-0.00121519464433395,559.795339463621,766.379161497421,1166.424,0.707810299334092,313.1776375083724,NA
1357,711.068,0.709317941063324,1.18953350432083,1422.136,2016_yk_097,Yukon,2016,0.709412380673406,1.18862708506655,-0.00164674389190012,559.795339463621,766.379161497421,1166.424,0.707810299334092,313.1776375083724,NA
1358,711.592,0.708315616505585,1.20146797977126,1423.184,2016_yk_097,Yukon,2016,0.709439432991501,1.18785388771765,-7.7319734889758e-4,559.795339463621,766.379161497421,1166.424,0.707810299334092,313.1776375083724,NA
1359,712.116,0.709793921458288,1.18113048770798,1424.232,2016_yk_097,Yukon,2016,0.709443756149938,1.18711255220542,-7.4133551222788e-4,559.795339463621,766.379161497421,1166.424,0.707810299334092,313.1776375083724,NA
1360,712.64,0.710668661388697,1.21236327910305,1425.28,2016_yk_097,Yukon,2016,0.709432703476766,1.18526786317931,-0.00184468902611479,559.795339463621,766.379161497421,1166.424,0.707810299334092,313.1776375083724,NA
1361,713.164,0.708826457787024,1.24652699414326,1426.328,2016_yk_097,Yukon,2016,0.709429442083798,1.18420368960312,-0.00106417357619315,559.795339463621,766.379161497421,1166.424,0.707810299334092,313.1776375083724,NA
1362,713.688,0.709443473070966,1.23743689924506,1427.376,2016_yk_097,Yukon,2016,0.709440213102864,1.18372826935536,-4.7542024775881e-4,559.795339463621,766.379161497421,1166.424,0.707810299334092,313.1776375083724,NA
1363,714.212,0.709556753037464,1.21556970977767,1428.424,2016_yk_097,Yukon,2016,0.709449161814072,1.18292684656968,-8.0142278567185e-4,559.795339463621,766.379161497421,1166.424,0.707810299334092,313.1776375083724,NA
1364,714.736,0.708292012822058,1.20783734995746,1429.472,2016_yk_097,Yukon,2016,0.709445934208766,1.1814722774627,-0.00145456910698782,559.795339463621,766.379161497421,1166.424,0.707810299334092,313.1776375083724,NA
1365,715.26,0.70934617827376,1.1955286526526,1430.52,2016_yk_097,Yukon,2016,0.70944996897038,1.18018028348405,-0.00129199397864399,559.795339463621,766.379161497421,1166.424,0.707810299334092,313.1776375083724,NA
1366,715.784,0.708260687301818,1.16792599792065,1431.568,2016_yk_097,Yukon,2016,0.709430021737864,1.17871496575769,-0.00146531772635927,559.795339463621,766.379161497421,1166.424,0.707810299334092,313.1776375083724,NA
1367,716.308,0.71013112828454406,1.14590572018366,1432.616,2016_yk_097,Yukon,2016,0.709433896951783,1.17594355331657,-0.00277141244111956,559.795339463621,766.379161497421,1166.424,0.707810299334092,313.1776375083724,NA
1368,716.832,0.7091206043417,1.20773753989935,1433.664,2016_yk_097,Yukon,2016,0.70944334362287,1.1736931338372,-0.00225041947937288,559.795339463621,766.379161497421,1166.424,0.707810299334092,313.1776375083724,NA
1369,717.356,0.710198454510578,1.20792497461125,1434.712,2016_yk_097,Yukon,2016,0.709435689653682,1.17223352105811,-0.00145961277909268,559.795339463621,766.379161497421,1166.424,0.707810299334092,313.1776375083724,NA
1370,717.88,0.709302360083579,1.16853821931954,1435.76,2016_yk_097,Yukon,2016,0.70945629822777,1.17140961753457,-8.2390352354133e-4,559.795339463621,766.379161497421,1166.424,0.707810299334092,313.1776375083724,NA
1371,718.404,0.710314331829462,1.14898472568205,1436.808,2016_yk_097,Yukon,2016,0.709433394485576,1.16957820832757,-0.00183140920699998,559.795339463621,766.379161497421,1166.424,0.707810299334092,313.1776375083724,NA
1372,718.928,0.709417531030509,1.19587090086743,1437.856,2016_yk_097,Yukon,2016,0.709430029069292,1.16742098155534,-0.0021572267722294,559.795339463621,766.379161497421,1166.424,0.707810299334092,313.1776375083724,NA
1373,719.452,0.709698707696218,1.18760698709752,1438.904,2016_yk_097,Yukon,2016,0.709444333105397,1.16547522925678,-0.00194575229856042,559.795339463621,766.379161497421,1166.424,0.707810299334092,313.1776375083724,NA
1374,719.976,0.709780638408291,1.14640921745613,1439.952,2016_yk_097,Yukon,2016,0.709465990807616,1.16390288150916,-0.00157234774762194,559.795339463621,766.379161497421,1166.424,0.707810299334092,313.1776375083724,NA
1375,720.5,0.709939026278577,1.13688041214086,1441,2016_yk_097,Yukon,2016,0.70947454593991,1.16221520792091,-0.00168767358824273,559.795339463621,766.379161497421,1166.424,0.707810299334092,313.1776375083724,NA
1376,721.024,0.709775289943097,1.16263646893621,1442.048,2016_yk_097,Yukon,2016,0.709473036433664,1.16086164853294,-0.00135355938797566,559.795339463621,766.379161497421,1166.424,0.707810299334092,313.1776375083724,NA
1377,721.548,0.710200844929103,1.15682822619042,1443.096,2016_yk_097,Yukon,2016,0.70948150459645,1.15953379301651,-0.00132785551642889,559.795339463621,766.379161497421,1166.424,0.707810299334092,313.1776375083724,NA
1378,722.072,0.71054045883263,1.09622133451233,1444.144,2016_yk_097,Yukon,2016,0.709479972057785,1.15801419255578,-0.00151960046072586,559.795339463621,766.379161497421,1166.424,0.707810299334092,313.1776375083724,NA
1379,722.596,0.709738743100097,1.11671950564726,1445.192,2016_yk_097,Yukon,2016,0.709437657237495,1.15644408985038,-0.00157010270539959,559.795339463621,766.379161497421,1166.424,0.707810299334092,313.1776375083724,NA
1380,723.12,0.709361047617911,1.12636668323573,1446.24,2016_yk_097,Yukon,2016,0.709452807713944,1.15477055749434,-0.0016735323560404,559.795339463621,766.379161497421,1166.424,0.707810299334092,313.1776375083724,NA
1381,723.644,0.709603581123217,1.10767483146059,1447.288,2016_yk_097,Yukon,2016,0.709442634582821,1.15323394913284,-0.00153660836150116,559.795339463621,766.379161497421,1166.424,0.707810299334092,313.1776375083724,NA
1382,724.168,0.709882932477926,1.07729778632328,1448.336,2016_yk_097,Yukon,2016,0.709416205284264,1.15179430538231,-0.00143964375053041,559.795339463621,766.379161497421,1166.424,0.707810299334092,313.1776375083724,NA
1383,724.692,0.708529203666754,1.1188277505816,1449.384,2016_yk_097,Yukon,2016,0.709408766406405,1.150318036869,-0.00147626851331162,559.795339463621,766.379161497421,1166.424,0.707810299334092,313.1776375083724,NA
1384,725.216,0.710362097370226,1.16493029824021,1450.432,2016_yk_097,Yukon,2016,0.709408752522999,1.14932364853654,-9.9438833246012e-4,559.795339463621,766.379161497421,1166.424,0.707810299334092,313.1776375083724,NA
1385,725.74,0.709996391891279,1.13395330769945,1451.48,2016_yk_097,Yukon,2016,0.709450149982512,1.14861665137391,-7.0699716263322e-4,559.795339463621,766.379161497421,1166.424,0.707810299334092,313.1776375083724,NA
1386,726.264,0.709745303667197,1.12235711178855,1452.528,2016_yk_097,Yukon,2016,0.709459315328771,1.14750451568716,-0.0011121356867491701,559.795339463621,766.379161497421,1166.424,0.707810299334092,313.1776375083724,NA
1387,726.788,0.709401484954755,1.1567255621492,1453.576,2016_yk_097,Yukon,2016,0.709463257075176,1.14611645434549,-0.00138806134166236,559.795339463621,766.379161497421,1166.424,0.707810299334092,313.1776375083724,NA
1388,727.312,0.710478404353467,1.13217955794838,1454.624,2016_yk_097,Yukon,2016,0.70946762999153,1.14537966614447,-7.3678820102518e-4,559.795339463621,766.379161497421,1166.424,0.707810299334092,313.1776375083724,NA
1389,727.836,0.710277220418567,1.0970664534126,1455.672,2016_yk_097,Yukon,2016,0.709470407169551,1.14459068940479,-7.8897673968336e-4,559.795339463621,766.379161497421,1166.424,0.707810299334092,313.1776375083724,NA
1390,728.36,0.708691850203987,1.09066365128482,1456.72,2016_yk_097,Yukon,2016,0.709468375288464,1.14253702155328,-0.0020536678515044,559.795339463621,766.379161497421,1166.424,0.707810299334092,313.1776375083724,NA
1391,728.884,0.708771300554507,1.15755680878561,1457.768,2016_yk_097,Yukon,2016,0.709464546991119,1.14024878825451,-0.00228823329877459,559.795339463621,766.379161497421,1166.424,0.707810299334092,313.1776375083724,NA
1392,729.408,0.709273381362069,1.18038758367952,1458.816,2016_yk_097,Yukon,2016,0.709437195106353,1.13791505441717,-0.0023337338373397,559.795339463621,766.379161497421,1166.424,0.707810299334092,313.1776375083724,NA
1393,729.932,0.710024304785231,1.14619367991127,1459.864,2016_yk_097,Yukon,2016,0.709431149445183,1.13540952422977,-0.00250553018739263,559.795339463621,766.379161497421,1166.424,0.707810299334092,313.1776375083724,NA
1394,730.456,0.708841149668831,1.12566145275717,1460.912,2016_yk_097,Yukon,2016,0.709448589549792,1.13338546212104,-0.00202406210872996,559.795339463621,766.379161497421,1166.424,0.707810299334092,313.1776375083724,NA
1395,730.98,0.709058262471526,1.14744286455424,1461.96,2016_yk_097,Yukon,2016,0.70944919507072,1.13236279607954,-0.00102266604150847,559.795339463621,766.379161497421,1166.424,0.707810299334092,313.1776375083724,NA
1396,731.504,0.708041033284707,1.11669988928509,1463.008,2016_yk_097,Yukon,2016,0.709468145841061,1.13211835650765,-2.4443957188369e-4,559.795339463621,766.379161497421,1166.424,0.707810299334092,313.1776375083724,NA
1397,732.028,0.709880517899362,1.07337937834069,1464.056,2016_yk_097,Yukon,2016,0.709428738349108,1.1313921295708,-7.2622693685309e-4,559.795339463621,766.379161497421,1166.424,0.707810299334092,313.1776375083724,NA
1398,732.552,0.709668706463691,1.13821162788307,1465.104,2016_yk_097,Yukon,2016,0.709437957856855,1.12932839655759,-0.00206373301320739,559.795339463621,766.379161497421,1166.424,0.707810299334092,313.1776375083724,NA
1399,733.076,0.7097542533759,1.1737957944595,1466.152,2016_yk_097,Yukon,2016,0.709422005891174,1.12775226601288,-0.00157613054471484,559.795339463621,766.379161497421,1166.424,0.707810299334092,313.1776375083724,NA
1400,733.6,0.709132221237044,1.15743273101916,1467.2,2016_yk_097,Yukon,2016,0.709413981483759,1.12655948270989,-0.00119278330298656,559.795339463621,766.379161497421,1166.424,0.707810299334092,313.1776375083724,NA
1401,734.124,0.708303742034688,1.12465591101997,1468.248,2016_yk_097,Yukon,2016,0.709382898340614,1.12486201380103,-0.00169746890886091,559.795339463621,766.379161497421,1166.424,0.707810299334092,313.1776375083724,NA
1402,734.648,0.709497952412213,1.16179640929753,1469.296,2016_yk_097,Yukon,2016,0.7093669070525,1.12253407387773,-0.00232793992329627,559.795339463621,766.379161497421,1166.424,0.707810299334092,313.1776375083724,NA
1403,735.172,0.709435684685735,1.16837874812858,1470.344,2016_yk_097,Yukon,2016,0.709350054688247,1.12123461105971,-0.00129946281801874,559.795339463621,766.379161497421,1166.424,0.707810299334092,313.1776375083724,NA
1404,735.696,0.709634317459248,1.12661902629309,1471.392,2016_yk_097,Yukon,2016,0.709335891323698,1.12043354277519,-8.0106828452919e-4,559.795339463621,766.379161497421,1166.424,0.707810299334092,313.1776375083724,NA
1405,736.22,0.70974129566366,1.12357079882273,1472.44,2016_yk_097,Yukon,2016,0.709327516248161,1.11923941600874,-0.00119412676644215,559.795339463621,766.379161497421,1166.424,0.707810299334092,313.1776375083724,NA
1406,736.744,0.709312935254221,1.15604267961315,1473.488,2016_yk_097,Yukon,2016,0.709326539037784,1.11825486410887,-9.8455189987234e-4,559.795339463621,766.379161497421,1166.424,0.707810299334092,313.1776375083724,NA
1407,737.268,0.709885998794233,1.1485654507951,1474.536,2016_yk_097,Yukon,2016,0.709308316280959,1.11790841742761,-3.4644668125727e-4,559.795339463621,766.379161497421,1166.424,0.707810299334092,313.1776375083724,NA
1408,737.792,0.70901718686168,1.09683628817739,1475.584,2016_yk_097,Yukon,2016,0.709290975893306,1.11763406332529,-2.7435410232334e-4,559.795339463621,766.379161497421,1166.424,0.707810299334092,313.1776375083724,NA
1409,738.316,0.707121507138346,1.1174795528365,1476.632,2016_yk_097,Yukon,2016,0.709295562153664,1.11636210607794,-0.00127195724735363,559.795339463621,766.379161497421,1166.424,0.707810299334092,313.1776375083724,NA
1410,738.84,0.710144373081618,1.11658478694516,1477.68,2016_yk_097,Yukon,2016,0.70929475843746,1.11554157619551,-8.205298824242e-4,559.795339463621,766.379161497421,1166.424,0.707810299334092,313.1776375083724,NA
1411,739.364,0.709171820075558,1.08489382690106,1478.728,2016_yk_097,Yukon,2016,0.70929119253206,1.11550980801444,-3.17681810693138e-5,559.795339463621,766.379161497421,1166.424,0.707810299334092,313.1776375083724,NA
1412,739.888,0.707502820283811,1.07842355673028,1479.776,2016_yk_097,Yukon,2016,0.709261988521989,1.11500957503045,-5.0023298399404e-4,559.795339463621,766.379161497421,1166.424,0.707810299334092,313.1776375083724,NA
1413,740.412,0.709125386155905,1.12825951003811,1480.824,2016_yk_097,Yukon,2016,0.70930123164939,1.11393211317299,-0.00107746185746005,559.795339463621,766.379161497421,1166.424,0.707810299334092,313.1776375083724,NA
1414,740.936,0.710272035215447,1.15044521482247,1481.872,2016_yk_097,Yukon,2016,0.709291717311306,1.1131348064257,-7.9730674728995e-4,559.795339463621,766.379161497421,1166.424,0.707810299334092,313.1776375083724,NA
1415,741.46,0.710893415488603,1.10389674401309,1482.92,2016_yk_097,Yukon,2016,0.709257901003165,1.11321343497514,7.86285494369654e-5,559.795339463621,766.379161497421,1166.424,0.707810299334092,313.1776375083724,NA
1416,741.984,0.709743978295875,1.08543254485162,1483.968,2016_yk_097,Yukon,2016,0.709228940068133,1.11258515977407,-6.282752010629e-4,559.795339463621,766.379161497421,1166.424,0.707810299334092,313.1776375083724,NA
1417,742.508,0.70955444584765,1.10624982382108,1485.016,2016_yk_097,Yukon,2016,0.709231249359078,1.11155699196263,-0.0010281678114409901,559.795339463621,766.379161497421,1166.424,0.707810299334092,313.1776375083724,NA
1418,743.032,0.70857799148681,1.15726068770975,1486.064,2016_yk_097,Yukon,2016,0.709214252656594,1.11120056830405,-3.5642365858623e-4,559.795339463621,766.379161497421,1166.424,0.707810299334092,313.1776375083724,NA
1419,743.556,0.709960552139547,1.13379188332697,1487.112,2016_yk_097,Yukon,2016,0.709187461915066,1.11124025950105,3.96911970006464e-5,559.795339463621,766.379161497421,1166.424,0.707810299334092,313.1776375083724,NA
1420,744.08,0.710546748523464,1.08914320801279,1488.16,2016_yk_097,Yukon,2016,0.70919153862135,1.11081618777636,-4.2407172468439e-4,559.795339463621,766.379161497421,1166.424,0.707810299334092,313.1776375083724,NA
1421,744.604,0.708596759946312,1.10923299621679,1489.208,2016_yk_097,Yukon,2016,0.709204145077294,1.10945445319009,-0.0013617345862762,559.795339463621,766.379161497421,1166.424,0.707810299334092,313.1776375083724,NA
1422,745.128,0.707802359985004,1.09741286900467,1490.256,2016_yk_097,Yukon,2016,0.709203969361261,1.10862890517085,-8.2554801923939e-4,559.795339463621,766.379161497421,1166.424,0.707810299334092,313.1776375083724,NA
1423,745.652,0.709194013367293,1.06523789853412,1491.304,2016_yk_097,Yukon,2016,0.709174147055342,1.10764761153055,-9.8129364029908e-4,559.795339463621,766.379161497421,1166.424,0.707810299334092,313.1776375083724,NA
1424,746.176,0.709338419098605,1.08639362343367,1492.352,2016_yk_097,Yukon,2016,0.709190826041271,1.10628725299228,-0.00136035853826688,559.795339463621,766.379161497421,1166.424,0.707810299334092,313.1776375083724,NA
1425,746.7,0.709382509529397,1.13416869016209,1493.4,2016_yk_097,Yukon,2016,0.709188539839403,1.10513856392739,-0.00114868906488752,559.795339463621,766.379161497421,1166.424,0.707810299334092,313.1776375083724,NA
1426,747.224,0.709397733522299,1.15325962360763,1494.448,2016_yk_097,Yukon,2016,0.709217159308171,1.10499238868342,-1.4617524397242e-4,559.795339463621,766.379161497421,1166.424,0.707810299334092,313.1776375083724,NA
1427,747.748,0.70776667876739,1.10233210397249,1495.496,2016_yk_097,Yukon,2016,0.709199506724599,1.10461807309733,-3.7431558608691e-4,559.795339463621,766.379161497421,1166.424,0.707810299334092,313.1776375083724,NA
1428,748.272,0.709673774806508,1.0839135591069,1496.544,2016_yk_097,Yukon,2016,0.709199050572926,1.10273820399525,-0.00187986910208604,559.795339463621,766.379161497421,1166.424,0.707810299334092,313.1776375083724,NA
1429,748.796,0.709241336569729,1.11335714192835,1497.592,2016_yk_097,Yukon,2016,0.709186414481884,1.10112182686579,-0.00161637712945906,559.795339463621,766.379161497421,1166.424,0.707810299334092,313.1776375083724,NA
1430,749.32,0.708820895638642,1.09697122114035,1498.64,2016_yk_097,Yukon,2016,0.709180663799215,1.1004257475817,-6.9607928408865e-4,559.795339463621,766.379161497421,1166.424,0.707810299334092,313.1776375083724,NA
1431,749.844,0.708449343240804,1.0471365911504,1499.688,2016_yk_097,Yukon,2016,0.709187438317091,1.09946794420499,-9.5780337671369e-4,559.795339463621,766.379161497421,1166.424,0.707810299334092,313.1776375083724,NA
1432,750.368,0.708458053743637,1.05619450546965,1500.736,2016_yk_097,Yukon,2016,0.709188994849716,1.09820476897258,-0.00126317523240749,559.795339463621,766.379161497421,1166.424,0.707810299334092,313.1776375083724,NA
1433,750.892,0.708687565841027,1.1096392180164,1501.784,2016_yk_097,Yukon,2016,0.709184426685695,1.09772576167524,-4.7900729733774e-4,559.795339463621,766.379161497421,1166.424,0.707810299334092,313.1776375083724,NA
1434,751.416,0.708930836535358,1.09834512038438,1502.832,2016_yk_097,Yukon,2016,0.709180806490489,1.09739504705691,-3.3071461833555e-4,559.795339463621,766.379161497421,1166.424,0.707810299334092,313.1776375083724,NA
1435,751.94,0.709436521746339,1.06523280615433,1503.88,2016_yk_097,Yukon,2016,0.709167718443457,1.0960100327292,-0.00138501432771032,559.795339463621,766.379161497421,1166.424,0.707810299334092,313.1776375083724,NA
1436,752.464,0.709716657320492,1.10356335494388,1504.928,2016_yk_097,Yukon,2016,0.709186226230262,1.09430142626398,-0.00170860646521409,559.795339463621,766.379161497421,1166.424,0.707810299334092,313.1776375083724,NA
1437,752.988,0.709107479519628,1.13604142531499,1505.976,2016_yk_097,Yukon,2016,0.709175950257678,1.09296711463657,-0.00133431162741493,559.795339463621,766.379161497421,1166.424,0.707810299334092,313.1776375083724,NA
1438,753.512,0.709500035573406,1.07976008837293,1507.024,2016_yk_097,Yukon,2016,0.709178330533191,1.09253551482929,-4.315998072808e-4,559.795339463621,766.379161497421,1166.424,0.707810299334092,313.1776375083724,NA
1439,754.036,0.710013918721591,1.04040207080604,1508.072,2016_yk_097,Yukon,2016,0.709220482306087,1.09119002407038,-0.00134549075890456,559.795339463621,766.379161497421,1166.424,0.707810299334092,313.1776375083724,NA
1440,754.56,0.70931282464571,1.07713489029028,1509.12,2016_yk_097,Yukon,2016,0.709198830762037,1.08996060422239,-0.00122941984799141,559.795339463621,766.379161497421,1166.424,0.707810299334092,313.1776375083724,NA
1441,755.084,0.709389626799206,1.10576874059642,1510.168,2016_yk_097,Yukon,2016,0.709210795526708,1.08968590874663,-2.7469547575798e-4,559.795339463621,766.379161497421,1166.424,0.707810299334092,313.1776375083724,NA
1442,755.608,0.708130691873668,1.04728380728364,1511.216,2016_yk_097,Yukon,2016,0.709229409770842,1.08871631087497,-9.6959787166595e-4,559.795339463621,766.379161497421,1166.424,0.707810299334092,313.1776375083724,NA
1443,756.132,0.710883791310761,1.054180039134,1512.264,2016_yk_097,Yukon,2016,0.70921236503949,1.08648795130455,-0.00222835957041756,559.795339463621,766.379161497421,1166.424,0.707810299334092,313.1776375083724,NA
1444,756.656,0.709791237085219,1.11709189340281,1513.312,2016_yk_097,Yukon,2016,0.70920772210613,1.08487723163245,-0.00161071967210069,559.795339463621,766.379161497421,1166.424,0.707810299334092,313.1776375083724,NA
1445,757.18,0.707967413402803,1.13867102066566,1514.36,2016_yk_097,Yukon,2016,0.709185346845313,1.08469262941895,-1.846022135008e-4,559.795339463621,766.379161497421,1166.424,0.707810299334092,313.1776375083724,NA
1446,757.704,0.708007647565301,1.08466059972478,1515.408,2016_yk_097,Yukon,2016,0.709164589449408,1.08377523595074,-9.1739346820451e-4,559.795339463621,766.379161497421,1166.424,0.707810299334092,313.1776375083724,NA
1447,758.228,0.709540042411429,1.09503549346274,1516.456,2016_yk_097,Yukon,2016,0.709157349803235,1.08254486082384,-0.0012303751269005,559.795339463621,766.379161497421,1166.424,0.707810299334092,313.1776375083724,NA
1448,758.752,0.709458602204414,1.11079413843321,1517.504,2016_yk_097,Yukon,2016,0.709170350425443,1.08124787464673,-0.00129698617710883,559.795339463621,766.379161497421,1166.424,0.707810299334092,313.1776375083724,NA
1449,759.276,0.708669775926922,1.09944792523264,1518.552,2016_yk_097,Yukon,2016,0.709158295859367,1.08002793446466,-0.00121994018206983,559.795339463621,766.379161497421,1166.424,0.707810299334092,313.1776375083724,NA
1450,759.8,0.708936452581036,1.06521934780375,1519.6,2016_yk_097,Yukon,2016,0.709143748134813,1.07892885055456,-0.00109908391010194,559.795339463621,766.379161497421,1166.424,0.707810299334092,313.1776375083724,NA
1451,760.324,0.709527687911123,1.07585273360904,1520.648,2016_yk_097,Yukon,2016,0.709175478203497,1.0777260192846,-0.00120283126996434,559.795339463621,766.379161497421,1166.424,0.707810299334092,313.1776375083724,NA
1452,760.848,0.709262838400115,1.13085470252515,1521.696,2016_yk_097,Yukon,2016,0.709208414858266,1.07674700035785,-9.7901892674179e-4,559.795339463621,766.379161497421,1166.424,0.707810299334092,313.1776375083724,NA
1453,761.372,0.708234966430058,1.08731606149333,1522.744,2016_yk_097,Yukon,2016,0.709201030809102,1.07200374911363,-0.00474325124422359,559.795339463621,766.379161497421,1166.424,0.707810299334092,313.1776375083724,NA
1454,761.896,0.709841888824593,1.04403994046117,1523.792,2016_yk_097,Yukon,2016,0.709174452081721,1.06077460741364,-0.0112291416999959,559.795339463621,766.379161497421,1166.424,0.707810299334092,313.1776375083724,NA
1455,762.42,0.708921090359432,1.07852152066099,1524.84,2016_yk_097,Yukon,2016,NA,NA,NA,559.795339463621,766.379161497421,1166.424,0.707810299334092,313.1776375083724,NA
1456,762.944,0.709758201410781,1.10792937464675,1525.888,2016_yk_097,Yukon,2016,NA,NA,NA,559.795339463621,766.379161497421,1166.424,0.707810299334092,313.1776375083724,NA
1457,763.468,0.70882136288502,1.05092044317547,1526.936,2016_yk_097,Yukon,2016,NA,NA,NA,559.795339463621,766.379161497421,1166.424,0.707810299334092,313.1776375083724,NA
1458,763.992,0.709641337363362,1.02541948175791,1527.984,2016_yk_097,Yukon,2016,NA,NA,NA,559.795339463621,766.379161497421,1166.424,0.707810299334092,313.1776375083724,NA
1459,764.516,0.708996087913346,1.07681316669195,1529.032,2016_yk_097,Yukon,2016,NA,NA,NA,559.795339463621,766.379161497421,1166.424,0.707810299334092,313.1776375083724,NA
1460,765.04,0.70878718027689,1.11566797397384,1530.08,2016_yk_097,Yukon,2016,NA,NA,NA,559.795339463621,766.379161497421,1166.424,0.707810299334092,313.1776375083724,NA
1461,765.564,0.708710213107267,1.06718770841715,1531.128,2016_yk_097,Yukon,2016,NA,NA,NA,559.795339463621,766.379161497421,1166.424,0.707810299334092,313.1776375083724,NA
1462,766.088,0.709591344369715,1.08600589535307,1532.176,2016_yk_097,Yukon,2016,NA,NA,NA,559.795339463621,766.379161497421,1166.424,0.707810299334092,313.1776375083724,NA
1463,766.612,0.709161594844512,1.1396383102883,1533.224,2016_yk_097,Yukon,2016,NA,NA,NA,559.795339463621,766.379161497421,1166.424,0.707810299334092,313.1776375083724,NA
1464,767.136,0.709417105746868,1.10677614919295,1534.272,2016_yk_097,Yukon,2016,NA,NA,NA,559.795339463621,766.379161497421,1166.424,0.707810299334092,313.1776375083724,NA
1465,767.66,0.708956012841748,1.04046993916011,1535.32,2016_yk_097,Yukon,2016,NA,NA,NA,559.795339463621,766.379161497421,1166.424,0.707810299334092,313.1776375083724,NA
1466,768.184,0.7104234024625,1.05352629170031,1536.368,2016_yk_097,Yukon,2016,NA,NA,NA,559.795339463621,766.379161497421,1166.424,0.707810299334092,313.1776375083724,NA
1467,768.708,0.709269440439193,1.06850675315021,1537.416,2016_yk_097,Yukon,2016,NA,NA,NA,559.795339463621,766.379161497421,1166.424,0.707810299334092,313.1776375083724,NA
1468,769.232,0.7091600033925,1.07094029974053,1538.464,2016_yk_097,Yukon,2016,NA,NA,NA,559.795339463621,766.379161497421,1166.424,0.707810299334092,313.1776375083724,NA
1469,769.756,0.709650613512091,1.03675010730222,1539.512,2016_yk_097,Yukon,2016,NA,NA,NA,559.795339463621,766.379161497421,1166.424,0.707810299334092,313.1776375083724,NA
1470,770.28,0.708845280438627,1.04281959606568,1540.56,2016_yk_097,Yukon,2016,NA,NA,NA,559.795339463621,766.379161497421,1166.424,0.707810299334092,313.1776375083724,NA
1471,770.804,0.709889705955823,1.06841209835558,1541.608,2016_yk_097,Yukon,2016,NA,NA,NA,559.795339463621,766.379161497421,1166.424,0.707810299334092,313.1776375083724,NA
1472,771.328,0.708619674931817,1.02024768443033,1542.656,2016_yk_097,Yukon,2016,NA,NA,NA,559.795339463621,766.379161497421,1166.424,0.707810299334092,313.1776375083724,NA
1473,771.852,0.708102702274795,0.994557935813053,1543.704,2016_yk_097,Yukon,2016,NA,NA,NA,559.795339463621,766.379161497421,1166.424,0.707810299334092,313.1776375083724,NA
1474,772.376,0.709993459213835,1.05380203449643,1544.752,2016_yk_097,Yukon,2016,NA,NA,NA,559.795339463621,766.379161497421,1166.424,0.707810299334092,313.1776375083724,NA
1475,772.9,0.70955089983962,1.09282061120304,1545.8,2016_yk_097,Yukon,2016,NA,NA,NA,559.795339463621,766.379161497421,1166.424,0.707810299334092,313.1776375083724,NA
1476,773.424,0.708498534541542,1.03038893675934,1546.848,2016_yk_097,Yukon,2016,NA,NA,NA,559.795339463621,766.379161497421,1166.424,0.707810299334092,313.1776375083724,NA
1477,773.948,0.709120067077264,1.03242731620705,1547.896,2016_yk_097,Yukon,2016,NA,NA,NA,559.795339463621,766.379161497421,1166.424,0.707810299334092,313.1776375083724,NA
1478,774.472,0.709358028819318,1.07944151708323,1548.944,2016_yk_097,Yukon,2016,NA,NA,NA,559.795339463621,766.379161497421,1166.424,0.707810299334092,313.1776375083724,NA
1479,774.996,0.70923727817498206,1.06059547240278,1549.992,2016_yk_097,Yukon,2016,NA,NA,NA,559.795339463621,766.379161497421,1166.424,0.707810299334092,313.1776375083724,NA
1480,775.52,0.709673885050237,1.02319817340668,1551.04,2016_yk_097,Yukon,2016,NA,NA,NA,559.795339463621,766.379161497421,1166.424,0.707810299334092,313.1776375083724,NA
1481,776.044,0.71050056406733,1.03706312001893,1552.088,2016_yk_097,Yukon,2016,NA,NA,NA,559.795339463621,766.379161497421,1166.424,0.707810299334092,313.1776375083724,NA
1482,776.568,0.709778559271162,1.03867173340017,1553.136,2016_yk_097,Yukon,2016,NA,NA,NA,559.795339463621,766.379161497421,1166.424,0.707810299334092,313.1776375083724,NA
1483,777.092,0.708750970417469,0.780642823880703,1554.184,2016_yk_097,Yukon,2016,NA,NA,NA,559.795339463621,766.379161497421,1166.424,0.707810299334092,313.1776375083724,NA
1484,777.616,0.707743695455714,0.412645121433911,1555.232,2016_yk_097,Yukon,2016,NA,NA,NA,559.795339463621,766.379161497421,1166.424,0.707810299334092,313.1776375083724,NA
