Cycle,Time,Iso,Sr88,Microns,Fish_id,Watershed,Year
62,32.488,7.1144829767280349e-001,0.1158993829915176,64.976,2021_yk_008,Yukon,2021
63,33.012,7.2017643556138899e-001,0.13257979366944067,66.024,2021_yk_008,Yukon,2021
64,33.536,7.1599427350059286e-001,0.14959558722376712,67.072,2021_yk_008,Yukon,2021
65,34.06,7.1734954700285225e-001,0.15428436695646117,68.12,2021_yk_008,Yukon,2021
66,34.584,7.1205659672582222e-001,0.15776368701362797,69.168,2021_yk_008,Yukon,2021
67,35.108000000000004,7.2099216981410807e-001,0.1578902809640487,70.21600000000001,2021_yk_008,Yukon,2021
68,35.632000000000005,7.1147382582042995e-001,0.16057041050918464,71.26400000000001,2021_yk_008,Yukon,2021
69,36.156000000000006,7.1627516727602147e-001,0.16333714479430067,72.31200000000001,2021_yk_008,Yukon,2021
70,36.68,7.2293178460052943e-001,0.17201146612812665,73.36,2021_yk_008,Yukon,2021
71,37.204,7.1542927414507629e-001,0.17727283907054436,74.408,2021_yk_008,Yukon,2021
72,37.728,7.1490927402909377e-001,0.17589744208790983,75.456,2021_yk_008,Yukon,2021
73,38.252,7.2147256730333797e-001,0.16863884068556909,76.504,2021_yk_008,Yukon,2021
74,38.776,7.1612125855039654e-001,0.16252403186973988,77.552,2021_yk_008,Yukon,2021
75,39.300000000000004,7.1644750887983888e-001,0.181900439022518,78.60000000000001,2021_yk_008,Yukon,2021
76,39.824000000000005,7.1356756605028948e-001,0.21025228142091792,79.64800000000001,2021_yk_008,Yukon,2021
77,40.348,7.1548510022041245e-001,0.24013990888975975,80.696,2021_yk_008,Yukon,2021
78,40.872,7.1604591288231967e-001,0.2524993096934396,81.744,2021_yk_008,Yukon,2021
79,41.396,7.1884080118459870e-001,0.25788138269487204,82.792,2021_yk_008,Yukon,2021
80,41.92,7.1724035627263338e-001,0.2573846945515268,83.84,2021_yk_008,Yukon,2021
81,42.444,7.1479263192683662e-001,0.25782889206058207,84.888,2021_yk_008,Yukon,2021
82,42.968,7.1578695800905157e-001,0.2511137092535294,85.936,2021_yk_008,Yukon,2021
83,43.492000000000004,7.1562724726050009e-001,0.2507156627925136,86.98400000000001,2021_yk_008,Yukon,2021
84,44.016000000000005,7.1570130167171941e-001,0.24976715826248536,88.03200000000001,2021_yk_008,Yukon,2021
85,44.540000000000006,7.1902952189238079e-001,0.24599505163814683,89.08000000000001,2021_yk_008,Yukon,2021
86,45.064,7.1737057036231255e-001,0.2516810299193609,90.128,2021_yk_008,Yukon,2021
87,45.588,7.1496048791972500e-001,0.2511753084518743,91.176,2021_yk_008,Yukon,2021
88,46.112,7.1360869344760169e-001,0.2668572169401657,92.224,2021_yk_008,Yukon,2021
89,46.636,7.1535792547426869e-001,0.2616423448564405,93.272,2021_yk_008,Yukon,2021
90,47.160000000000004,7.1398912712489415e-001,0.2720943837829337,94.32000000000001,2021_yk_008,Yukon,2021
91,47.684000000000005,7.1630270203254665e-001,0.2801470865253535,95.36800000000001,2021_yk_008,Yukon,2021
92,48.208000000000006,7.1414389073882800e-001,0.2862290573993932,96.41600000000001,2021_yk_008,Yukon,2021
93,48.732,7.1686548457379806e-001,0.2967270290794652,97.464,2021_yk_008,Yukon,2021
94,49.256,7.1294493770709166e-001,0.3094676844557097,98.512,2021_yk_008,Yukon,2021
95,49.78,7.1310437373742785e-001,0.31350284456277194,99.56,2021_yk_008,Yukon,2021
96,50.304,7.1404342467371495e-001,0.3117931675090802,100.608,2021_yk_008,Yukon,2021
97,50.828,7.1859384912503255e-001,0.3177603322380895,101.656,2021_yk_008,Yukon,2021
98,51.352000000000004,7.1695998997389232e-001,0.3187218482241705,102.70400000000001,2021_yk_008,Yukon,2021
99,51.876000000000005,7.1162465243459994e-001,0.32216300491865446,103.75200000000001,2021_yk_008,Yukon,2021
100,52.400000000000006,7.1440491716752186e-001,0.3340185978733869,104.80000000000001,2021_yk_008,Yukon,2021
101,52.92400000000001,7.1905983828083597e-001,0.3306922227379126,105.84800000000001,2021_yk_008,Yukon,2021
102,53.448,7.1086961156428641e-001,0.325939065284383,106.896,2021_yk_008,Yukon,2021
103,53.972,7.1604902896746847e-001,0.31479734230090156,107.944,2021_yk_008,Yukon,2021
104,54.496,7.1488288341659645e-001,0.3109234167380471,108.992,2021_yk_008,Yukon,2021
105,55.02,7.1736983764272344e-001,0.311029504659366,110.04,2021_yk_008,Yukon,2021
106,55.544000000000004,7.1313220109099140e-001,0.3034943176845903,111.08800000000001,2021_yk_008,Yukon,2021
107,56.068000000000005,7.1676133483062399e-001,0.29729094267110445,112.13600000000001,2021_yk_008,Yukon,2021
108,56.592000000000006,7.1732030071815722e-001,0.29736744079722277,113.18400000000001,2021_yk_008,Yukon,2021
109,57.116,7.1278850426281060e-001,0.30631304260895337,114.232,2021_yk_008,Yukon,2021
110,57.64,7.1645169605863435e-001,0.30348284117456065,115.28,2021_yk_008,Yukon,2021
111,58.164,7.1369386549252367e-001,0.31924816237739506,116.328,2021_yk_008,Yukon,2021
112,58.688,7.1643105533656459e-001,0.3276066275055607,117.376,2021_yk_008,Yukon,2021
113,59.212,7.1504151029909824e-001,0.34708875374818726,118.424,2021_yk_008,Yukon,2021
114,59.736000000000004,7.1514624654613013e-001,0.36907364956268063,119.47200000000001,2021_yk_008,Yukon,2021
115,60.260000000000005,7.1344278252057391e-001,0.3815425393248608,120.52000000000001,2021_yk_008,Yukon,2021
116,60.784000000000006,7.1346569085358980e-001,0.3988878422389801,121.56800000000001,2021_yk_008,Yukon,2021
117,61.30800000000001,7.1813581821014971e-001,0.40472885534785774,122.61600000000001,2021_yk_008,Yukon,2021
118,61.832,7.1333143464661997e-001,0.4110418345170748,123.664,2021_yk_008,Yukon,2021
119,62.356,7.1546716871750926e-001,0.4128943464037817,124.712,2021_yk_008,Yukon,2021
120,62.88,7.1297242572497022e-001,0.4261830342753828,125.76,2021_yk_008,Yukon,2021
121,63.404,7.1503703194175006e-001,0.4287397226688842,126.808,2021_yk_008,Yukon,2021
122,63.928000000000004,7.1486318911425351e-001,0.426833063432596,127.85600000000001,2021_yk_008,Yukon,2021
123,64.452,7.1411153366909019e-001,0.4315077613623064,128.904,2021_yk_008,Yukon,2021
124,64.976,7.1480958239981740e-001,0.4345484754770269,129.952,2021_yk_008,Yukon,2021
125,65.5,7.1653313997300438e-001,0.44319508825440607,131,2021_yk_008,Yukon,2021
126,66.024,7.1632376522435381e-001,0.4336768260531964,132.048,2021_yk_008,Yukon,2021
127,66.548,7.1211576828479695e-001,0.4271731738134835,133.096,2021_yk_008,Yukon,2021
128,67.072,7.1382564108652768e-001,0.42522232557656053,134.144,2021_yk_008,Yukon,2021
129,67.596,7.1416583773280895e-001,0.427171734904594,135.192,2021_yk_008,Yukon,2021
130,68.12,7.1643754745217425e-001,0.4287296372771738,136.24,2021_yk_008,Yukon,2021
131,68.644,7.1399540304729947e-001,0.42225044797962974,137.288,2021_yk_008,Yukon,2021
132,69.168,7.1348185199393821e-001,0.428201856501949,138.336,2021_yk_008,Yukon,2021
133,69.69200000000001,7.1452881671965929e-001,0.4390124260117141,139.38400000000001,2021_yk_008,Yukon,2021
134,70.21600000000001,7.1647118232320772e-001,0.4379493384735724,140.43200000000002,2021_yk_008,Yukon,2021
135,70.74000000000001,7.1212592223962168e-001,0.44611648414888955,141.48000000000002,2021_yk_008,Yukon,2021
136,71.26400000000001,7.1463062030401237e-001,0.44585664306658546,142.52800000000002,2021_yk_008,Yukon,2021
137,71.78800000000001,7.1551897163643852e-001,0.45320951124912107,143.57600000000002,2021_yk_008,Yukon,2021
138,72.312,7.1473600236856094e-001,0.45531975554260135,144.624,2021_yk_008,Yukon,2021
139,72.836,7.1546947209781742e-001,0.4584236719782828,145.672,2021_yk_008,Yukon,2021
140,73.36,7.1457193391370388e-001,0.4702024449646918,146.72,2021_yk_008,Yukon,2021
141,73.884,7.1534146565319945e-001,0.4688882098060416,147.768,2021_yk_008,Yukon,2021
142,74.408,7.1303931529147890e-001,0.46921905265343394,148.816,2021_yk_008,Yukon,2021
143,74.932,7.1121473607634245e-001,0.4662181495884795,149.864,2021_yk_008,Yukon,2021
144,75.456,7.1447112769105336e-001,0.4690565479132901,150.912,2021_yk_008,Yukon,2021
145,75.98,7.1297483488342950e-001,0.46193658265487825,151.96,2021_yk_008,Yukon,2021
146,76.504,7.1421123170934009e-001,0.45869343774923216,153.008,2021_yk_008,Yukon,2021
147,77.028,7.1612712748407825e-001,0.4638285205506556,154.056,2021_yk_008,Yukon,2021
148,77.552,7.1666222450721750e-001,0.4766329682371656,155.104,2021_yk_008,Yukon,2021
149,78.07600000000001,7.1482205171525626e-001,0.4749853401292457,156.15200000000002,2021_yk_008,Yukon,2021
150,78.60000000000001,7.1282613750921175e-001,0.4661160509669954,157.20000000000002,2021_yk_008,Yukon,2021
151,79.12400000000001,7.1541765319947470e-001,0.4644538286705598,158.24800000000002,2021_yk_008,Yukon,2021
152,79.64800000000001,7.1548727836750325e-001,0.47192261272889274,159.29600000000002,2021_yk_008,Yukon,2021
153,80.172,7.1516632047548290e-001,0.4772974556042446,160.344,2021_yk_008,Yukon,2021
154,80.696,7.1458833621427920e-001,0.47361298880551983,161.392,2021_yk_008,Yukon,2021
155,81.22,7.1625416939380249e-001,0.4826257147192172,162.44,2021_yk_008,Yukon,2021
156,81.744,7.1431252611130280e-001,0.4852250951330691,163.488,2021_yk_008,Yukon,2021
157,82.268,7.1309195300602879e-001,0.4817000870377377,164.536,2021_yk_008,Yukon,2021
158,82.792,7.1618944797299655e-001,0.4847499305584536,165.584,2021_yk_008,Yukon,2021
159,83.316,7.1426944526341929e-001,0.4819391926336179,166.632,2021_yk_008,Yukon,2021
160,83.84,7.1545828941750500e-001,0.47843925917918606,167.68,2021_yk_008,Yukon,2021
161,84.364,7.1469631638864572e-001,0.4781622364922262,168.728,2021_yk_008,Yukon,2021
162,84.888,7.1516710602266131e-001,0.4889152365483203,169.776,2021_yk_008,Yukon,2021
163,85.412,7.1424697147035399e-001,0.48931743271292566,170.824,2021_yk_008,Yukon,2021
164,85.936,7.1486923750283859e-001,0.4935376683119004,171.872,2021_yk_008,Yukon,2021
165,86.46000000000001,7.1633381548412300e-001,0.493674973068245,172.92000000000002,2021_yk_008,Yukon,2021
166,86.98400000000001,7.1294815562870872e-001,0.4917597015822778,173.96800000000002,2021_yk_008,Yukon,2021
167,87.50800000000001,7.1420196451566054e-001,0.49773506207119605,175.01600000000002,2021_yk_008,Yukon,2021
168,88.03200000000001,7.1318642189636794e-001,0.5016930950842332,176.06400000000002,2021_yk_008,Yukon,2021
169,88.55600000000001,7.1335095365786738e-001,0.5099486684374738,177.11200000000002,2021_yk_008,Yukon,2021
170,89.08,7.1362292566657848e-001,0.5208950252495643,178.16,2021_yk_008,Yukon,2021
171,89.604,7.1292700807865672e-001,0.5093430118141073,179.208,2021_yk_008,Yukon,2021
172,90.128,7.1280586009615887e-001,0.5057140079657777,180.256,2021_yk_008,Yukon,2021
173,90.652,7.1439583187071964e-001,0.5122019306589934,181.304,2021_yk_008,Yukon,2021
174,91.176,7.1414983259035181e-001,0.5124624821115892,182.352,2021_yk_008,Yukon,2021
175,91.7,7.1468430848986442e-001,0.5228135664826469,183.4,2021_yk_008,Yukon,2021
176,92.224,7.1503520640446105e-001,0.524365025839716,184.448,2021_yk_008,Yukon,2021
177,92.748,7.1359305732281875e-001,0.5213098227841227,185.496,2021_yk_008,Yukon,2021
178,93.272,7.1502120467887265e-001,0.5255200545123542,186.544,2021_yk_008,Yukon,2021
179,93.796,7.1398335657424594e-001,0.5275627318644717,187.592,2021_yk_008,Yukon,2021
180,94.32000000000001,7.1379492903370056e-001,0.5233310816683808,188.64000000000001,2021_yk_008,Yukon,2021
181,94.84400000000001,7.1560019249846996e-001,0.5368941603182915,189.68800000000002,2021_yk_008,Yukon,2021
182,95.36800000000001,7.1207272501164354e-001,0.5345702587355698,190.73600000000002,2021_yk_008,Yukon,2021
183,95.89200000000001,7.1380665575280589e-001,0.5371646061148423,191.78400000000002,2021_yk_008,Yukon,2021
184,96.41600000000001,7.1417912038526343e-001,0.5317654828926809,192.83200000000002,2021_yk_008,Yukon,2021
185,96.94,7.1712295704959439e-001,0.5357874103292404,193.88,2021_yk_008,Yukon,2021
186,97.464,7.1446684264572102e-001,0.5186022471466697,194.928,2021_yk_008,Yukon,2021
187,97.988,7.1298726770176579e-001,0.5196630890586625,195.976,2021_yk_008,Yukon,2021
188,98.512,7.1525689460559216e-001,0.5236676258306262,197.024,2021_yk_008,Yukon,2021
189,99.036,7.1635236339403130e-001,0.5140873368733271,198.072,2021_yk_008,Yukon,2021
190,99.56,7.1580099569293931e-001,0.5121098264847729,199.12,2021_yk_008,Yukon,2021
191,100.084,7.1599953030646935e-001,0.5233562295385521,200.168,2021_yk_008,Yukon,2021
192,100.608,7.1396069101498150e-001,0.5234783834983349,201.216,2021_yk_008,Yukon,2021
193,101.132,7.1450665711156891e-001,0.522238234617099,202.264,2021_yk_008,Yukon,2021
194,101.656,7.1400011860110124e-001,0.5099921108940534,203.312,2021_yk_008,Yukon,2021
195,102.18,7.1609935253490431e-001,0.5019059890195969,204.36,2021_yk_008,Yukon,2021
196,102.70400000000001,7.1408284914268549e-001,0.5034988068259141,205.40800000000002,2021_yk_008,Yukon,2021
197,103.22800000000001,7.1366514100842104e-001,0.5129736122272197,206.45600000000002,2021_yk_008,Yukon,2021
198,103.75200000000001,7.1375829382007494e-001,0.5241354641710431,207.50400000000002,2021_yk_008,Yukon,2021
199,104.27600000000001,7.1402580201651200e-001,0.5378037982637287,208.55200000000002,2021_yk_008,Yukon,2021
200,104.80000000000001,7.1464817061016805e-001,0.5429984741709658,209.60000000000002,2021_yk_008,Yukon,2021
201,105.32400000000001,7.1499569887562442e-001,0.5651028018327362,210.64800000000002,2021_yk_008,Yukon,2021
202,105.848,7.1425673544111778e-001,0.5794396340713754,211.696,2021_yk_008,Yukon,2021
203,106.372,7.1446123998340516e-001,0.5759732881287964,212.744,2021_yk_008,Yukon,2021
204,106.896,7.1627452133315395e-001,0.5759653430245485,213.792,2021_yk_008,Yukon,2021
205,107.42,7.1528806272383405e-001,0.5649859368431395,214.84,2021_yk_008,Yukon,2021
206,107.944,7.1494159542706859e-001,0.5426179625696482,215.888,2021_yk_008,Yukon,2021
207,108.468,7.1585230507963515e-001,0.5291018340215674,216.936,2021_yk_008,Yukon,2021
208,108.992,7.1590106106451723e-001,0.5280836687214193,217.984,2021_yk_008,Yukon,2021
209,109.516,7.1488214134348127e-001,0.5358478190752434,219.032,2021_yk_008,Yukon,2021
210,110.04,7.1448196697096811e-001,0.5159185844700326,220.08,2021_yk_008,Yukon,2021
211,110.56400000000001,7.1548490605277060e-001,0.5246767999408296,221.12800000000001,2021_yk_008,Yukon,2021
212,111.08800000000001,7.1542990443613796e-001,0.5460617028872956,222.17600000000002,2021_yk_008,Yukon,2021
213,111.61200000000001,7.1431900373010693e-001,0.5434601753856997,223.22400000000002,2021_yk_008,Yukon,2021
214,112.13600000000001,7.1430187048499771e-001,0.5255398180586937,224.27200000000002,2021_yk_008,Yukon,2021
215,112.66000000000001,7.1289521854467852e-001,0.4886758117014834,225.32000000000002,2021_yk_008,Yukon,2021
216,113.18400000000001,7.1588707990288336e-001,0.4854137967090915,226.36800000000002,2021_yk_008,Yukon,2021
217,113.708,7.1418260208853013e-001,0.4709778199060302,227.416,2021_yk_008,Yukon,2021
218,114.232,7.1171023561718239e-001,0.4645163478034088,228.464,2021_yk_008,Yukon,2021
219,114.756,7.1326013583366388e-001,0.475542129333316,229.512,2021_yk_008,Yukon,2021
220,115.28,7.1571576067922027e-001,0.5028374571304024,230.56,2021_yk_008,Yukon,2021
221,115.804,7.1588146654177875e-001,0.5330391405935991,231.608,2021_yk_008,Yukon,2021
222,116.328,7.1446782512781570e-001,0.6015542815183245,232.656,2021_yk_008,Yukon,2021
223,116.852,7.1354159829944075e-001,0.6522103546699848,233.704,2021_yk_008,Yukon,2021
224,117.376,7.1285213386736535e-001,0.7126331538623284,234.752,2021_yk_008,Yukon,2021
225,117.9,7.1317277063624362e-001,0.7121289134075087,235.8,2021_yk_008,Yukon,2021
226,118.424,7.1416101769184082e-001,0.6925664444628898,236.848,2021_yk_008,Yukon,2021
227,118.94800000000001,7.1302778274525802e-001,0.6503329715886045,237.89600000000002,2021_yk_008,Yukon,2021
228,119.47200000000001,7.1654080807613330e-001,0.6148906483288124,238.94400000000002,2021_yk_008,Yukon,2021
229,119.99600000000001,7.1545078345661584e-001,0.5843336686358158,239.99200000000002,2021_yk_008,Yukon,2021
230,120.52000000000001,7.1491865829067458e-001,0.5571376888755036,241.04000000000002,2021_yk_008,Yukon,2021
231,121.04400000000001,7.1500522492450713e-001,0.5378293847188353,242.08800000000002,2021_yk_008,Yukon,2021
232,121.56800000000001,7.1592661867991347e-001,0.5143893276336581,243.13600000000002,2021_yk_008,Yukon,2021
233,122.09200000000001,7.1300447786539256e-001,0.5014876484010857,244.18400000000003,2021_yk_008,Yukon,2021
234,122.616,7.1402679751119502e-001,0.5002535587964624,245.232,2021_yk_008,Yukon,2021
235,123.14,7.1333246415502416e-001,0.4641880118610552,246.28,2021_yk_008,Yukon,2021
236,123.664,7.1593987198178077e-001,0.460998774999646,247.328,2021_yk_008,Yukon,2021
237,124.188,7.1336620439147558e-001,0.465020415139535,248.376,2021_yk_008,Yukon,2021
238,124.712,7.1313571499779194e-001,0.5154094203503554,249.424,2021_yk_008,Yukon,2021
239,125.236,7.1461996428066765e-001,0.5524636819621527,250.472,2021_yk_008,Yukon,2021
240,125.76,7.1496304843111491e-001,0.5651807177677682,251.52,2021_yk_008,Yukon,2021
241,126.284,7.1248392111434322e-001,0.5787465268527642,252.568,2021_yk_008,Yukon,2021
242,126.808,7.1357739084936855e-001,0.6113612157250355,253.616,2021_yk_008,Yukon,2021
243,127.33200000000001,7.1152145695920488e-001,0.6386025234987127,254.66400000000002,2021_yk_008,Yukon,2021
244,127.85600000000001,7.1406067012636709e-001,0.6371799869230366,255.71200000000002,2021_yk_008,Yukon,2021
245,128.38,7.1507577491808216e-001,0.6207149776970914,256.76,2021_yk_008,Yukon,2021
246,128.904,7.1358226797393343e-001,0.6147143939968664,257.808,2021_yk_008,Yukon,2021
247,129.428,7.1353416221369215e-001,0.5751075613870864,258.856,2021_yk_008,Yukon,2021
248,129.952,7.1391311513699851e-001,0.5499113247231723,259.904,2021_yk_008,Yukon,2021
249,130.476,7.1480104481622775e-001,0.5366102395118407,260.952,2021_yk_008,Yukon,2021
250,131,7.1489465939335728e-001,0.5485373228794954,262,2021_yk_008,Yukon,2021
251,131.524,7.1484969526064102e-001,0.5792410845457778,263.048,2021_yk_008,Yukon,2021
252,132.048,7.1399666387880500e-001,0.6057064771561854,264.096,2021_yk_008,Yukon,2021
253,132.572,7.1577060253738400e-001,0.6249482057798702,265.144,2021_yk_008,Yukon,2021
254,133.096,7.1349888994004884e-001,0.6455845760726164,266.192,2021_yk_008,Yukon,2021
255,133.62,7.1437560935513245e-001,0.6521175234337148,267.24,2021_yk_008,Yukon,2021
256,134.144,7.1769052971764968e-001,0.643501446180967,268.288,2021_yk_008,Yukon,2021
257,134.668,7.1588013578067611e-001,0.6329658704705875,269.336,2021_yk_008,Yukon,2021
258,135.192,7.1398068971365802e-001,0.6364585854646109,270.384,2021_yk_008,Yukon,2021
259,135.716,7.1613918394799525e-001,0.6188907846116064,271.432,2021_yk_008,Yukon,2021
260,136.24,7.1404489072355859e-001,0.624321264558173,272.48,2021_yk_008,Yukon,2021
261,136.764,7.1557247524584700e-001,0.6229846218967592,273.528,2021_yk_008,Yukon,2021
262,137.288,7.1461378307539236e-001,0.6300168765740068,274.576,2021_yk_008,Yukon,2021
263,137.812,7.1470496586353782e-001,0.6171680691928393,275.624,2021_yk_008,Yukon,2021
264,138.336,7.1516159384795752e-001,0.6112775347037659,276.672,2021_yk_008,Yukon,2021
265,138.86,7.1669740859578757e-001,0.589787212742496,277.72,2021_yk_008,Yukon,2021
266,139.38400000000001,7.1614101273948383e-001,0.5822754234441424,278.76800000000003,2021_yk_008,Yukon,2021
267,139.90800000000002,7.1507658498929882e-001,0.561168122558536,279.81600000000003,2021_yk_008,Yukon,2021
268,140.43200000000002,7.1513006838431870e-001,0.5408505820896503,280.86400000000003,2021_yk_008,Yukon,2021
269,140.95600000000002,7.1576699488796736e-001,0.5422040861841958,281.91200000000003,2021_yk_008,Yukon,2021
270,141.48000000000002,7.1526956882317516e-001,0.538030482193833,282.96000000000004,2021_yk_008,Yukon,2021
271,142.00400000000002,7.1638561762744268e-001,0.5219529103684166,284.00800000000004,2021_yk_008,Yukon,2021
272,142.52800000000002,7.1753156947530605e-001,0.5223411347400715,285.05600000000004,2021_yk_008,Yukon,2021
273,143.05200000000002,7.1730052619479501e-001,0.5339095013054691,286.10400000000004,2021_yk_008,Yukon,2021
274,143.576,7.1717272283464506e-001,0.5156875546947087,287.152,2021_yk_008,Yukon,2021
275,144.1,7.1633512256851106e-001,0.5145625654857201,288.2,2021_yk_008,Yukon,2021
276,144.624,7.1752057663796387e-001,0.5152142857045559,289.248,2021_yk_008,Yukon,2021
277,145.148,7.1443756183097717e-001,0.5024900033409695,290.296,2021_yk_008,Yukon,2021
278,145.672,7.1800368683149807e-001,0.5053689537194117,291.344,2021_yk_008,Yukon,2021
279,146.196,7.1667470834593394e-001,0.5281247150911803,292.392,2021_yk_008,Yukon,2021
280,146.72,7.1619762212785976e-001,0.5397360087800113,293.44,2021_yk_008,Yukon,2021
281,147.244,7.1836790275438456e-001,0.5574580745386554,294.488,2021_yk_008,Yukon,2021
282,147.768,7.1646546178622716e-001,0.5947202811984691,295.536,2021_yk_008,Yukon,2021
283,148.292,7.1612833706486223e-001,0.6078762404335889,296.584,2021_yk_008,Yukon,2021
284,148.816,7.1614087357745471e-001,0.6142254752176473,297.632,2021_yk_008,Yukon,2021
285,149.34,7.1850967429987578e-001,0.6099768327105172,298.68,2021_yk_008,Yukon,2021
286,149.864,7.1647845337772764e-001,0.6010456511901662,299.728,2021_yk_008,Yukon,2021
287,150.388,7.1532648840391910e-001,0.5973665699731676,300.776,2021_yk_008,Yukon,2021
288,150.912,7.1869526402642581e-001,0.5865601015485082,301.824,2021_yk_008,Yukon,2021
289,151.436,7.1591202929855979e-001,0.5920187241348105,302.872,2021_yk_008,Yukon,2021
290,151.96,7.1541883478726442e-001,0.6019504667795934,303.92,2021_yk_008,Yukon,2021
291,152.484,7.1431865648769044e-001,0.6198487262056376,304.968,2021_yk_008,Yukon,2021
292,153.008,7.1777498313391763e-001,0.6291553930964047,306.016,2021_yk_008,Yukon,2021
293,153.532,7.1604310593550491e-001,0.6295752993806131,307.064,2021_yk_008,Yukon,2021
294,154.056,7.1628386911665565e-001,0.6249008789666418,308.112,2021_yk_008,Yukon,2021
295,154.58,7.1652108813348392e-001,0.6213647329710583,309.16,2021_yk_008,Yukon,2021
296,155.104,7.1896243253730530e-001,0.6141510366910625,310.208,2021_yk_008,Yukon,2021
297,155.62800000000001,7.1321810644875838e-001,0.6091810697680495,311.25600000000003,2021_yk_008,Yukon,2021
298,156.15200000000002,7.1587295616323565e-001,0.6111848720054383,312.30400000000003,2021_yk_008,Yukon,2021
299,156.67600000000002,7.1794221523021995e-001,0.6082614891580949,313.35200000000003,2021_yk_008,Yukon,2021
300,157.20000000000002,7.1626674158337567e-001,0.6017156414183794,314.40000000000003,2021_yk_008,Yukon,2021
301,157.72400000000002,7.1796023084189209e-001,0.5941070106824489,315.44800000000004,2021_yk_008,Yukon,2021
302,158.24800000000002,7.1676298275830164e-001,0.5805406264148324,316.49600000000004,2021_yk_008,Yukon,2021
303,158.77200000000002,7.1697788214728719e-001,0.5571258579941609,317.54400000000004,2021_yk_008,Yukon,2021
304,159.29600000000002,7.1691534260821466e-001,0.548044206257267,318.59200000000004,2021_yk_008,Yukon,2021
305,159.82,7.1686694435277942e-001,0.5329685646588423,319.64,2021_yk_008,Yukon,2021
306,160.344,7.1908141870410081e-001,0.5245989987771374,320.688,2021_yk_008,Yukon,2021
307,160.868,7.1756586313353143e-001,0.5223360493614995,321.736,2021_yk_008,Yukon,2021
308,161.392,7.1852795346768727e-001,0.5309628538683467,322.784,2021_yk_008,Yukon,2021
309,161.916,7.1756684730441589e-001,0.5202497761996878,323.832,2021_yk_008,Yukon,2021
310,162.44,7.1717905087953682e-001,0.54152413866382,324.88,2021_yk_008,Yukon,2021
311,162.964,7.1587974578962477e-001,0.525605399324673,325.928,2021_yk_008,Yukon,2021
312,163.488,7.1800578795245773e-001,0.5376268143876604,326.976,2021_yk_008,Yukon,2021
313,164.012,7.2056557178624248e-001,0.5342533646248544,328.024,2021_yk_008,Yukon,2021
314,164.536,7.1819485169211061e-001,0.5387255384559438,329.072,2021_yk_008,Yukon,2021
315,165.06,7.1598964465023096e-001,0.5495561913914796,330.12,2021_yk_008,Yukon,2021
316,165.584,7.1755097897947739e-001,0.5427983971110083,331.168,2021_yk_008,Yukon,2021
317,166.108,7.1799462721614904e-001,0.5455685082125586,332.216,2021_yk_008,Yukon,2021
318,166.632,7.1751691820440733e-001,0.5524443095424731,333.264,2021_yk_008,Yukon,2021
319,167.156,7.1592461655984152e-001,0.566860790209478,334.312,2021_yk_008,Yukon,2021
320,167.68,7.1703926030158749e-001,0.5611267975886103,335.36,2021_yk_008,Yukon,2021
321,168.204,7.1811932093919073e-001,0.5591593353555818,336.408,2021_yk_008,Yukon,2021
322,168.728,7.1694527301789290e-001,0.5518118412243909,337.456,2021_yk_008,Yukon,2021
323,169.252,7.1787775430698164e-001,0.5516917380817825,338.504,2021_yk_008,Yukon,2021
324,169.776,7.1908926055996458e-001,0.5586567231476677,339.552,2021_yk_008,Yukon,2021
325,170.3,7.1748065045037235e-001,0.5504426977313405,340.6,2021_yk_008,Yukon,2021
326,170.824,7.1826695974439381e-001,0.5619833490111386,341.648,2021_yk_008,Yukon,2021
327,171.348,7.1706562875580937e-001,0.5728369304561516,342.696,2021_yk_008,Yukon,2021
328,171.872,7.1750349000054492e-001,0.5729862246402548,343.744,2021_yk_008,Yukon,2021
329,172.39600000000002,7.2030090716518169e-001,0.5814125967647873,344.79200000000003,2021_yk_008,Yukon,2021
330,172.92000000000002,7.1743195280340644e-001,0.5768619224185344,345.84000000000003,2021_yk_008,Yukon,2021
331,173.44400000000002,7.1693738275586461e-001,0.5787024938456071,346.88800000000003,2021_yk_008,Yukon,2021
332,173.96800000000002,7.1928914990391746e-001,0.5986729936687084,347.93600000000004,2021_yk_008,Yukon,2021
333,174.49200000000002,7.1841197598260076e-001,0.591150677384759,348.98400000000004,2021_yk_008,Yukon,2021
334,175.01600000000002,7.1661187188657094e-001,0.5921617634254766,350.03200000000004,2021_yk_008,Yukon,2021
335,175.54000000000002,7.1763497523521835e-001,0.5885972805749203,351.08000000000004,2021_yk_008,Yukon,2021
336,176.06400000000002,7.2044192341820168e-001,0.5893577036226203,352.12800000000004,2021_yk_008,Yukon,2021
337,176.58800000000002,7.1721690282585004e-001,0.5969456527459405,353.17600000000004,2021_yk_008,Yukon,2021
338,177.112,7.1716311909515040e-001,0.5968736148103573,354.224,2021_yk_008,Yukon,2021
339,177.636,7.1796746326911698e-001,0.6047463208832953,355.272,2021_yk_008,Yukon,2021
340,178.16,7.1777377360074479e-001,0.6081090619184186,356.32,2021_yk_008,Yukon,2021
341,178.684,7.1727797266787441e-001,0.606237525051872,357.368,2021_yk_008,Yukon,2021
342,179.208,7.1843669334381910e-001,0.619230875202559,358.416,2021_yk_008,Yukon,2021
343,179.732,7.1742389253828664e-001,0.6122954823431352,359.464,2021_yk_008,Yukon,2021
344,180.256,7.1778708776652500e-001,0.6152121877638267,360.512,2021_yk_008,Yukon,2021
345,180.78,7.1681271336102304e-001,0.6105869070971955,361.56,2021_yk_008,Yukon,2021
346,181.304,7.1652557595449040e-001,0.6121285595551862,362.608,2021_yk_008,Yukon,2021
347,181.828,7.2002682417121544e-001,0.6167729671760894,363.656,2021_yk_008,Yukon,2021
348,182.352,7.1731692168080907e-001,0.6236031733136472,364.704,2021_yk_008,Yukon,2021
349,182.876,7.1925146186972178e-001,0.629383735528492,365.752,2021_yk_008,Yukon,2021
350,183.4,7.1851445512388112e-001,0.6350510237655788,366.8,2021_yk_008,Yukon,2021
351,183.924,7.1875681179569051e-001,0.6382778655235274,367.848,2021_yk_008,Yukon,2021
352,184.448,7.1671958090034871e-001,0.6242724044173694,368.896,2021_yk_008,Yukon,2021
353,184.972,7.1747244331008952e-001,0.616709042054591,369.944,2021_yk_008,Yukon,2021
354,185.496,7.1803861022911331e-001,0.6192461098547843,370.992,2021_yk_008,Yukon,2021
355,186.02,7.2082991312482214e-001,0.6214682884560656,372.04,2021_yk_008,Yukon,2021
356,186.544,7.1832700489228285e-001,0.6363925967096424,373.088,2021_yk_008,Yukon,2021
357,187.068,7.1864592975849195e-001,0.6321461523029831,374.136,2021_yk_008,Yukon,2021
358,187.592,7.1886125111527843e-001,0.626365690490493,375.184,2021_yk_008,Yukon,2021
359,188.116,7.1751568146752032e-001,0.6127127281552391,376.232,2021_yk_008,Yukon,2021
360,188.64000000000001,7.1693486698289921e-001,0.6174449913390672,377.28000000000003,2021_yk_008,Yukon,2021
361,189.16400000000002,7.1855992648334976e-001,0.6210062394568052,378.32800000000003,2021_yk_008,Yukon,2021
362,189.68800000000002,7.1972529511990146e-001,0.6307037235493868,379.37600000000003,2021_yk_008,Yukon,2021
363,190.21200000000002,7.1733442568490624e-001,0.6136818618100665,380.42400000000004,2021_yk_008,Yukon,2021
364,190.73600000000002,7.1773610189382431e-001,0.6115484327716414,381.47200000000004,2021_yk_008,Yukon,2021
365,191.26000000000002,7.2016131225454283e-001,0.6224090604433142,382.52000000000004,2021_yk_008,Yukon,2021
366,191.78400000000002,7.1904385791967762e-001,0.6060814028521915,383.56800000000004,2021_yk_008,Yukon,2021
367,192.30800000000002,7.1772640013744626e-001,0.6097901514406249,384.61600000000004,2021_yk_008,Yukon,2021
368,192.83200000000002,7.1778569144401905e-001,0.6308815136094335,385.66400000000004,2021_yk_008,Yukon,2021
369,193.356,7.1951724332305578e-001,0.6171137472010544,386.712,2021_yk_008,Yukon,2021
370,193.88,7.1805231392140134e-001,0.5993257752864246,387.76,2021_yk_008,Yukon,2021
371,194.404,7.1836945593889079e-001,0.6065167369259707,388.808,2021_yk_008,Yukon,2021
372,194.928,7.1757811092373425e-001,0.6141398712792554,389.856,2021_yk_008,Yukon,2021
373,195.452,7.1847570689125662e-001,0.6170740159781353,390.904,2021_yk_008,Yukon,2021
374,195.976,7.1591670380123995e-001,0.6236666282171398,391.952,2021_yk_008,Yukon,2021
375,196.5,7.1919792800320170e-001,0.637432852788285,393,2021_yk_008,Yukon,2021
376,197.024,7.1931908700975733e-001,0.625577316984541,394.048,2021_yk_008,Yukon,2021
377,197.548,7.1768362603968916e-001,0.6200695843446082,395.096,2021_yk_008,Yukon,2021
378,198.072,7.1669350450758840e-001,0.63080385908855785,396.144,2021_yk_008,Yukon,2021
379,198.596,7.1806166249314152e-001,0.6456809837196581,397.192,2021_yk_008,Yukon,2021
380,199.12,7.1905555097777818e-001,0.6307449195736055,398.24,2021_yk_008,Yukon,2021
381,199.644,7.1999279184372422e-001,0.6310153147275469,399.288,2021_yk_008,Yukon,2021
382,200.168,7.1971518847277927e-001,0.6332635940730842,400.336,2021_yk_008,Yukon,2021
383,200.692,7.1837010374703369e-001,0.6336832710952135,401.384,2021_yk_008,Yukon,2021
384,201.216,7.1958190013026380e-001,0.6374325398053852,402.432,2021_yk_008,Yukon,2021
385,201.74,7.1887711473302440e-001,0.634239401592591,403.48,2021_yk_008,Yukon,2021
386,202.264,7.1891795836059491e-001,0.6272257443649712,404.528,2021_yk_008,Yukon,2021
387,202.788,7.1916978846805613e-001,0.6424305720650446,405.576,2021_yk_008,Yukon,2021
388,203.312,7.1639953361068343e-001,0.6272540872033715,406.624,2021_yk_008,Yukon,2021
389,203.836,7.1991246015218657e-001,0.6343647901707912,407.672,2021_yk_008,Yukon,2021
390,204.36,7.1921433273597579e-001,0.649351615823329,408.72,2021_yk_008,Yukon,2021
391,204.88400000000001,7.1818270494649061e-001,0.6272628082002759,409.76800000000003,2021_yk_008,Yukon,2021
392,205.40800000000002,7.2029935135343670e-001,0.6276649716018129,410.81600000000003,2021_yk_008,Yukon,2021
393,205.93200000000002,7.1913486903598611e-001,0.6269205527108602,411.86400000000003,2021_yk_008,Yukon,2021
394,206.45600000000002,7.1839473385796360e-001,0.6152658888628633,412.91200000000003,2021_yk_008,Yukon,2021
395,206.98000000000002,7.2001016641358673e-001,0.6236218362005849,413.96000000000004,2021_yk_008,Yukon,2021
396,207.50400000000002,7.1601338986272456e-001,0.615790232351524,415.00800000000004,2021_yk_008,Yukon,2021
397,208.02800000000002,7.1737993729875005e-001,0.6221685142075148,416.05600000000004,2021_yk_008,Yukon,2021
398,208.55200000000002,7.1871717349344733e-001,0.6140490007952312,417.10400000000004,2021_yk_008,Yukon,2021
399,209.07600000000002,7.1814738808270340e-001,0.6410600583882905,418.15200000000004,2021_yk_008,Yukon,2021
400,209.60000000000002,7.1719530097112993e-001,0.639690298021054,419.20000000000005,2021_yk_008,Yukon,2021
401,210.12400000000002,7.1925108419130845e-001,0.622423998799147,420.24800000000005,2021_yk_008,Yukon,2021
402,210.648,7.1795352097262433e-001,0.6161475046912634,421.296,2021_yk_008,Yukon,2021
403,211.172,7.1968335584516718e-001,0.6010718643658478,422.344,2021_yk_008,Yukon,2021
404,211.696,7.1978767418441714e-001,0.6091940654807014,423.392,2021_yk_008,Yukon,2021
405,212.22,7.1744688365055198e-001,0.6008772827352531,424.44,2021_yk_008,Yukon,2021
406,212.744,7.1998807010087007e-001,0.5933768816332432,425.488,2021_yk_008,Yukon,2021
407,213.268,7.1774319505749462e-001,0.5925426636187497,426.536,2021_yk_008,Yukon,2021
408,213.792,7.1699425269434003e-001,0.6022736140944427,427.584,2021_yk_008,Yukon,2021
409,214.316,7.1829119787978513e-001,0.6215650098579684,428.632,2021_yk_008,Yukon,2021
410,214.84,7.2004827214999745e-001,0.6289875930389836,429.68,2021_yk_008,Yukon,2021
411,215.364,7.1919937911646370e-001,0.6108725327023489,430.728,2021_yk_008,Yukon,2021
412,215.888,7.1799164480601907e-001,0.6060662553612572,431.776,2021_yk_008,Yukon,2021
413,216.412,7.1654196204029796e-001,0.5815267296626159,432.824,2021_yk_008,Yukon,2021
414,216.936,7.1879079464011109e-001,0.5810916298094487,433.872,2021_yk_008,Yukon,2021
415,217.46,7.1920782917071735e-001,0.5707839934862425,434.92,2021_yk_008,Yukon,2021
416,217.984,7.1939980166630868e-001,0.5631886595996314,435.968,2021_yk_008,Yukon,2021
417,218.508,7.2016087267956219e-001,0.5611672109638706,437.016,2021_yk_008,Yukon,2021
418,219.032,7.1910917698921473e-001,0.5570478982691109,438.064,2021_yk_008,Yukon,2021
419,219.556,7.1893611454810591e-001,0.5414484775199195,439.112,2021_yk_008,Yukon,2021
420,220.08,7.1983579135706688e-001,0.5457300664686707,440.16,2021_yk_008,Yukon,2021
421,220.604,7.1827456822057512e-001,0.5370277214160598,441.208,2021_yk_008,Yukon,2021
422,221.12800000000001,7.1868935231075837e-001,0.5301868446424007,442.25600000000003,2021_yk_008,Yukon,2021
423,221.65200000000002,7.1928531567384468e-001,0.5344875699600523,443.30400000000003,2021_yk_008,Yukon,2021
424,222.17600000000002,7.1972749329918673e-001,0.5244981636661668,444.35200000000003,2021_yk_008,Yukon,2021
425,222.70000000000002,7.1987456711416153e-001,0.5176766117114171,445.40000000000003,2021_yk_008,Yukon,2021
426,223.22400000000002,7.1751545166449937e-001,0.5139767543392024,446.44800000000004,2021_yk_008,Yukon,2021
427,223.74800000000002,7.1986398426238751e-001,0.5159908273322734,447.49600000000004,2021_yk_008,Yukon,2021
428,224.27200000000002,7.1815148299000453e-001,0.5331676890408734,448.54400000000004,2021_yk_008,Yukon,2021
429,224.79600000000002,7.1881872585021711e-001,0.5233238966550889,449.59200000000004,2021_yk_008,Yukon,2021
430,225.32000000000002,7.1846067398699898e-001,0.5433667272751987,450.64000000000004,2021_yk_008,Yukon,2021
431,225.84400000000002,7.2114025846043917e-001,0.5454450130806024,451.68800000000005,2021_yk_008,Yukon,2021
432,226.36800000000002,7.1803202700431645e-001,0.5483581229165091,452.73600000000005,2021_yk_008,Yukon,2021
433,226.892,7.2022519962282594e-001,0.5644881631131369,453.784,2021_yk_008,Yukon,2021
434,227.416,7.2027116836545702e-001,0.5468340452239953,454.832,2021_yk_008,Yukon,2021
435,227.94,7.1942478710034741e-001,0.567731430757128,455.88,2021_yk_008,Yukon,2021
436,228.464,7.1665189210964586e-001,0.5662273611042056,456.928,2021_yk_008,Yukon,2021
437,228.988,7.1925317019809631e-001,0.5695537791344318,457.976,2021_yk_008,Yukon,2021
438,229.512,7.1707685995653370e-001,0.5652507244199823,459.024,2021_yk_008,Yukon,2021
439,230.036,7.2043416179638586e-001,0.5651168020019562,460.072,2021_yk_008,Yukon,2021
440,230.56,7.1857239010249629e-001,0.5730143146524993,461.12,2021_yk_008,Yukon,2021
441,231.084,7.1908381255047416e-001,0.572719400242373,462.168,2021_yk_008,Yukon,2021
442,231.608,7.1808219083667835e-001,0.5688312333922669,463.216,2021_yk_008,Yukon,2021
443,232.132,7.2085027551680891e-001,0.5691641024966645,464.264,2021_yk_008,Yukon,2021
444,232.656,7.1723421692766176e-001,0.5755708999310595,465.312,2021_yk_008,Yukon,2021
445,233.18,7.2010524667042042e-001,0.6032608389916742,466.36,2021_yk_008,Yukon,2021
446,233.704,7.1859846900467539e-001,0.5994574815951792,467.408,2021_yk_008,Yukon,2021
447,234.228,7.1760408094287564e-001,0.603805261408463,468.456,2021_yk_008,Yukon,2021
448,234.752,7.1888457669930628e-001,0.5832151214329105,469.504,2021_yk_008,Yukon,2021
449,235.276,7.1964708252066756e-001,0.599103724742875,470.552,2021_yk_008,Yukon,2021
450,235.8,7.1908512577025396e-001,0.5539580640261315,471.6,2021_yk_008,Yukon,2021
451,236.324,7.1804943507890640e-001,0.5662732908873404,472.648,2021_yk_008,Yukon,2021
452,236.848,7.1789737217102789e-001,0.5574422960844394,473.696,2021_yk_008,Yukon,2021
453,237.372,7.1915113261270025e-001,0.5334996328974043,474.744,2021_yk_008,Yukon,2021
454,237.89600000000002,7.1988209937236147e-001,0.5286299647224878,475.79200000000003,2021_yk_008,Yukon,2021
455,238.42000000000002,7.2045276164138528e-001,0.5218323997926544,476.84000000000003,2021_yk_008,Yukon,2021
456,238.94400000000002,7.1758625950928012e-001,0.5062852498500044,477.88800000000003,2021_yk_008,Yukon,2021
457,239.46800000000002,7.1843581420398084e-001,0.5299926919655102,478.93600000000004,2021_yk_008,Yukon,2021
458,239.99200000000002,7.1902067473689291e-001,0.5006831007534795,479.98400000000004,2021_yk_008,Yukon,2021
459,240.51600000000002,7.1875109704360440e-001,0.4894503456054231,481.03200000000004,2021_yk_008,Yukon,2021
460,241.04000000000002,7.2019522080963461e-001,0.49283096670211063,482.08000000000004,2021_yk_008,Yukon,2021
461,241.56400000000002,7.1713234588555130e-001,0.511074494019381,483.12800000000004,2021_yk_008,Yukon,2021
462,242.08800000000002,7.1816978350900040e-001,0.4941546625683408,484.17600000000004,2021_yk_008,Yukon,2021
463,242.61200000000002,7.1767773456340300e-001,0.5050187470880976,485.22400000000005,2021_yk_008,Yukon,2021
464,243.13600000000002,7.1861313713775077e-001,0.5057573692091814,486.27200000000005,2021_yk_008,Yukon,2021
465,243.66000000000003,7.1891911916768236e-001,0.5010973575494357,487.32000000000005,2021_yk_008,Yukon,2021
466,244.184,7.1755633802612073e-001,0.4954577309458329,488.368,2021_yk_008,Yukon,2021
467,244.708,7.1899576856578762e-001,0.48693775327909106,489.416,2021_yk_008,Yukon,2021
468,245.232,7.1994683822235117e-001,0.47814753426643575,490.464,2021_yk_008,Yukon,2021
469,245.756,7.1843120540392746e-001,0.4790438895435706,491.512,2021_yk_008,Yukon,2021
470,246.28,7.1854004190812149e-001,0.4785536741717481,492.56,2021_yk_008,Yukon,2021
471,246.804,7.1763399665748528e-001,0.45616726168617694,493.608,2021_yk_008,Yukon,2021
472,247.328,7.2185416203114294e-001,0.45310889275222255,494.656,2021_yk_008,Yukon,2021
473,247.852,7.1739977613610606e-001,0.45370458192917584,495.704,2021_yk_008,Yukon,2021
474,248.376,7.1998960078669227e-001,0.4381163871079666,496.752,2021_yk_008,Yukon,2021
475,248.9,7.1756744030760622e-001,0.4450061674912076,497.8,2021_yk_008,Yukon,2021
476,249.424,7.1908177043520738e-001,0.4504249499800008,498.848,2021_yk_008,Yukon,2021
477,249.948,7.1814752789453673e-001,0.44428112163600175,499.896,2021_yk_008,Yukon,2021
478,250.472,7.1872428771673746e-001,0.43786900147206126,500.944,2021_yk_008,Yukon,2021
479,250.996,7.1769001516073516e-001,0.4346440170673565,501.992,2021_yk_008,Yukon,2021
480,251.52,7.1835616472680386e-001,0.43618237832482104,503.04,2021_yk_008,Yukon,2021
481,252.044,7.2043232033562765e-001,0.42522462773777486,504.088,2021_yk_008,Yukon,2021
482,252.568,7.1926995127275406e-001,0.43382133626043007,505.136,2021_yk_008,Yukon,2021
483,253.092,7.1748212403607758e-001,0.42721144941907846,506.184,2021_yk_008,Yukon,2021
484,253.616,7.1920502956264565e-001,0.42712943174912865,507.232,2021_yk_008,Yukon,2021
485,254.14000000000001,7.1853339311956232e-001,0.4200714274280329,508.28000000000003,2021_yk_008,Yukon,2021
486,254.66400000000002,7.2020078538523014e-001,0.41394283337584326,509.32800000000003,2021_yk_008,Yukon,2021
487,255.18800000000002,7.1721613041310051e-001,0.4235799898327474,510.37600000000003,2021_yk_008,Yukon,2021
488,255.71200000000002,7.1845694095474000e-001,0.42911034712854706,511.42400000000004,2021_yk_008,Yukon,2021
489,256.236,7.1755276202769447e-001,0.41478805458487006,512.472,2021_yk_008,Yukon,2021
490,256.76,7.1903108610530342e-001,0.4009475923341469,513.52,2021_yk_008,Yukon,2021
491,257.284,7.2199701717895437e-001,0.4023035425161928,514.568,2021_yk_008,Yukon,2021
492,257.808,7.1736384064047376e-001,0.3951401279882436,515.616,2021_yk_008,Yukon,2021
493,258.332,7.1692129621273737e-001,0.39053238098614623,516.664,2021_yk_008,Yukon,2021
494,258.856,7.1848356020578519e-001,0.39609312844385,517.712,2021_yk_008,Yukon,2021
495,259.38,7.2133114298950518e-001,0.40024316269553534,518.76,2021_yk_008,Yukon,2021
496,259.904,7.1672063208639714e-001,0.3999487061517716,519.808,2021_yk_008,Yukon,2021
497,260.428,7.1835104110495851e-001,0.397619458053228,520.856,2021_yk_008,Yukon,2021
498,260.952,7.1893634507698601e-001,0.40377483790741425,521.904,2021_yk_008,Yukon,2021
499,261.476,7.2033624353578274e-001,0.39702472173662096,522.952,2021_yk_008,Yukon,2021
500,262,7.1592314227443576e-001,0.3902085785174438,524,2021_yk_008,Yukon,2021
501,262.524,7.1759456092929408e-001,0.3919488529673644,525.048,2021_yk_008,Yukon,2021
502,263.048,7.1879384257078460e-001,0.3979035691555931,526.096,2021_yk_008,Yukon,2021
503,263.572,7.1812413169178990e-001,0.38644792268467626,527.144,2021_yk_008,Yukon,2021
504,264.096,7.1724156939427275e-001,0.383650081359482,528.192,2021_yk_008,Yukon,2021
505,264.62,7.2046134529152517e-001,0.3860367108057188,529.24,2021_yk_008,Yukon,2021
506,265.144,7.1763719556124728e-001,0.38349852149741936,530.288,2021_yk_008,Yukon,2021
507,265.668,7.1940277521677243e-001,0.38995118724928807,531.336,2021_yk_008,Yukon,2021
508,266.192,7.2313837909826018e-001,0.38113801265162384,532.384,2021_yk_008,Yukon,2021
509,266.716,7.1960021677074737e-001,0.3806097670481492,533.432,2021_yk_008,Yukon,2021
510,267.24,7.1871984611019679e-001,0.3789485236114271,534.48,2021_yk_008,Yukon,2021
511,267.764,7.1617387909108021e-001,0.3759927521997029,535.528,2021_yk_008,Yukon,2021
512,268.288,7.1700710347548902e-001,0.3798449056937227,536.576,2021_yk_008,Yukon,2021
513,268.812,7.1961113036466429e-001,0.3731882785889212,537.624,2021_yk_008,Yukon,2021
514,269.336,7.1854099554484219e-001,0.3716797261615762,538.672,2021_yk_008,Yukon,2021
515,269.86,7.1689376193956900e-001,0.36629183688465655,539.72,2021_yk_008,Yukon,2021
516,270.384,7.1856198506297575e-001,0.36546179417523456,540.768,2021_yk_008,Yukon,2021
517,270.908,7.1881139577391029e-001,0.3619907347679297,541.816,2021_yk_008,Yukon,2021
518,271.432,7.1701994088776000e-001,0.3579418165989302,542.864,2021_yk_008,Yukon,2021
519,271.956,7.2169360133639648e-001,0.36436876461605233,543.912,2021_yk_008,Yukon,2021
520,272.48,7.1863587895819525e-001,0.3744340582822261,544.96,2021_yk_008,Yukon,2021
521,273.004,7.1701754454857092e-001,0.3705267553294945,546.008,2021_yk_008,Yukon,2021
522,273.528,7.1706828605106110e-001,0.3566007656625652,547.056,2021_yk_008,Yukon,2021
523,274.052,7.1974303508873183e-001,0.36693945205917655,548.104,2021_yk_008,Yukon,2021
524,274.576,7.1761673183020080e-001,0.355149310209182,549.152,2021_yk_008,Yukon,2021
525,275.1,7.2157508526311498e-001,0.3617693178632498,550.2,2021_yk_008,Yukon,2021
526,275.624,7.1980158247165049e-001,0.3517081227622959,551.248,2021_yk_008,Yukon,2021
527,276.148,7.1710332810725419e-001,0.34917661129117494,552.296,2021_yk_008,Yukon,2021
528,276.672,7.1820771503282188e-001,0.35148561798501965,553.344,2021_yk_008,Yukon,2021
529,277.196,7.2018801077931838e-001,0.3422852862895443,554.392,2021_yk_008,Yukon,2021
530,277.72,7.1834529116054846e-001,0.34785908358499157,555.44,2021_yk_008,Yukon,2021
531,278.244,7.1659358220922942e-001,0.3551995712116106,556.488,2021_yk_008,Yukon,2021
532,278.76800000000003,7.2212021713697350e-001,0.35532048567425645,557.5360000000001,2021_yk_008,Yukon,2021
533,279.29200000000003,7.1927859545856376e-001,0.3491253308554223,558.5840000000001,2021_yk_008,Yukon,2021
534,279.81600000000003,7.1785830970921038e-001,0.3437806626601996,559.6320000000001,2021_yk_008,Yukon,2021
535,280.34000000000003,7.1793923727202713e-001,0.33989959808989584,560.6800000000001,2021_yk_008,Yukon,2021
536,280.86400000000003,7.2013405621847648e-001,0.34157212732969516,561.7280000000001,2021_yk_008,Yukon,2021
537,281.38800000000003,7.2088289743362455e-001,0.3464148535948592,562.7760000000001,2021_yk_008,Yukon,2021
538,281.91200000000003,7.2253370631155944e-001,0.34740817860820417,563.8240000000001,2021_yk_008,Yukon,2021
539,282.43600000000004,7.1783519890675396e-001,0.3446482207273395,564.8720000000001,2021_yk_008,Yukon,2021
540,282.96000000000004,7.1628828532231936e-001,0.34363201112368913,565.9200000000001,2021_yk_008,Yukon,2021
541,283.48400000000004,7.1811987859563409e-001,0.34680863328582395,566.9680000000001,2021_yk_008,Yukon,2021
542,284.00800000000004,7.1497171375970892e-001,0.3415171247071159,568.0160000000001,2021_yk_008,Yukon,2021
543,284.53200000000004,7.1903470497034216e-001,0.3434647660647517,569.0640000000001,2021_yk_008,Yukon,2021
544,285.05600000000004,7.1839683282778477e-001,0.33910290342783117,570.1120000000001,2021_yk_008,Yukon,2021
545,285.58000000000004,7.1972519587886674e-001,0.3477382685181895,571.1600000000001,2021_yk_008,Yukon,2021
546,286.104,7.1795136848286090e-001,0.33741785206714525,572.208,2021_yk_008,Yukon,2021
547,286.628,7.1960132137300048e-001,0.34100944532092947,573.256,2021_yk_008,Yukon,2021
548,287.152,7.2058123315623013e-001,0.3400807537221269,574.304,2021_yk_008,Yukon,2021
549,287.676,7.2049472928957248e-001,0.34432096909132376,575.352,2021_yk_008,Yukon,2021
550,288.2,7.1646549866224529e-001,0.34111857216856734,576.4,2021_yk_008,Yukon,2021
551,288.724,7.1846848659692686e-001,0.34539621152718386,577.448,2021_yk_008,Yukon,2021
552,289.248,7.1773702866586297e-001,0.33324684830619555,578.496,2021_yk_008,Yukon,2021
553,289.772,7.1872369421107840e-001,0.3346670811244498,579.544,2021_yk_008,Yukon,2021
554,290.296,7.1784347121323167e-001,0.3343418390723753,580.592,2021_yk_008,Yukon,2021
555,290.82,7.1819757161705566e-001,0.3298966070320791,581.64,2021_yk_008,Yukon,2021
556,291.344,7.1898079122122871e-001,0.34031466094378743,582.688,2021_yk_008,Yukon,2021
557,291.868,7.2090830127858674e-001,0.33113242674345233,583.736,2021_yk_008,Yukon,2021
558,292.392,7.1846822044003988e-001,0.3344236941433234,584.784,2021_yk_008,Yukon,2021
559,292.916,7.1872387353064460e-001,0.33606200767663424,585.832,2021_yk_008,Yukon,2021
560,293.44,7.1961674738056636e-001,0.3334297741158587,586.88,2021_yk_008,Yukon,2021
561,293.964,7.1990142916103428e-001,0.32351163261859056,587.928,2021_yk_008,Yukon,2021
562,294.488,7.1717722354494862e-001,0.33078555191510284,588.976,2021_yk_008,Yukon,2021
563,295.012,7.1900201916708839e-001,0.32868699803511636,590.024,2021_yk_008,Yukon,2021
564,295.536,7.1947851505802118e-001,0.32237070258406075,591.072,2021_yk_008,Yukon,2021
565,296.06,7.1637713466065756e-001,0.3292069835010674,592.12,2021_yk_008,Yukon,2021
566,296.584,7.1671255341618934e-001,0.33510890344400684,593.168,2021_yk_008,Yukon,2021
567,297.108,7.1989894988531311e-001,0.32585988946314187,594.216,2021_yk_008,Yukon,2021
568,297.632,7.1943877686850766e-001,0.3316239182563243,595.264,2021_yk_008,Yukon,2021
569,298.156,7.1858724972385446e-001,0.3223340635467973,596.312,2021_yk_008,Yukon,2021
570,298.68,7.1909894451410217e-001,0.3287077046258989,597.36,2021_yk_008,Yukon,2021
571,299.204,7.1756945994437227e-001,0.3326752871206793,598.408,2021_yk_008,Yukon,2021
572,299.728,7.2025170173635811e-001,0.3274725828180968,599.456,2021_yk_008,Yukon,2021
573,300.252,7.1897796031113037e-001,0.3261275089703472,600.504,2021_yk_008,Yukon,2021
574,300.776,7.2103849090131888e-001,0.3336946663380961,601.552,2021_yk_008,Yukon,2021
575,301.3,7.1911944812045314e-001,0.3253593036619607,602.6,2021_yk_008,Yukon,2021
576,301.824,7.1879090897290965e-001,0.329242338831925,603.648,2021_yk_008,Yukon,2021
577,302.348,7.2132776919347930e-001,0.3211647041544071,604.696,2021_yk_008,Yukon,2021
578,302.872,7.1817181383475570e-001,0.3240934986428183,605.744,2021_yk_008,Yukon,2021
579,303.396,7.1754734444169799e-001,0.3256403221451288,606.792,2021_yk_008,Yukon,2021
580,303.92,7.1664963129729398e-001,0.3263954663569423,607.84,2021_yk_008,Yukon,2021
581,304.444,7.1856372773927302e-001,0.3184281117771854,608.888,2021_yk_008,Yukon,2021
582,304.968,7.1665104497178966e-001,0.32412186968686585,609.936,2021_yk_008,Yukon,2021
583,305.492,7.2121534990733260e-001,0.3207362996458003,610.984,2021_yk_008,Yukon,2021
584,306.016,7.1739235649727662e-001,0.3273231109479362,612.032,2021_yk_008,Yukon,2021
585,306.54,7.1648521317540081e-001,0.32829695500298445,613.08,2021_yk_008,Yukon,2021
586,307.064,7.2056518368606592e-001,0.3221734715470307,614.128,2021_yk_008,Yukon,2021
587,307.588,7.2350743882238355e-001,0.31436055766495297,615.176,2021_yk_008,Yukon,2021
588,308.112,7.1986240832127768e-001,0.3112710488091357,616.224,2021_yk_008,Yukon,2021
589,308.636,7.1668838007071367e-001,0.31579552729174853,617.272,2021_yk_008,Yukon,2021
590,309.16,7.1901816339683877e-001,0.32172349211751367,618.32,2021_yk_008,Yukon,2021
591,309.684,7.1820473834343179e-001,0.3126882522819929,619.368,2021_yk_008,Yukon,2021
592,310.208,7.1736854524250382e-001,0.3088617186953838,620.416,2021_yk_008,Yukon,2021
593,310.732,7.1944274762940630e-001,0.3088162978244677,621.464,2021_yk_008,Yukon,2021
594,311.25600000000003,7.1832967553647109e-001,0.3007320705228905,622.5120000000001,2021_yk_008,Yukon,2021
595,311.78000000000003,7.2174234442205187e-001,0.30550002951543814,623.5600000000001,2021_yk_008,Yukon,2021
596,312.30400000000003,7.1796716838363372e-001,0.30224787543374704,624.6080000000001,2021_yk_008,Yukon,2021
597,312.82800000000003,7.1770245873583660e-001,0.30391939321875777,625.6560000000001,2021_yk_008,Yukon,2021
598,313.35200000000003,7.1751302104894887e-001,0.30170100508846287,626.7040000000001,2021_yk_008,Yukon,2021
599,313.87600000000003,7.2319203384631181e-001,0.2986695103030717,627.7520000000001,2021_yk_008,Yukon,2021
600,314.40000000000003,7.1953985539670007e-001,0.2994421909695336,628.8000000000001,2021_yk_008,Yukon,2021
601,314.92400000000004,7.1630489600992131e-001,0.2945378406364124,629.8480000000001,2021_yk_008,Yukon,2021
602,315.44800000000004,7.2005599758718353e-001,0.30090327204165496,630.8960000000001,2021_yk_008,Yukon,2021
603,315.97200000000004,7.1878545746261391e-001,0.2964174303934778,631.9440000000001,2021_yk_008,Yukon,2021
604,316.49600000000004,7.1907643699200119e-001,0.3019173751623227,632.9920000000001,2021_yk_008,Yukon,2021
605,317.02000000000004,7.2166603531258677e-001,0.29186811538499235,634.0400000000001,2021_yk_008,Yukon,2021
606,317.54400000000004,7.1714353884673443e-001,0.30557490979398255,635.0880000000001,2021_yk_008,Yukon,2021
607,318.06800000000004,7.1810882576634338e-001,0.28846929579613595,636.1360000000001,2021_yk_008,Yukon,2021
608,318.59200000000004,7.1906386077317963e-001,0.2951802672536699,637.1840000000001,2021_yk_008,Yukon,2021
609,319.116,7.2134599254878995e-001,0.2964759158104623,638.232,2021_yk_008,Yukon,2021
610,319.64,7.1838945152945655e-001,0.28371256143675283,639.28,2021_yk_008,Yukon,2021
611,320.164,7.1854521498960122e-001,0.2878236223863205,640.328,2021_yk_008,Yukon,2021
612,320.688,7.1962929973583334e-001,0.28732991171208316,641.376,2021_yk_008,Yukon,2021
613,321.212,7.1867974712285942e-001,0.2849741745022321,642.424,2021_yk_008,Yukon,2021
614,321.736,7.1978080701614744e-001,0.2760250636278457,643.472,2021_yk_008,Yukon,2021
615,322.26,7.1856962801045221e-001,0.28358095949926804,644.52,2021_yk_008,Yukon,2021
616,322.784,7.1980143507144878e-001,0.28428328361218,645.568,2021_yk_008,Yukon,2021
617,323.308,7.1843724140181220e-001,0.2811536631092103,646.616,2021_yk_008,Yukon,2021
618,323.832,7.1929333325701983e-001,0.2734089497627968,647.664,2021_yk_008,Yukon,2021
619,324.356,7.1666487833037229e-001,0.27643777803574393,648.712,2021_yk_008,Yukon,2021
620,324.88,7.1463406029598353e-001,0.27190178538088355,649.76,2021_yk_008,Yukon,2021
621,325.404,7.1836692653648893e-001,0.26775038436479265,650.808,2021_yk_008,Yukon,2021
622,325.928,7.1896063358586504e-001,0.26640418607305394,651.856,2021_yk_008,Yukon,2021
623,326.452,7.1605597966377499e-001,0.2682281590619937,652.904,2021_yk_008,Yukon,2021
624,326.976,7.2235405422003018e-001,0.2724381794016493,653.952,2021_yk_008,Yukon,2021
625,327.5,7.1824364127333473e-001,0.26999508226231356,655,2021_yk_008,Yukon,2021
626,328.024,7.2118390294511359e-001,0.2654461639535937,656.048,2021_yk_008,Yukon,2021
627,328.548,7.1504577315706430e-001,0.2675439579482034,657.096,2021_yk_008,Yukon,2021
628,329.072,7.2014540079731792e-001,0.26903763801885844,658.144,2021_yk_008,Yukon,2021
629,329.596,7.2226403623677271e-001,0.2721304827990419,659.192,2021_yk_008,Yukon,2021
630,330.12,7.2267556637412844e-001,0.25972646150226547,660.24,2021_yk_008,Yukon,2021
631,330.644,7.1951558365271162e-001,0.26012234330715733,661.288,2021_yk_008,Yukon,2021
632,331.168,7.1905394282429680e-001,0.26483205404478144,662.336,2021_yk_008,Yukon,2021
633,331.692,7.1827529252901356e-001,0.25841419201153304,663.384,2021_yk_008,Yukon,2021
634,332.216,7.1839503555433315e-001,0.26281290301217497,664.432,2021_yk_008,Yukon,2021
635,332.74,7.1964797669421765e-001,0.2555206607039086,665.48,2021_yk_008,Yukon,2021
636,333.264,7.1792920420924156e-001,0.262938105820884,666.528,2021_yk_008,Yukon,2021
637,333.788,7.1411186224172296e-001,0.26285928272895187,667.576,2021_yk_008,Yukon,2021
638,334.312,7.1910905544780590e-001,0.2586474675408151,668.624,2021_yk_008,Yukon,2021
639,334.836,7.2446110814181175e-001,0.2654265480968757,669.672,2021_yk_008,Yukon,2021
640,335.36,7.1868377476398781e-001,0.2595497257321182,670.72,2021_yk_008,Yukon,2021
641,335.884,7.1379942574702282e-001,0.2623912837521326,671.768,2021_yk_008,Yukon,2021
642,336.408,7.1882245010777779e-001,0.2622203223416095,672.816,2021_yk_008,Yukon,2021
643,336.932,7.1718297962845012e-001,0.26491370116563867,673.864,2021_yk_008,Yukon,2021
644,337.456,7.1862877408971171e-001,0.2638175987236313,674.912,2021_yk_008,Yukon,2021
645,337.98,7.1733044569169913e-001,0.2651707670785072,675.96,2021_yk_008,Yukon,2021
646,338.504,7.1632503697477268e-001,0.27660976426533157,677.008,2021_yk_008,Yukon,2021
647,339.028,7.1617752938364454e-001,0.27108246420459897,678.056,2021_yk_008,Yukon,2021
648,339.552,7.1976879602072830e-001,0.2712940361176754,679.104,2021_yk_008,Yukon,2021
649,340.076,7.2084070568821779e-001,0.2714606836126708,680.152,2021_yk_008,Yukon,2021
650,340.6,7.1660016419793593e-001,0.27335402365660166,681.2,2021_yk_008,Yukon,2021
651,341.124,7.2085847259736435e-001,0.280066779168341,682.248,2021_yk_008,Yukon,2021
652,341.648,7.1638905212916559e-001,0.2787291596019695,683.296,2021_yk_008,Yukon,2021
653,342.172,7.2138909982673327e-001,0.2799829627373815,684.344,2021_yk_008,Yukon,2021
654,342.696,7.1659835382928416e-001,0.2884207014918676,685.392,2021_yk_008,Yukon,2021
655,343.22,7.1867231649148355e-001,0.290346829787932,686.44,2021_yk_008,Yukon,2021
656,343.744,7.1801802153550776e-001,0.283993146490819,687.488,2021_yk_008,Yukon,2021
657,344.26800000000003,7.1553048518953144e-001,0.28367248351253455,688.5360000000001,2021_yk_008,Yukon,2021
658,344.79200000000003,7.1891880770371608e-001,0.2866474788421434,689.5840000000001,2021_yk_008,Yukon,2021
659,345.31600000000003,7.1908771589901288e-001,0.2872309240832235,690.6320000000001,2021_yk_008,Yukon,2021
660,345.84000000000003,7.1834131774161847e-001,0.28117068533829515,691.6800000000001,2021_yk_008,Yukon,2021
661,346.36400000000003,7.1724502969922821e-001,0.28518827858102325,692.7280000000001,2021_yk_008,Yukon,2021
662,346.88800000000003,7.1721782349677188e-001,0.2793621028988571,693.7760000000001,2021_yk_008,Yukon,2021
663,347.41200000000003,7.1810593335861528e-001,0.28174229406438267,694.8240000000001,2021_yk_008,Yukon,2021
664,347.93600000000004,7.1756120442129867e-001,0.28139470004065564,695.8720000000001,2021_yk_008,Yukon,2021
665,348.46000000000004,7.1816467359552771e-001,0.28282305579175243,696.9200000000001,2021_yk_008,Yukon,2021
666,348.98400000000004,7.2139764989875477e-001,0.2780649896789708,697.9680000000001,2021_yk_008,Yukon,2021
667,349.50800000000004,7.1932560398932210e-001,0.2856434174964892,699.0160000000001,2021_yk_008,Yukon,2021
668,350.03200000000004,7.1775830484266523e-001,0.27398017777927075,700.0640000000001,2021_yk_008,Yukon,2021
669,350.55600000000004,7.1556177044164582e-001,0.27843347493643694,701.1120000000001,2021_yk_008,Yukon,2021
670,351.08000000000004,7.1789569510427820e-001,0.274032440285632,702.1600000000001,2021_yk_008,Yukon,2021
671,351.60400000000004,7.1326862229522836e-001,0.2741679568943884,703.2080000000001,2021_yk_008,Yukon,2021
672,352.12800000000004,7.1799648207399813e-001,0.2711171851222601,704.2560000000001,2021_yk_008,Yukon,2021
673,352.65200000000004,7.2108089417387355e-001,0.2748789440512177,705.3040000000001,2021_yk_008,Yukon,2021
674,353.176,7.1841409935106382e-001,0.27285243569132667,706.352,2021_yk_008,Yukon,2021
675,353.7,7.2081978174050843e-001,0.2722560301434858,707.4,2021_yk_008,Yukon,2021
676,354.224,7.1900157929449249e-001,0.277404985209556,708.448,2021_yk_008,Yukon,2021
677,354.748,7.2338986094224111e-001,0.27293142304795587,709.496,2021_yk_008,Yukon,2021
678,355.272,7.1899301803491988e-001,0.2730158081278202,710.544,2021_yk_008,Yukon,2021
679,355.796,7.1761338303063049e-001,0.2692489136401841,711.592,2021_yk_008,Yukon,2021
680,356.32,7.1850495573027695e-001,0.2703409294566526,712.64,2021_yk_008,Yukon,2021
681,356.844,7.2389740050167117e-001,0.27569829188170103,713.688,2021_yk_008,Yukon,2021
682,357.368,7.2015025971958391e-001,0.2700036868177076,714.736,2021_yk_008,Yukon,2021
683,357.892,7.1879611878039695e-001,0.27315412700401775,715.784,2021_yk_008,Yukon,2021
684,358.416,7.1776601722555922e-001,0.2719338379437627,716.832,2021_yk_008,Yukon,2021
685,358.94,7.1946776451214178e-001,0.2749603668347938,717.88,2021_yk_008,Yukon,2021
686,359.464,7.1949242589256601e-001,0.27857091145878715,718.928,2021_yk_008,Yukon,2021
687,359.988,7.1688882845941726e-001,0.2774378953779526,719.976,2021_yk_008,Yukon,2021
688,360.512,7.2157722725898210e-001,0.2674009867884392,721.024,2021_yk_008,Yukon,2021
689,361.036,7.1958780560424529e-001,0.27346360927094715,722.072,2021_yk_008,Yukon,2021
690,361.56,7.1983284499683853e-001,0.27078912849304415,723.12,2021_yk_008,Yukon,2021
691,362.084,7.1522901571378894e-001,0.26932320592837805,724.168,2021_yk_008,Yukon,2021
692,362.608,7.1939825512248790e-001,0.26508560917899276,725.216,2021_yk_008,Yukon,2021
693,363.132,7.2129162917266132e-001,0.26776382489410794,726.264,2021_yk_008,Yukon,2021
694,363.656,7.1606204516626348e-001,0.2701424443246947,727.312,2021_yk_008,Yukon,2021
695,364.18,7.1702788712689858e-001,0.2754886787368724,728.36,2021_yk_008,Yukon,2021
696,364.704,7.1986082844176968e-001,0.26631881000244856,729.408,2021_yk_008,Yukon,2021
697,365.228,7.1920335171409155e-001,0.26681800256994176,730.456,2021_yk_008,Yukon,2021
698,365.752,7.2026583892601093e-001,0.2689122370496048,731.504,2021_yk_008,Yukon,2021
699,366.276,7.1879756924627414e-001,0.2671669509342279,732.552,2021_yk_008,Yukon,2021
700,366.8,7.2287721429708407e-001,0.2696466528479056,733.6,2021_yk_008,Yukon,2021
701,367.324,7.1917103854345665e-001,0.26731204207019393,734.648,2021_yk_008,Yukon,2021
702,367.848,7.1560673909427319e-001,0.2635954478555457,735.696,2021_yk_008,Yukon,2021
703,368.372,7.1994156341390758e-001,0.26706727876387976,736.744,2021_yk_008,Yukon,2021
704,368.896,7.1425902499168115e-001,0.2621402098635237,737.792,2021_yk_008,Yukon,2021
705,369.42,7.1816262520781071e-001,0.26159513225384284,738.84,2021_yk_008,Yukon,2021
706,369.944,7.1581303996601553e-001,0.2610303441673665,739.888,2021_yk_008,Yukon,2021
707,370.468,7.2474065110925412e-001,0.26257031192969993,740.936,2021_yk_008,Yukon,2021
708,370.992,7.1539669611672441e-001,0.26828920619287233,741.984,2021_yk_008,Yukon,2021
709,371.516,7.1891290414492770e-001,0.2596557638602919,743.032,2021_yk_008,Yukon,2021
710,372.04,7.1737072373270838e-001,0.2644553184738333,744.08,2021_yk_008,Yukon,2021
711,372.564,7.1979456514654550e-001,0.25837915136220735,745.128,2021_yk_008,Yukon,2021
712,373.088,7.2119507901616575e-001,0.2624523859775367,746.176,2021_yk_008,Yukon,2021
713,373.612,7.1863660149235686e-001,0.26321161647961494,747.224,2021_yk_008,Yukon,2021
714,374.136,7.2081488368062818e-001,0.2659384549394248,748.272,2021_yk_008,Yukon,2021
715,374.66,7.1655935235506618e-001,0.27181236622848015,749.32,2021_yk_008,Yukon,2021
716,375.184,7.1766798163106271e-001,0.27765804042665354,750.368,2021_yk_008,Yukon,2021
717,375.708,7.1720073144334673e-001,0.26721773070913746,751.416,2021_yk_008,Yukon,2021
718,376.232,7.1627154927511494e-001,0.2641350714711506,752.464,2021_yk_008,Yukon,2021
719,376.75600000000003,7.1225413220481215e-001,0.2723312035739308,753.5120000000001,2021_yk_008,Yukon,2021
720,377.28000000000003,7.1876463515319056e-001,0.27220834206372596,754.5600000000001,2021_yk_008,Yukon,2021
721,377.80400000000003,7.2072888140487323e-001,0.2660356117799209,755.6080000000001,2021_yk_008,Yukon,2021
722,378.32800000000003,7.2015174406632187e-001,0.2629048600343875,756.6560000000001,2021_yk_008,Yukon,2021
723,378.85200000000003,7.1890281625373187e-001,0.26294159132309547,757.7040000000001,2021_yk_008,Yukon,2021
724,379.37600000000003,7.1822427211588613e-001,0.25994393817776534,758.7520000000001,2021_yk_008,Yukon,2021
725,379.90000000000003,7.2075228377144518e-001,0.2571678807314237,759.8000000000001,2021_yk_008,Yukon,2021
726,380.42400000000004,7.1512638711563614e-001,0.25674909354697284,760.8480000000001,2021_yk_008,Yukon,2021
727,380.94800000000004,7.1919660394293250e-001,0.2586793059154917,761.8960000000001,2021_yk_008,Yukon,2021
728,381.47200000000004,7.1276925739045838e-001,0.261053938374293,762.9440000000001,2021_yk_008,Yukon,2021
729,381.99600000000004,7.2040457630251153e-001,0.26040876147869163,763.9920000000001,2021_yk_008,Yukon,2021
730,382.52000000000004,7.2060060288503036e-001,0.2746363281029032,765.0400000000001,2021_yk_008,Yukon,2021
731,383.04400000000004,7.1627352514572351e-001,0.27697029109086907,766.0880000000001,2021_yk_008,Yukon,2021
732,383.56800000000004,7.1760000860838336e-001,0.2724942312312665,767.1360000000001,2021_yk_008,Yukon,2021
733,384.09200000000004,7.2136295871915168e-001,0.271685521673985,768.1840000000001,2021_yk_008,Yukon,2021
734,384.61600000000004,7.1903382645337088e-001,0.2694540368405399,769.2320000000001,2021_yk_008,Yukon,2021
735,385.14000000000004,7.1899841936293174e-001,0.2778212883251564,770.2800000000001,2021_yk_008,Yukon,2021
736,385.66400000000004,7.1735126340183109e-001,0.27044099209470057,771.3280000000001,2021_yk_008,Yukon,2021
737,386.188,7.2064479055232922e-001,0.26777269573115853,772.376,2021_yk_008,Yukon,2021
738,386.712,7.1857779475736849e-001,0.266054131575234,773.424,2021_yk_008,Yukon,2021
739,387.236,7.1750833340208986e-001,0.2649663452091108,774.472,2021_yk_008,Yukon,2021
740,387.76,7.1530260797910128e-001,0.26690314783343744,775.52,2021_yk_008,Yukon,2021
741,388.284,7.1755570107264688e-001,0.2755903780804722,776.568,2021_yk_008,Yukon,2021
742,388.808,7.2046816156680815e-001,0.28013897441300767,777.616,2021_yk_008,Yukon,2021
743,389.332,7.1806991678868548e-001,0.2820978366018694,778.664,2021_yk_008,Yukon,2021
744,389.856,7.1837191365423547e-001,0.27340787275468725,779.712,2021_yk_008,Yukon,2021
745,390.38,7.1709855557389957e-001,0.273031984900647,780.76,2021_yk_008,Yukon,2021
746,390.904,7.1812599645482167e-001,0.27017659849578374,781.808,2021_yk_008,Yukon,2021
747,391.428,7.1763375302964028e-001,0.2653717329920454,782.856,2021_yk_008,Yukon,2021
748,391.952,7.1872288538326679e-001,0.25522511766555755,783.904,2021_yk_008,Yukon,2021
749,392.476,7.1705468369160452e-001,0.25445589509610134,784.952,2021_yk_008,Yukon,2021
750,393,7.1605149066829665e-001,0.259402199418786,786,2021_yk_008,Yukon,2021
751,393.524,7.1618999735117983e-001,0.2523620873687443,787.048,2021_yk_008,Yukon,2021
752,394.048,7.1542649586707852e-001,0.25222568260636546,788.096,2021_yk_008,Yukon,2021
753,394.572,7.1775621470340101e-001,0.2510545132161821,789.144,2021_yk_008,Yukon,2021
754,395.096,7.1930777711341687e-001,0.26088664468315154,790.192,2021_yk_008,Yukon,2021
755,395.62,7.2062004759335818e-001,0.2598477825881294,791.24,2021_yk_008,Yukon,2021
756,396.144,7.2231302038656442e-001,0.26290244707196453,792.288,2021_yk_008,Yukon,2021
757,396.668,7.2280806778063822e-001,0.2697318683219654,793.336,2021_yk_008,Yukon,2021
758,397.192,7.1487806972103651e-001,0.26556628493240964,794.384,2021_yk_008,Yukon,2021
759,397.716,7.1599314599243347e-001,0.2731401056067407,795.432,2021_yk_008,Yukon,2021
760,398.24,7.2167181157722216e-001,0.27583184945067457,796.48,2021_yk_008,Yukon,2021
761,398.764,7.1857435060277486e-001,0.28518448877781577,797.528,2021_yk_008,Yukon,2021
762,399.288,7.1833301585068898e-001,0.281593350778918,798.576,2021_yk_008,Yukon,2021
763,399.812,7.1713079322489637e-001,0.28292696695925895,799.624,2021_yk_008,Yukon,2021
764,400.336,7.1741964367362676e-001,0.28177203099854237,800.672,2021_yk_008,Yukon,2021
765,400.86,7.1678111481404116e-001,0.2850218098492444,801.72,2021_yk_008,Yukon,2021
766,401.384,7.1874644172700475e-001,0.2926730160846557,802.768,2021_yk_008,Yukon,2021
767,401.908,7.1502774881260367e-001,0.2847117166701492,803.816,2021_yk_008,Yukon,2021
768,402.432,7.1782093340227460e-001,0.2857398296031423,804.864,2021_yk_008,Yukon,2021
769,402.956,7.1517382093389514e-001,0.2838693663586606,805.912,2021_yk_008,Yukon,2021
770,403.48,7.1732353586050557e-001,0.2793880440902224,806.96,2021_yk_008,Yukon,2021
771,404.004,7.1981197542051778e-001,0.2790081730065169,808.008,2021_yk_008,Yukon,2021
772,404.528,7.1824343691681614e-001,0.2838796582846303,809.056,2021_yk_008,Yukon,2021
773,405.052,7.1586885458768557e-001,0.28717072211943084,810.104,2021_yk_008,Yukon,2021
774,405.576,7.1238391446743976e-001,0.291484070908467,811.152,2021_yk_008,Yukon,2021
775,406.1,7.1371135551333953e-001,0.2944668448820162,812.2,2021_yk_008,Yukon,2021
776,406.624,7.1838292198364273e-001,0.29151994219815414,813.248,2021_yk_008,Yukon,2021
777,407.148,7.1417021483181697e-001,0.2884380757535385,814.296,2021_yk_008,Yukon,2021
778,407.672,7.1710393162112251e-001,0.28694539979327693,815.344,2021_yk_008,Yukon,2021
779,408.196,7.1985212144834165e-001,0.2868862973516328,816.392,2021_yk_008,Yukon,2021
780,408.72,7.1150882097710366e-001,0.28842395914573776,817.44,2021_yk_008,Yukon,2021
781,409.244,7.1262570297383065e-001,0.2881367784705906,818.488,2021_yk_008,Yukon,2021
782,409.76800000000003,7.1788628528142884e-001,0.28497688100256413,819.5360000000001,2021_yk_008,Yukon,2021
783,410.29200000000003,7.1678679210255780e-001,0.29086655514820375,820.5840000000001,2021_yk_008,Yukon,2021
784,410.81600000000003,7.1593039373650580e-001,0.28988948291626976,821.6320000000001,2021_yk_008,Yukon,2021
785,411.34000000000003,7.1535218921570154e-001,0.28317704216664613,822.6800000000001,2021_yk_008,Yukon,2021
786,411.86400000000003,7.1840887755485272e-001,0.2865016642640914,823.7280000000001,2021_yk_008,Yukon,2021
787,412.38800000000003,7.1457341113351336e-001,0.2867016897700353,824.7760000000001,2021_yk_008,Yukon,2021
788,412.91200000000003,7.1650099776344278e-001,0.29068405404324654,825.8240000000001,2021_yk_008,Yukon,2021
789,413.43600000000004,7.1794008654231456e-001,0.29842505494203286,826.8720000000001,2021_yk_008,Yukon,2021
790,413.96000000000004,7.1247394479743797e-001,0.2965909912067457,827.9200000000001,2021_yk_008,Yukon,2021
791,414.48400000000004,7.1822309490842973e-001,0.30098261136222626,828.9680000000001,2021_yk_008,Yukon,2021
792,415.00800000000004,7.1803164732557612e-001,0.30166062780978053,830.0160000000001,2021_yk_008,Yukon,2021
793,415.53200000000004,7.2072574644673504e-001,0.2972454817971046,831.0640000000001,2021_yk_008,Yukon,2021
794,416.05600000000004,7.1622170544367714e-001,0.2961060404638749,832.1120000000001,2021_yk_008,Yukon,2021
795,416.58000000000004,7.1660276094579090e-001,0.2937079286561035,833.1600000000001,2021_yk_008,Yukon,2021
796,417.10400000000004,7.1646268668533897e-001,0.2950009174038357,834.2080000000001,2021_yk_008,Yukon,2021
797,417.62800000000004,7.1192044779562602e-001,0.29257307949154526,835.2560000000001,2021_yk_008,Yukon,2021
798,418.15200000000004,7.1652098982443646e-001,0.28737086527624645,836.3040000000001,2021_yk_008,Yukon,2021
799,418.67600000000004,7.1364947528423128e-001,0.29088692538774547,837.3520000000001,2021_yk_008,Yukon,2021
800,419.20000000000005,7.1269846087041266e-001,0.28785374024134097,838.4000000000001,2021_yk_008,Yukon,2021
801,419.72400000000005,7.1787795134153376e-001,0.2967185942604615,839.4480000000001,2021_yk_008,Yukon,2021
802,420.248,7.1478409936416432e-001,0.28760061225632855,840.496,2021_yk_008,Yukon,2021
803,420.772,7.1462470789377763e-001,0.28552616322445873,841.544,2021_yk_008,Yukon,2021
804,421.296,7.1407647433051080e-001,0.28934524868583644,842.592,2021_yk_008,Yukon,2021
805,421.82,7.1525949011574896e-001,0.282184373303411,843.64,2021_yk_008,Yukon,2021
806,422.344,7.1251204489316178e-001,0.2801587139875331,844.688,2021_yk_008,Yukon,2021
807,422.868,7.1651071343702288e-001,0.2889105364720143,845.736,2021_yk_008,Yukon,2021
808,423.392,7.1454523036567041e-001,0.287186721429731,846.784,2021_yk_008,Yukon,2021
809,423.916,7.1602999545740431e-001,0.2806301321493251,847.832,2021_yk_008,Yukon,2021
810,424.44,7.1026020359431152e-001,0.278306583707455,848.88,2021_yk_008,Yukon,2021
811,424.964,7.1555911391766314e-001,0.2749989233749828,849.928,2021_yk_008,Yukon,2021
812,425.488,7.1789232109173795e-001,0.2869562446112853,850.976,2021_yk_008,Yukon,2021
813,426.012,7.1682627221718243e-001,0.28731336797491147,852.024,2021_yk_008,Yukon,2021
814,426.536,7.1366018099114681e-001,0.2811071910217112,853.072,2021_yk_008,Yukon,2021
815,427.06,7.1804364648780927e-001,0.2825741406159562,854.12,2021_yk_008,Yukon,2021
816,427.584,7.1568531305042560e-001,0.290290635445075,855.168,2021_yk_008,Yukon,2021
817,428.108,7.1569306793263543e-001,0.2862564235284993,856.216,2021_yk_008,Yukon,2021
818,428.632,7.1307136068177790e-001,0.28119095022958107,857.264,2021_yk_008,Yukon,2021
819,429.156,7.1526457173978186e-001,0.2868732843823371,858.312,2021_yk_008,Yukon,2021
820,429.68,7.1632363093091778e-001,0.28161551532974105,859.36,2021_yk_008,Yukon,2021
821,430.204,7.1467377320352765e-001,0.2863060093800768,860.408,2021_yk_008,Yukon,2021
822,430.728,7.1788604722579041e-001,0.28090122541794527,861.456,2021_yk_008,Yukon,2021
823,431.252,7.1874361621614358e-001,0.28100749860212354,862.504,2021_yk_008,Yukon,2021
824,431.776,7.1818586871064327e-001,0.2838184497803746,863.552,2021_yk_008,Yukon,2021
825,432.3,7.1938355543963783e-001,0.2839706646333459,864.6,2021_yk_008,Yukon,2021
826,432.824,7.1257001767737005e-001,0.29018151231771616,865.648,2021_yk_008,Yukon,2021
827,433.348,7.1212440244179420e-001,0.29026728981783045,866.696,2021_yk_008,Yukon,2021
828,433.872,7.1321852036881450e-001,0.2867699992168348,867.744,2021_yk_008,Yukon,2021
829,434.396,7.0919971747110000e-001,0.28596518415383176,868.792,2021_yk_008,Yukon,2021
830,434.92,7.1346231559411488e-001,0.2896371386093764,869.84,2021_yk_008,Yukon,2021
831,435.444,7.1560376272809334e-001,0.28704327801864904,870.888,2021_yk_008,Yukon,2021
832,435.968,7.1642487031649871e-001,0.2853859072505809,871.936,2021_yk_008,Yukon,2021
833,436.492,7.1617896340706200e-001,0.29062051140978074,872.984,2021_yk_008,Yukon,2021
834,437.016,7.1158346832714181e-001,0.2891271938740554,874.032,2021_yk_008,Yukon,2021
835,437.54,7.2001898566254330e-001,0.2921125252449175,875.08,2021_yk_008,Yukon,2021
836,438.064,7.1520012729729010e-001,0.29210844678640363,876.128,2021_yk_008,Yukon,2021
837,438.588,7.1182409664986201e-001,0.29381448908898633,877.176,2021_yk_008,Yukon,2021
838,439.112,7.1616026303362090e-001,0.2974058279068299,878.224,2021_yk_008,Yukon,2021
839,439.636,7.1615992454978272e-001,0.29210763109645077,879.272,2021_yk_008,Yukon,2021
840,440.16,7.1453162914187385e-001,0.295436957993157,880.32,2021_yk_008,Yukon,2021
841,440.684,7.1687197951422921e-001,0.29883032882847854,881.368,2021_yk_008,Yukon,2021
842,441.208,7.1258922421710991e-001,0.29965549256173285,882.416,2021_yk_008,Yukon,2021
843,441.732,7.1702650911229082e-001,0.30497791644529393,883.464,2021_yk_008,Yukon,2021
844,442.25600000000003,7.1115357814204694e-001,0.30435748201715646,884.5120000000001,2021_yk_008,Yukon,2021
845,442.78000000000003,7.1295731849014821e-001,0.30540465988708904,885.5600000000001,2021_yk_008,Yukon,2021
846,443.30400000000003,7.1387122895755717e-001,0.31411080557960175,886.6080000000001,2021_yk_008,Yukon,2021
847,443.82800000000003,7.1934597424647639e-001,0.31812730196336164,887.6560000000001,2021_yk_008,Yukon,2021
848,444.35200000000003,7.1397693832100606e-001,0.316922649498983,888.7040000000001,2021_yk_008,Yukon,2021
849,444.87600000000003,7.1214060275524471e-001,0.32008395533446987,889.7520000000001,2021_yk_008,Yukon,2021
850,445.40000000000003,7.1243907999136591e-001,0.3179417408809344,890.8000000000001,2021_yk_008,Yukon,2021
851,445.92400000000004,7.1284646938625362e-001,0.32347281525281524,891.8480000000001,2021_yk_008,Yukon,2021
852,446.44800000000004,7.1578070139066152e-001,0.32336545485790247,892.8960000000001,2021_yk_008,Yukon,2021
853,446.97200000000004,7.1433116312275124e-001,0.33314280654292067,893.9440000000001,2021_yk_008,Yukon,2021
854,447.49600000000004,7.0908297329718550e-001,0.3419667427092605,894.9920000000001,2021_yk_008,Yukon,2021
855,448.02000000000004,7.1617530640646498e-001,0.332068069680243,896.0400000000001,2021_yk_008,Yukon,2021
856,448.54400000000004,7.1738054560767717e-001,0.3429429045584775,897.0880000000001,2021_yk_008,Yukon,2021
857,449.06800000000004,7.1387780233651932e-001,0.34810353568232877,898.1360000000001,2021_yk_008,Yukon,2021
858,449.59200000000004,7.1086028727830530e-001,0.34474332720041767,899.1840000000001,2021_yk_008,Yukon,2021
859,450.11600000000004,7.1435781733415182e-001,0.3480726283219495,900.2320000000001,2021_yk_008,Yukon,2021
860,450.64000000000004,7.1041578702622599e-001,0.35462393255174496,901.2800000000001,2021_yk_008,Yukon,2021
861,451.16400000000004,7.1223199291350203e-001,0.3597942522519126,902.3280000000001,2021_yk_008,Yukon,2021
862,451.68800000000005,7.1389867600300416e-001,0.37104517159973305,903.3760000000001,2021_yk_008,Yukon,2021
863,452.21200000000005,7.1283876392000090e-001,0.3779246663371104,904.4240000000001,2021_yk_008,Yukon,2021
864,452.73600000000005,7.1380129154177607e-001,0.37934645913729503,905.4720000000001,2021_yk_008,Yukon,2021
865,453.26,7.1168391871615622e-001,0.385573878669952,906.52,2021_yk_008,Yukon,2021
866,453.784,7.1485850089800562e-001,0.389743160561331,907.568,2021_yk_008,Yukon,2021
867,454.308,7.1209231876201218e-001,0.401625660012373,908.616,2021_yk_008,Yukon,2021
868,454.832,7.1242592160326923e-001,0.40043296204596635,909.664,2021_yk_008,Yukon,2021
869,455.356,7.1354519902865021e-001,0.40881226200070847,910.712,2021_yk_008,Yukon,2021
870,455.88,7.1328228446895714e-001,0.4118207536982582,911.76,2021_yk_008,Yukon,2021
871,456.404,7.1470134987562395e-001,0.42224384557595573,912.808,2021_yk_008,Yukon,2021
872,456.928,7.1196690837890919e-001,0.42054420123722097,913.856,2021_yk_008,Yukon,2021
873,457.452,7.1223897172900841e-001,0.4301958487477978,914.904,2021_yk_008,Yukon,2021
874,457.976,7.0892862975938720e-001,0.4370820957486476,915.952,2021_yk_008,Yukon,2021
875,458.5,7.1099574375796715e-001,0.4379747699996579,917,2021_yk_008,Yukon,2021
876,459.024,7.1207825092971755e-001,0.4589265049233988,918.048,2021_yk_008,Yukon,2021
877,459.548,7.1123247779724164e-001,0.46256627669382927,919.096,2021_yk_008,Yukon,2021
878,460.072,7.1127021298194260e-001,0.46711194808580103,920.144,2021_yk_008,Yukon,2021
879,460.596,7.0951010589473218e-001,0.4736109349025668,921.192,2021_yk_008,Yukon,2021
880,461.12,7.1137696221726276e-001,0.47278085187304464,922.24,2021_yk_008,Yukon,2021
881,461.644,7.1049391568888109e-001,0.47905299749392577,923.288,2021_yk_008,Yukon,2021
882,462.168,7.1022858569606828e-001,0.47763571201962857,924.336,2021_yk_008,Yukon,2021
883,462.692,7.1272180839333421e-001,0.4810836907774007,925.384,2021_yk_008,Yukon,2021
884,463.216,7.1339421007342951e-001,0.491472532778877,926.432,2021_yk_008,Yukon,2021
885,463.74,7.1234412085010446e-001,0.49678853105701504,927.48,2021_yk_008,Yukon,2021
886,464.264,7.1037085929769972e-001,0.49560776323827016,928.528,2021_yk_008,Yukon,2021
887,464.788,7.1233413184539596e-001,0.511426559818719,929.576,2021_yk_008,Yukon,2021
888,465.312,7.1402636580601231e-001,0.5118728906089404,930.624,2021_yk_008,Yukon,2021
889,465.836,7.1072796784017112e-001,0.5157168041703345,931.672,2021_yk_008,Yukon,2021
890,466.36,7.1105303675149034e-001,0.5192284836063028,932.72,2021_yk_008,Yukon,2021
891,466.884,7.1164809341614954e-001,0.5244473003596194,933.768,2021_yk_008,Yukon,2021
892,467.408,7.1073526675461629e-001,0.5338533017903215,934.816,2021_yk_008,Yukon,2021
893,467.932,7.1078368840756290e-001,0.5423117654834068,935.864,2021_yk_008,Yukon,2021
894,468.456,7.0977421900408522e-001,0.5397342026495754,936.912,2021_yk_008,Yukon,2021
895,468.98,7.0932493284812548e-001,0.5518420956955341,937.96,2021_yk_008,Yukon,2021
896,469.504,7.0939869967392100e-001,0.5631421646930028,939.008,2021_yk_008,Yukon,2021
897,470.028,7.1191557160488417e-001,0.5480360496894822,940.056,2021_yk_008,Yukon,2021
898,470.552,7.1221977123975111e-001,0.5713916004698077,941.104,2021_yk_008,Yukon,2021
899,471.076,7.1277925753744431e-001,0.5624121433444671,942.152,2021_yk_008,Yukon,2021
900,471.6,7.1023771828172433e-001,0.5648103551298007,943.2,2021_yk_008,Yukon,2021
901,472.124,7.0948027775592348e-001,0.5640395419775981,944.248,2021_yk_008,Yukon,2021
902,472.648,7.1223463269876341e-001,0.5706904238629619,945.296,2021_yk_008,Yukon,2021
903,473.172,7.1026791629949459e-001,0.579409956767236,946.344,2021_yk_008,Yukon,2021
904,473.696,7.1208655932521236e-001,0.5822206187164076,947.392,2021_yk_008,Yukon,2021
905,474.22,7.1207263132754173e-001,0.5876928003475144,948.44,2021_yk_008,Yukon,2021
906,474.744,7.0913157979444319e-001,0.5928180306506349,949.488,2021_yk_008,Yukon,2021
907,475.26800000000003,7.1004622281908425e-001,0.6046042731792874,950.5360000000001,2021_yk_008,Yukon,2021
908,475.79200000000003,7.0973284029417560e-001,0.5958420298937122,951.5840000000001,2021_yk_008,Yukon,2021
909,476.31600000000003,7.1078141511035786e-001,0.606669509489894,952.6320000000001,2021_yk_008,Yukon,2021
910,476.84000000000003,7.1163015424087062e-001,0.6190673470834063,953.6800000000001,2021_yk_008,Yukon,2021
911,477.36400000000003,7.1205431938394903e-001,0.6149384397069757,954.7280000000001,2021_yk_008,Yukon,2021
912,477.88800000000003,7.1153979596581962e-001,0.6350625831905314,955.7760000000001,2021_yk_008,Yukon,2021
913,478.41200000000003,7.0844377744751519e-001,0.6455914845292448,956.8240000000001,2021_yk_008,Yukon,2021
914,478.93600000000004,7.1028795930190269e-001,0.6442883118648209,957.8720000000001,2021_yk_008,Yukon,2021
915,479.46000000000004,7.0975829406342617e-001,0.6337420303474542,958.9200000000001,2021_yk_008,Yukon,2021
916,479.98400000000004,7.1078046589411170e-001,0.6559179298697551,959.9680000000001,2021_yk_008,Yukon,2021
917,480.50800000000004,7.0977949227039028e-001,0.6624604686473374,961.0160000000001,2021_yk_008,Yukon,2021
918,481.03200000000004,7.1060411564938808e-001,0.6766620495539795,962.0640000000001,2021_yk_008,Yukon,2021
919,481.55600000000004,7.1013228545947138e-001,0.6822127273955471,963.1120000000001,2021_yk_008,Yukon,2021
920,482.08000000000004,7.0924741258689628e-001,0.6766779171824716,964.1600000000001,2021_yk_008,Yukon,2021
921,482.60400000000004,7.0893739028268798e-001,0.684815983393075,965.2080000000001,2021_yk_008,Yukon,2021
922,483.12800000000004,7.1017954685647799e-001,0.6884456035578851,966.2560000000001,2021_yk_008,Yukon,2021
923,483.65200000000004,7.0952611540183008e-001,0.6970980803657657,967.3040000000001,2021_yk_008,Yukon,2021
924,484.17600000000004,7.1094514410123899e-001,0.7093944146617427,968.3520000000001,2021_yk_008,Yukon,2021
925,484.70000000000005,7.1194379966598331e-001,0.7103413259084405,969.4000000000001,2021_yk_008,Yukon,2021
926,485.22400000000005,7.1123049888575096e-001,0.7220214375002002,970.4480000000001,2021_yk_008,Yukon,2021
927,485.74800000000005,7.0902173941705304e-001,0.7373738031914258,971.4960000000001,2021_yk_008,Yukon,2021
928,486.27200000000005,7.0938091087653710e-001,0.7386304817942227,972.5440000000001,2021_yk_008,Yukon,2021
929,486.79600000000005,7.0935690750665925e-001,0.7581538260403562,973.5920000000001,2021_yk_008,Yukon,2021
930,487.32,7.1106393410970226e-001,0.7648268929050503,974.64,2021_yk_008,Yukon,2021
931,487.844,7.1212808988320042e-001,0.7718215134791531,975.688,2021_yk_008,Yukon,2021
932,488.368,7.0914651196166467e-001,0.7854456564543263,976.736,2021_yk_008,Yukon,2021
933,488.892,7.1036784728260194e-001,0.7804811969247999,977.784,2021_yk_008,Yukon,2021
934,489.416,7.1040242499979889e-001,0.7897209970602229,978.832,2021_yk_008,Yukon,2021
935,489.94,7.0838506407702517e-001,0.8052487624455782,979.88,2021_yk_008,Yukon,2021
936,490.464,7.1039257302247194e-001,0.7965004171267622,980.928,2021_yk_008,Yukon,2021
937,490.988,7.0978067879761308e-001,0.798885498357272,981.976,2021_yk_008,Yukon,2021
938,491.512,7.0984249686268175e-001,0.8159385185359321,983.024,2021_yk_008,Yukon,2021
939,492.036,7.1009639745679731e-001,0.8209769680180595,984.072,2021_yk_008,Yukon,2021
940,492.56,7.1171518315438442e-001,0.8141891987542694,985.12,2021_yk_008,Yukon,2021
941,493.084,7.0909952550523669e-001,0.81542455261672,986.168,2021_yk_008,Yukon,2021
942,493.608,7.0950147446979250e-001,0.8427698710923576,987.216,2021_yk_008,Yukon,2021
943,494.132,7.0981024610034205e-001,0.8405288623838354,988.264,2021_yk_008,Yukon,2021
944,494.656,7.1087735924176199e-001,0.8439034639757129,989.312,2021_yk_008,Yukon,2021
945,495.18,7.0938907203226576e-001,0.8332081884001307,990.36,2021_yk_008,Yukon,2021
946,495.704,7.0955879659285037e-001,0.8284864907988028,991.408,2021_yk_008,Yukon,2021
947,496.228,7.0983316984604261e-001,0.8511570273636435,992.456,2021_yk_008,Yukon,2021
948,496.752,7.1063834969305262e-001,0.8650158070491089,993.504,2021_yk_008,Yukon,2021
949,497.276,7.0869663360107815e-001,0.869396694395922,994.552,2021_yk_008,Yukon,2021
950,497.8,7.0992726941944984e-001,0.8707762717758435,995.6,2021_yk_008,Yukon,2021
951,498.324,7.0922422988705991e-001,0.8766069706483839,996.648,2021_yk_008,Yukon,2021
952,498.848,7.0879539829829219e-001,0.8720844489019487,997.696,2021_yk_008,Yukon,2021
953,499.372,7.0940717105605433e-001,0.8810513897870169,998.744,2021_yk_008,Yukon,2021
954,499.896,7.0907560103289147e-001,0.8816487477272098,999.792,2021_yk_008,Yukon,2021
955,500.42,7.1057723142820062e-001,0.9065797808694911,1000.84,2021_yk_008,Yukon,2021
956,500.944,7.1063952583382228e-001,0.9082659505129443,1001.888,2021_yk_008,Yukon,2021
957,501.468,7.0933242426684984e-001,0.9034094521437467,1002.936,2021_yk_008,Yukon,2021
958,501.992,7.0926761103968550e-001,0.9354943966352759,1003.984,2021_yk_008,Yukon,2021
959,502.516,7.0860532859339931e-001,0.9151296762255897,1005.032,2021_yk_008,Yukon,2021
960,503.04,7.0998099807549908e-001,0.9213487503149672,1006.08,2021_yk_008,Yukon,2021
961,503.564,7.0991167446419112e-001,0.918808146353416,1007.128,2021_yk_008,Yukon,2021
962,504.088,7.1083015302795494e-001,0.9268646318259005,1008.176,2021_yk_008,Yukon,2021
963,504.612,7.0987183652227726e-001,0.9286311624818707,1009.224,2021_yk_008,Yukon,2021
964,505.136,7.0898109834422784e-001,0.9283775021552232,1010.272,2021_yk_008,Yukon,2021
965,505.66,7.0830590762765988e-001,0.9398636406228845,1011.32,2021_yk_008,Yukon,2021
966,506.184,7.0963497943136999e-001,0.9297084939851658,1012.368,2021_yk_008,Yukon,2021
967,506.708,7.1006573595807221e-001,0.9402306541209382,1013.416,2021_yk_008,Yukon,2021
968,507.232,7.0993043997650640e-001,0.9376899564253226,1014.464,2021_yk_008,Yukon,2021
969,507.75600000000003,7.1035684533606891e-001,0.9446798148070035,1015.5120000000001,2021_yk_008,Yukon,2021
970,508.28000000000003,7.0911636887475693e-001,0.9390294806546241,1016.5600000000001,2021_yk_008,Yukon,2021
971,508.80400000000003,7.1043330066717081e-001,0.9470592828523161,1017.6080000000001,2021_yk_008,Yukon,2021
972,509.32800000000003,7.0911178619715887e-001,0.956701457217361,1018.6560000000001,2021_yk_008,Yukon,2021
973,509.85200000000003,7.0941639433008175e-001,0.9381423722164778,1019.7040000000001,2021_yk_008,Yukon,2021
974,510.37600000000003,7.0995704057135611e-001,0.9537832881946319,1020.7520000000001,2021_yk_008,Yukon,2021
975,510.90000000000003,7.1015726290643355e-001,0.9222878634745789,1021.8000000000001,2021_yk_008,Yukon,2021
976,511.42400000000004,7.0890257858601335e-001,0.8965183827854658,1022.8480000000001,2021_yk_008,Yukon,2021
977,511.94800000000004,7.1002378313187708e-001,0.889275729567252,1023.8960000000001,2021_yk_008,Yukon,2021
978,512.472,7.0957489736669865e-001,0.8971699445315866,1024.944,2021_yk_008,Yukon,2021
979,512.996,7.0898207346877362e-001,0.9271531201834674,1025.992,2021_yk_008,Yukon,2021
980,513.52,7.0930379004762634e-001,0.910424589299413,1027.04,2021_yk_008,Yukon,2021
981,514.044,7.0846030880970223e-001,0.9217228664311602,1028.088,2021_yk_008,Yukon,2021
982,514.568,7.1123107380112138e-001,0.9271180119230945,1029.136,2021_yk_008,Yukon,2021
983,515.092,7.0969743954394837e-001,0.9496247158141066,1030.184,2021_yk_008,Yukon,2021
984,515.616,7.0925345948328256e-001,0.9523895698231392,1031.232,2021_yk_008,Yukon,2021
985,516.14,7.1038249644131868e-001,0.9483605111895438,1032.28,2021_yk_008,Yukon,2021
986,516.664,7.0971962339325634e-001,0.9546837177562957,1033.328,2021_yk_008,Yukon,2021
987,517.188,7.0861931562985214e-001,0.9505672825882929,1034.376,2021_yk_008,Yukon,2021
988,517.712,7.0964046346835508e-001,0.9490511201213989,1035.424,2021_yk_008,Yukon,2021
989,518.236,7.0939735679278748e-001,0.9625771895245199,1036.472,2021_yk_008,Yukon,2021
990,518.76,7.0857687415999293e-001,0.9607961612889269,1037.52,2021_yk_008,Yukon,2021
991,519.284,7.1073450332035681e-001,0.9563448542700679,1038.568,2021_yk_008,Yukon,2021
992,519.808,7.0896500994141709e-001,0.948989151574928,1039.616,2021_yk_008,Yukon,2021
993,520.332,7.0923678892503295e-001,0.960878075327296,1040.664,2021_yk_008,Yukon,2021
994,520.856,7.0924259717359872e-001,0.9472124321117404,1041.712,2021_yk_008,Yukon,2021
995,521.38,7.0899190237983256e-001,0.9474792576823382,1042.76,2021_yk_008,Yukon,2021
996,521.904,7.0975085657495429e-001,0.9419043125141148,1043.808,2021_yk_008,Yukon,2021
997,522.428,7.0970435046475733e-001,0.9329925068142403,1044.856,2021_yk_008,Yukon,2021
998,522.952,7.0962418302577190e-001,0.9386176117086064,1045.904,2021_yk_008,Yukon,2021
999,523.476,7.1045774407173756e-001,0.9362356394173261,1046.952,2021_yk_008,Yukon,2021
1000,524,7.0932833712845889e-001,0.922172695882299,1048,2021_yk_008,Yukon,2021
1001,524.524,7.0863527368282642e-001,0.9267687134034518,1049.048,2021_yk_008,Yukon,2021
1002,525.048,7.0943053939306577e-001,0.9224044279062805,1050.096,2021_yk_008,Yukon,2021
1003,525.572,7.0900267386685956e-001,0.9123196117383877,1051.144,2021_yk_008,Yukon,2021
1004,526.096,7.0875003681408333e-001,0.8982634629664917,1052.192,2021_yk_008,Yukon,2021
1005,526.62,7.0897856164319883e-001,0.9127079319748023,1053.24,2021_yk_008,Yukon,2021
1006,527.144,7.0875147717621667e-001,0.9113468497444422,1054.288,2021_yk_008,Yukon,2021
1007,527.668,7.1005700808736716e-001,0.9284786135189789,1055.336,2021_yk_008,Yukon,2021
1008,528.192,7.1023139287007120e-001,0.9517792040466179,1056.384,2021_yk_008,Yukon,2021
1009,528.716,7.0953774240872092e-001,0.943233851023276,1057.432,2021_yk_008,Yukon,2021
1010,529.24,7.0911020849380602e-001,0.951718952050236,1058.48,2021_yk_008,Yukon,2021
1011,529.764,7.0896257340377267e-001,0.9548625085590885,1059.528,2021_yk_008,Yukon,2021
1012,530.288,7.0972705210405995e-001,0.9557862563308235,1060.576,2021_yk_008,Yukon,2021
1013,530.812,7.1014078034276507e-001,0.9691270167455744,1061.624,2021_yk_008,Yukon,2021
1014,531.336,7.0789688083912872e-001,0.9573984159361192,1062.672,2021_yk_008,Yukon,2021
1015,531.86,7.0909593601497567e-001,0.9750687810748557,1063.72,2021_yk_008,Yukon,2021
1016,532.384,7.0909819342695235e-001,0.9871297740132025,1064.768,2021_yk_008,Yukon,2021
1017,532.908,7.1031803609392219e-001,0.9921239393502078,1065.816,2021_yk_008,Yukon,2021
1018,533.432,7.0792323988200589e-001,0.9993884735156128,1066.864,2021_yk_008,Yukon,2021
1019,533.956,7.0954293232572196e-001,1.0110527081089251,1067.912,2021_yk_008,Yukon,2021
1020,534.48,7.0914665115532849e-001,1.0068884573245265,1068.96,2021_yk_008,Yukon,2021
1021,535.004,7.1033965002172827e-001,1.0146073813258742,1070.008,2021_yk_008,Yukon,2021
1022,535.528,7.0841612763407447e-001,0.9997677737214364,1071.056,2021_yk_008,Yukon,2021
1023,536.052,7.1017365502374208e-001,1.0244535882635462,1072.104,2021_yk_008,Yukon,2021
1024,536.576,7.0914645790610253e-001,1.0063468301719911,1073.152,2021_yk_008,Yukon,2021
1025,537.1,7.0827944998061887e-001,1.0021457343936424,1074.2,2021_yk_008,Yukon,2021
1026,537.624,7.0966702526195069e-001,1.0017187976597903,1075.248,2021_yk_008,Yukon,2021
1027,538.148,7.1028245615831220e-001,0.9963373508858356,1076.296,2021_yk_008,Yukon,2021
1028,538.672,7.0809237150946980e-001,1.0021902882377764,1077.344,2021_yk_008,Yukon,2021
1029,539.196,7.0879145420780276e-001,1.0212403268136447,1078.392,2021_yk_008,Yukon,2021
1030,539.72,7.1042512893729703e-001,1.0170018580914706,1079.44,2021_yk_008,Yukon,2021
1031,540.244,7.0835433274848014e-001,0.9890181704748983,1080.488,2021_yk_008,Yukon,2021
1032,540.768,7.0865975231243572e-001,0.9769030519935731,1081.536,2021_yk_008,Yukon,2021
1033,541.292,7.0943671331193436e-001,0.9952268831831081,1082.584,2021_yk_008,Yukon,2021
1034,541.816,7.0880943079866565e-001,1.0015951584469882,1083.632,2021_yk_008,Yukon,2021
1035,542.34,7.1087042944424683e-001,0.9969937374975032,1084.68,2021_yk_008,Yukon,2021
1036,542.864,7.0976857642336666e-001,1.0011039093993357,1085.728,2021_yk_008,Yukon,2021
1037,543.388,7.0961585011459083e-001,0.9758204590769045,1086.776,2021_yk_008,Yukon,2021
1038,543.912,7.0900440443361146e-001,0.9975707141744837,1087.824,2021_yk_008,Yukon,2021
1039,544.436,7.0972342473839078e-001,1.00442896788953,1088.872,2021_yk_008,Yukon,2021
1040,544.96,7.1001882839153718e-001,1.0068581038859272,1089.92,2021_yk_008,Yukon,2021
1041,545.484,7.1071342616091637e-001,1.0355166660462738,1090.968,2021_yk_008,Yukon,2021
1042,546.008,7.1074458834918408e-001,1.0276483492257986,1092.016,2021_yk_008,Yukon,2021
1043,546.532,7.1022135162071343e-001,1.066014085327886,1093.064,2021_yk_008,Yukon,2021
1044,547.056,7.0903810622453256e-001,1.0565219463117352,1094.112,2021_yk_008,Yukon,2021
1045,547.58,7.0941060932836164e-001,1.0656596413805812,1095.16,2021_yk_008,Yukon,2021
1046,548.104,7.0946514505150526e-001,1.0556381901868728,1096.208,2021_yk_008,Yukon,2021
1047,548.628,7.0926764706727929e-001,1.0355224308983102,1097.256,2021_yk_008,Yukon,2021
1048,549.152,7.1012667595046075e-001,1.026039516171763,1098.304,2021_yk_008,Yukon,2021
1049,549.676,7.0883119454963495e-001,1.0323419185981717,1099.352,2021_yk_008,Yukon,2021
1050,550.2,7.0924088047022804e-001,1.0250170032103043,1100.4,2021_yk_008,Yukon,2021
1051,550.724,7.0823241976466622e-001,1.040744062678948,1101.448,2021_yk_008,Yukon,2021
1052,551.248,7.0838407456739982e-001,1.0311489937416989,1102.496,2021_yk_008,Yukon,2021
1053,551.772,7.0892684606424994e-001,1.0447468262193476,1103.544,2021_yk_008,Yukon,2021
1054,552.296,7.0995599785297425e-001,1.0382574352277152,1104.592,2021_yk_008,Yukon,2021
1055,552.82,7.0909461847405242e-001,1.0312389250652785,1105.64,2021_yk_008,Yukon,2021
1056,553.344,7.0977118506969361e-001,1.050687812349571,1106.688,2021_yk_008,Yukon,2021
1057,553.868,7.0833586083459588e-001,1.0326180629229813,1107.736,2021_yk_008,Yukon,2021
1058,554.392,7.0871122766213701e-001,1.0331632991283266,1108.784,2021_yk_008,Yukon,2021
1059,554.916,7.0890545812666006e-001,1.0301212793060197,1109.832,2021_yk_008,Yukon,2021
1060,555.44,7.0924516555165851e-001,1.038732292129406,1110.88,2021_yk_008,Yukon,2021
1061,555.964,7.0916996745295258e-001,1.046744338682421,1111.928,2021_yk_008,Yukon,2021
1062,556.488,7.0994553176172381e-001,1.0508862597546444,1112.976,2021_yk_008,Yukon,2021
1063,557.0120000000001,7.0961553586037873e-001,1.0436573655905157,1114.0240000000001,2021_yk_008,Yukon,2021
1064,557.5360000000001,7.1020724131260771e-001,1.0430710292074477,1115.0720000000001,2021_yk_008,Yukon,2021
1065,558.0600000000001,7.0907433100084405e-001,1.0482548523124635,1116.1200000000001,2021_yk_008,Yukon,2021
1066,558.5840000000001,7.0965645061245686e-001,1.0250884775230726,1117.1680000000001,2021_yk_008,Yukon,2021
1067,559.1080000000001,7.0909754337494202e-001,1.0296587197871203,1118.2160000000001,2021_yk_008,Yukon,2021
1068,559.6320000000001,7.0946715807363581e-001,1.0495577356522483,1119.2640000000001,2021_yk_008,Yukon,2021
1069,560.1560000000001,7.0810303234105698e-001,1.038862480135304,1120.3120000000001,2021_yk_008,Yukon,2021
1070,560.6800000000001,7.0772752490243451e-001,1.0301575861932903,1121.3600000000001,2021_yk_008,Yukon,2021
1071,561.2040000000001,7.1008334481184454e-001,1.0420188658795757,1122.4080000000001,2021_yk_008,Yukon,2021
1072,561.7280000000001,7.0940794142975061e-001,1.0333340410046397,1123.4560000000001,2021_yk_008,Yukon,2021
1073,562.2520000000001,7.0884061278093691e-001,1.0352302526323032,1124.5040000000001,2021_yk_008,Yukon,2021
1074,562.7760000000001,7.0974281189827582e-001,1.0511492062606131,1125.5520000000001,2021_yk_008,Yukon,2021
1075,563.3000000000001,7.1027605091908685e-001,1.0618545661489225,1126.6000000000001,2021_yk_008,Yukon,2021
1076,563.8240000000001,7.0916330840267539e-001,1.061998483027325,1127.6480000000001,2021_yk_008,Yukon,2021
1077,564.3480000000001,7.1001709516015388e-001,1.0555057617051642,1128.6960000000001,2021_yk_008,Yukon,2021
1078,564.8720000000001,7.1043952952482525e-001,1.0725054658033464,1129.7440000000001,2021_yk_008,Yukon,2021
1079,565.3960000000001,7.0991254073411802e-001,1.0630735644665363,1130.7920000000001,2021_yk_008,Yukon,2021
1080,565.9200000000001,7.0796837156927828e-001,1.078256547408758,1131.8400000000001,2021_yk_008,Yukon,2021
1081,566.4440000000001,7.1048800355873831e-001,1.0560126804576455,1132.8880000000001,2021_yk_008,Yukon,2021
1082,566.9680000000001,7.0922758228723060e-001,1.0672804201853152,1133.9360000000001,2021_yk_008,Yukon,2021
1083,567.4920000000001,7.1064527594066951e-001,1.0739937124593133,1134.9840000000002,2021_yk_008,Yukon,2021
1084,568.0160000000001,7.0859429296986087e-001,1.0638764610613227,1136.0320000000002,2021_yk_008,Yukon,2021
1085,568.5400000000001,7.0988820723292279e-001,1.0921854657545724,1137.0800000000002,2021_yk_008,Yukon,2021
1086,569.0640000000001,7.0949731704334484e-001,1.0939069924448312,1138.1280000000002,2021_yk_008,Yukon,2021
1087,569.5880000000001,7.0864622851280001e-001,1.0672199559638642,1139.1760000000002,2021_yk_008,Yukon,2021
1088,570.1120000000001,7.0943896448289334e-001,1.086795609638222,1140.2240000000002,2021_yk_008,Yukon,2021
1089,570.6360000000001,7.0993889916097208e-001,1.0806438768232864,1141.2720000000002,2021_yk_008,Yukon,2021
1090,571.16,7.0980778744823192e-001,1.0871053219807385,1142.32,2021_yk_008,Yukon,2021
1091,571.684,7.0859853713647791e-001,1.0963731032340267,1143.368,2021_yk_008,Yukon,2021
1092,572.208,7.0987643737882344e-001,1.0857613106904067,1144.416,2021_yk_008,Yukon,2021
1093,572.732,7.0897273698657093e-001,1.0896268701689888,1145.464,2021_yk_008,Yukon,2021
1094,573.256,7.1022811515488737e-001,1.0692068162738118,1146.512,2021_yk_008,Yukon,2021
1095,573.78,7.0828946098592716e-001,1.0600503395525247,1147.56,2021_yk_008,Yukon,2021
1096,574.304,7.0946881233816739e-001,1.0481687035879952,1148.608,2021_yk_008,Yukon,2021
1097,574.828,7.0921313976829126e-001,1.041425225118776,1149.656,2021_yk_008,Yukon,2021
1098,575.352,7.0923996552284740e-001,1.0361289440307255,1150.704,2021_yk_008,Yukon,2021
1099,575.876,7.0920619043144273e-001,1.0224694893707804,1151.752,2021_yk_008,Yukon,2021
1100,576.4,7.0908358466423527e-001,1.0397571492310829,1152.8,2021_yk_008,Yukon,2021
1101,576.924,7.0894708743340373e-001,1.0202584945278423,1153.848,2021_yk_008,Yukon,2021
1102,577.448,7.0951708101336286e-001,1.0124456803173068,1154.896,2021_yk_008,Yukon,2021
1103,577.972,7.0911469966742979e-001,1.024679072594428,1155.944,2021_yk_008,Yukon,2021
1104,578.496,7.0992878376062019e-001,1.0226251089764522,1156.992,2021_yk_008,Yukon,2021
1105,579.02,7.1021288100481850e-001,1.0333733071603304,1158.04,2021_yk_008,Yukon,2021
1106,579.544,7.1119948082725437e-001,1.0342842130900451,1159.088,2021_yk_008,Yukon,2021
1107,580.068,7.1060238992345881e-001,1.0371958872046352,1160.136,2021_yk_008,Yukon,2021
1108,580.592,7.0834143894183088e-001,1.0212327938867969,1161.184,2021_yk_008,Yukon,2021
1109,581.116,7.0890913224462970e-001,1.0291399596743238,1162.232,2021_yk_008,Yukon,2021
1110,581.64,7.0900675199424634e-001,1.0342662127480968,1163.28,2021_yk_008,Yukon,2021
1111,582.164,7.0903191920489217e-001,1.0235214897359546,1164.328,2021_yk_008,Yukon,2021
1112,582.688,7.1005355802398284e-001,1.0375376819454718,1165.376,2021_yk_008,Yukon,2021
1113,583.212,7.1085690772513832e-001,1.0291101058158043,1166.424,2021_yk_008,Yukon,2021
1114,583.736,7.0893887949078804e-001,1.008828209556473,1167.472,2021_yk_008,Yukon,2021
1115,584.26,7.1019503231536796e-001,1.0250004819922207,1168.52,2021_yk_008,Yukon,2021
1116,584.784,7.0854325254265882e-001,1.017808996768782,1169.568,2021_yk_008,Yukon,2021
1117,585.308,7.0973651926317238e-001,0.9997645709943851,1170.616,2021_yk_008,Yukon,2021
1118,585.832,7.0919751265145514e-001,0.9904126196943698,1171.664,2021_yk_008,Yukon,2021
1119,586.356,7.0848143232845129e-001,1.011492830463546,1172.712,2021_yk_008,Yukon,2021
1120,586.88,7.1001925009430955e-001,1.0261160708737016,1173.76,2021_yk_008,Yukon,2021
1121,587.404,7.0857959816667315e-001,1.0112598924821483,1174.808,2021_yk_008,Yukon,2021
1122,587.928,7.0987445396563309e-001,1.0038326341153614,1175.856,2021_yk_008,Yukon,2021
1123,588.452,7.0996783787588302e-001,1.0101572562526613,1176.904,2021_yk_008,Yukon,2021
1124,588.976,7.1079534747450368e-001,1.0189316367843622,1177.952,2021_yk_008,Yukon,2021
1125,589.5,7.0806185311148950e-001,0.9936140247066617,1179,2021_yk_008,Yukon,2021
1126,590.024,7.0959199333537304e-001,1.0055124579540982,1180.048,2021_yk_008,Yukon,2021
1127,590.548,7.0967914806211030e-001,1.0032275202977885,1181.096,2021_yk_008,Yukon,2021
1128,591.072,7.1015403329354432e-001,1.0013774785121965,1182.144,2021_yk_008,Yukon,2021
1129,591.596,7.0862370761503757e-001,0.9958351220666254,1183.192,2021_yk_008,Yukon,2021
1130,592.12,7.0835116532699316e-001,0.9935099260423991,1184.24,2021_yk_008,Yukon,2021
1131,592.644,7.0902449062663464e-001,0.987726783732158,1185.288,2021_yk_008,Yukon,2021
1132,593.168,7.0936425515646373e-001,0.9863826964815813,1186.336,2021_yk_008,Yukon,2021
1133,593.692,7.0863877063697389e-001,1.0185021993155452,1187.384,2021_yk_008,Yukon,2021
1134,594.216,7.0846781696304861e-001,0.9870701926054514,1188.432,2021_yk_008,Yukon,2021
1135,594.74,7.0910034614451867e-001,0.9754456321220848,1189.48,2021_yk_008,Yukon,2021
1136,595.264,7.0898184380751705e-001,0.99093525344601,1190.528,2021_yk_008,Yukon,2021
1137,595.788,7.0980706419652539e-001,0.9948193269218495,1191.576,2021_yk_008,Yukon,2021
1138,596.312,7.0999747516512857e-001,0.9791318981958138,1192.624,2021_yk_008,Yukon,2021
1139,596.836,7.0979703344857992e-001,0.9746288307239716,1193.672,2021_yk_008,Yukon,2021
1140,597.36,7.0998580288617663e-001,0.9794923194888164,1194.72,2021_yk_008,Yukon,2021
1141,597.884,7.0891076679436016e-001,0.9625480132964038,1195.768,2021_yk_008,Yukon,2021
1142,598.408,7.0838796614850297e-001,0.9660826360764032,1196.816,2021_yk_008,Yukon,2021
1143,598.932,7.0862705953154492e-001,0.9550872548641446,1197.864,2021_yk_008,Yukon,2021
1144,599.456,7.0920168636776804e-001,0.9672700949606656,1198.912,2021_yk_008,Yukon,2021
1145,599.98,7.1028452132048125e-001,0.9758084461869652,1199.96,2021_yk_008,Yukon,2021
1146,600.504,7.0796156778143082e-001,0.9482278870411186,1201.008,2021_yk_008,Yukon,2021
1147,601.028,7.0900885456338769e-001,0.9372840523692537,1202.056,2021_yk_008,Yukon,2021
1148,601.552,7.0776134387255940e-001,0.9506190865803475,1203.104,2021_yk_008,Yukon,2021
1149,602.076,7.0861436233846553e-001,0.9505809334630739,1204.152,2021_yk_008,Yukon,2021
1150,602.6,7.0993450309394601e-001,0.9390458663451133,1205.2,2021_yk_008,Yukon,2021
1151,603.124,7.0843504666510304e-001,0.950097979626768,1206.248,2021_yk_008,Yukon,2021
1152,603.648,7.0967573546613938e-001,0.9429035650809467,1207.296,2021_yk_008,Yukon,2021
1153,604.172,7.1019897798965559e-001,0.9447612559912354,1208.344,2021_yk_008,Yukon,2021
1154,604.696,7.0938567478173209e-001,0.9502652456714221,1209.392,2021_yk_008,Yukon,2021
1155,605.22,7.0972005695322293e-001,0.9619189313585664,1210.44,2021_yk_008,Yukon,2021
1156,605.744,7.0868328613932230e-001,0.9414925283446103,1211.488,2021_yk_008,Yukon,2021
1157,606.268,7.0916285352316566e-001,0.9462846903296298,1212.536,2021_yk_008,Yukon,2021
1158,606.792,7.1095214670254403e-001,0.9444201419999267,1213.584,2021_yk_008,Yukon,2021
1159,607.316,7.1038878800158289e-001,0.9409855536355946,1214.632,2021_yk_008,Yukon,2021
1160,607.84,7.0917364331004251e-001,0.9548881019606977,1215.68,2021_yk_008,Yukon,2021
1161,608.364,7.0865432610492374e-001,0.9414450356633578,1216.728,2021_yk_008,Yukon,2021
1162,608.888,7.0825187024401692e-001,0.9425213502553129,1217.776,2021_yk_008,Yukon,2021
1163,609.412,7.0888084867733370e-001,0.9607954581838267,1218.824,2021_yk_008,Yukon,2021
1164,609.936,7.1054699519605369e-001,0.961441049777588,1219.872,2021_yk_008,Yukon,2021
1165,610.46,7.0923655957154652e-001,0.945794168621322,1220.92,2021_yk_008,Yukon,2021
1166,610.984,7.1014994659747210e-001,0.9350633389276387,1221.968,2021_yk_008,Yukon,2021
1167,611.508,7.0916954750595873e-001,0.9696300148376089,1223.016,2021_yk_008,Yukon,2021
1168,612.032,7.0894643090559128e-001,0.9550248413722268,1224.064,2021_yk_008,Yukon,2021
1169,612.556,7.0863986558100323e-001,0.9505179304834115,1225.112,2021_yk_008,Yukon,2021
1170,613.08,7.0949881822086491e-001,0.949788641437431,1226.16,2021_yk_008,Yukon,2021
1171,613.604,7.0784459495090679e-001,0.9480088559661595,1227.208,2021_yk_008,Yukon,2021
1172,614.128,7.0949605397453808e-001,0.9392529693890684,1228.256,2021_yk_008,Yukon,2021
1173,614.652,7.0901765616161583e-001,0.9317378095145047,1229.304,2021_yk_008,Yukon,2021
1174,615.176,7.0916694614500342e-001,0.9527470772846309,1230.352,2021_yk_008,Yukon,2021
1175,615.7,7.0925029944292473e-001,0.9546451578813322,1231.4,2021_yk_008,Yukon,2021
1176,616.224,7.1015643431671061e-001,0.9320265101442854,1232.448,2021_yk_008,Yukon,2021
1177,616.748,7.0835695293715539e-001,0.9321301780303496,1233.496,2021_yk_008,Yukon,2021
1178,617.272,7.0851249183398335e-001,0.9463241790660727,1234.544,2021_yk_008,Yukon,2021
1179,617.796,7.0943984449180419e-001,0.9291719884507064,1235.592,2021_yk_008,Yukon,2021
1180,618.32,7.0801944898063285e-001,0.9280394727798424,1236.64,2021_yk_008,Yukon,2021
1181,618.844,7.0983199416631038e-001,0.9217884073280836,1237.688,2021_yk_008,Yukon,2021
1182,619.368,7.1143504372723698e-001,0.9178638187509908,1238.736,2021_yk_008,Yukon,2021
1183,619.892,7.0908113542723150e-001,0.9093568962564701,1239.784,2021_yk_008,Yukon,2021
1184,620.416,7.0922603717343968e-001,0.9404351330905198,1240.832,2021_yk_008,Yukon,2021
1185,620.94,7.0979162551540098e-001,0.9283980018309146,1241.88,2021_yk_008,Yukon,2021
1186,621.464,7.0860863002203223e-001,0.9280901895612871,1242.928,2021_yk_008,Yukon,2021
1187,621.988,7.1060470397380693e-001,0.9248197399440101,1243.976,2021_yk_008,Yukon,2021
1188,622.5120000000001,7.0954550361950797e-001,0.9251567689874568,1245.0240000000001,2021_yk_008,Yukon,2021
1189,623.0360000000001,7.0944104456663237e-001,0.9352597016386924,1246.0720000000001,2021_yk_008,Yukon,2021
1190,623.5600000000001,7.0733290296761175e-001,0.9284257984615096,1247.1200000000001,2021_yk_008,Yukon,2021
1191,624.0840000000001,7.0836742640857531e-001,0.948458149812846,1248.1680000000001,2021_yk_008,Yukon,2021
1192,624.6080000000001,7.0966273525763413e-001,0.9359245364267371,1249.2160000000001,2021_yk_008,Yukon,2021
1193,625.1320000000001,7.0765436263432713e-001,0.9091639528842741,1250.2640000000001,2021_yk_008,Yukon,2021
1194,625.6560000000001,7.0930495488810685e-001,0.926492809361263,1251.3120000000001,2021_yk_008,Yukon,2021
1195,626.1800000000001,7.0912315866770803e-001,0.9310816626844632,1252.3600000000001,2021_yk_008,Yukon,2021
1196,626.7040000000001,7.0881126266399752e-001,0.9182808269110863,1253.4080000000001,2021_yk_008,Yukon,2021
1197,627.2280000000001,7.0945482438061258e-001,0.9316425160524937,1254.4560000000001,2021_yk_008,Yukon,2021
1198,627.7520000000001,7.0855248336021737e-001,0.9303620941365063,1255.5040000000001,2021_yk_008,Yukon,2021
1199,628.2760000000001,7.0997260745392043e-001,0.9260252122038192,1256.5520000000001,2021_yk_008,Yukon,2021
1200,628.8000000000001,7.0860318004665857e-001,0.9092102017273521,1257.6000000000001,2021_yk_008,Yukon,2021
1201,629.3240000000001,7.0968775944419571e-001,0.9172973780794258,1258.6480000000001,2021_yk_008,Yukon,2021
1202,629.8480000000001,7.0821077514288933e-001,0.9337386683028179,1259.6960000000001,2021_yk_008,Yukon,2021
1203,630.3720000000001,7.0891900201894686e-001,0.9238833404736666,1260.7440000000001,2021_yk_008,Yukon,2021
1204,630.8960000000001,7.0922927692280813e-001,0.9124025183641022,1261.7920000000001,2021_yk_008,Yukon,2021
1205,631.4200000000001,7.0914492505178339e-001,0.9317642423793315,1262.8400000000001,2021_yk_008,Yukon,2021
1206,631.9440000000001,7.1022264102222632e-001,0.9207941675560862,1263.8880000000001,2021_yk_008,Yukon,2021
1207,632.4680000000001,7.0932544951403464e-001,0.9313010409221733,1264.9360000000001,2021_yk_008,Yukon,2021
1208,632.9920000000001,7.1014136237259406e-001,0.911226221086832,1265.9840000000002,2021_yk_008,Yukon,2021
1209,633.5160000000001,7.0895689455645539e-001,0.9160406408216569,1267.0320000000002,2021_yk_008,Yukon,2021
1210,634.0400000000001,7.1048236497547024e-001,0.9151449048760841,1268.0800000000002,2021_yk_008,Yukon,2021
1211,634.5640000000001,7.0929892722794241e-001,0.9119892194036718,1269.1280000000002,2021_yk_008,Yukon,2021
1212,635.0880000000001,7.1043674652317945e-001,0.9346333107226196,1270.1760000000002,2021_yk_008,Yukon,2021
1213,635.6120000000001,7.0814278014783261e-001,0.9174299663416984,1271.2240000000002,2021_yk_008,Yukon,2021
1214,636.1360000000001,7.0903130598154274e-001,0.9248950527494986,1272.2720000000002,2021_yk_008,Yukon,2021
1215,636.6600000000001,7.0856886235822347e-001,0.9264215831712601,1273.3200000000002,2021_yk_008,Yukon,2021
1216,637.1840000000001,7.0905600446830686e-001,0.9107586638539494,1274.3680000000002,2021_yk_008,Yukon,2021
1217,637.708,7.0979227624206320e-001,0.9318689351361056,1275.416,2021_yk_008,Yukon,2021
1218,638.232,7.0995072922733193e-001,0.9228214997202451,1276.464,2021_yk_008,Yukon,2021
1219,638.756,7.0910899140528627e-001,0.9241042889732257,1277.512,2021_yk_008,Yukon,2021
1220,639.28,7.0886940549680655e-001,0.9295572232676698,1278.56,2021_yk_008,Yukon,2021
1221,639.804,7.0943176970910427e-001,0.9479948614806796,1279.608,2021_yk_008,Yukon,2021
1222,640.328,7.0993347581967237e-001,0.9226552812406352,1280.656,2021_yk_008,Yukon,2021
1223,640.852,7.0992243256619225e-001,0.9320341632265933,1281.704,2021_yk_008,Yukon,2021
1224,641.376,7.0917906714388002e-001,0.933396006475516,1282.752,2021_yk_008,Yukon,2021
1225,641.9,7.0957035405765623e-001,0.9176054999602896,1283.8,2021_yk_008,Yukon,2021
1226,642.424,7.0971361132770405e-001,0.9245695350287522,1284.848,2021_yk_008,Yukon,2021
1227,642.948,7.0762297050318057e-001,0.9204778034740668,1285.896,2021_yk_008,Yukon,2021
1228,643.472,7.0725196723839134e-001,0.9314505568643081,1286.944,2021_yk_008,Yukon,2021
1229,643.996,7.1022839904686419e-001,0.9278394018580571,1287.992,2021_yk_008,Yukon,2021
1230,644.52,7.0969937689241702e-001,0.936806805832946,1289.04,2021_yk_008,Yukon,2021
1231,645.044,7.1112185556085872e-001,0.9573892848741338,1290.088,2021_yk_008,Yukon,2021
1232,645.568,7.1038720032855718e-001,0.9551135534762181,1291.136,2021_yk_008,Yukon,2021
1233,646.092,7.0939409183613067e-001,0.978195707121868,1292.184,2021_yk_008,Yukon,2021
1234,646.616,7.0887245895160667e-001,0.9725389904469816,1293.232,2021_yk_008,Yukon,2021
1235,647.14,7.0931314032605897e-001,0.969290437142406,1294.28,2021_yk_008,Yukon,2021
1236,647.664,7.0870992428415325e-001,0.9619097958314105,1295.328,2021_yk_008,Yukon,2021
1237,648.188,7.0910255379102638e-001,0.9699425374641779,1296.376,2021_yk_008,Yukon,2021
1238,648.712,7.0893938906973741e-001,0.9763183729934315,1297.424,2021_yk_008,Yukon,2021
1239,649.236,7.0985314613933514e-001,0.9553870868966743,1298.472,2021_yk_008,Yukon,2021
1240,649.76,7.1011832270305875e-001,0.9628594905321854,1299.52,2021_yk_008,Yukon,2021
1241,650.284,7.0994136713851053e-001,0.9521614413684453,1300.568,2021_yk_008,Yukon,2021
1242,650.808,7.0768091521976351e-001,0.9523443618339712,1301.616,2021_yk_008,Yukon,2021
1243,651.332,7.0895277501315690e-001,0.9587217029123375,1302.664,2021_yk_008,Yukon,2021
1244,651.856,7.0999059924885066e-001,0.9678104528031852,1303.712,2021_yk_008,Yukon,2021
1245,652.38,7.0968361143852443e-001,0.9569721259454544,1304.76,2021_yk_008,Yukon,2021
1246,652.904,7.0924082470829841e-001,0.9570714889447216,1305.808,2021_yk_008,Yukon,2021
1247,653.428,7.0889031506833955e-001,0.9834904374691448,1306.856,2021_yk_008,Yukon,2021
1248,653.952,7.0943308828421303e-001,0.9850695722725428,1307.904,2021_yk_008,Yukon,2021
1249,654.476,7.0903716283946627e-001,0.9887383734858678,1308.952,2021_yk_008,Yukon,2021
1250,655,7.1016143145372479e-001,0.9869616754567995,1310,2021_yk_008,Yukon,2021
1251,655.524,7.0902722693473996e-001,0.9920146209090942,1311.048,2021_yk_008,Yukon,2021
1252,656.048,7.0828086501277843e-001,0.9950568767235475,1312.096,2021_yk_008,Yukon,2021
1253,656.572,7.0918613975721456e-001,0.9835630592404258,1313.144,2021_yk_008,Yukon,2021
1254,657.096,7.0930342175472283e-001,0.998344041733166,1314.192,2021_yk_008,Yukon,2021
1255,657.62,7.0976281168440580e-001,1.0042649791482232,1315.24,2021_yk_008,Yukon,2021
1256,658.144,7.1017936002091842e-001,1.0029247268146473,1316.288,2021_yk_008,Yukon,2021
1257,658.668,7.0938487719687182e-001,0.9893927339101392,1317.336,2021_yk_008,Yukon,2021
1258,659.192,7.0927520013786538e-001,0.9928890378715663,1318.384,2021_yk_008,Yukon,2021
1259,659.716,7.1021723449539487e-001,0.9907222012485034,1319.432,2021_yk_008,Yukon,2021
1260,660.24,7.1016368211770819e-001,0.98933030012774,1320.48,2021_yk_008,Yukon,2021
1261,660.764,7.0837535787567385e-001,0.9767702821565224,1321.528,2021_yk_008,Yukon,2021
1262,661.288,7.0980281749116236e-001,0.9789533116372642,1322.576,2021_yk_008,Yukon,2021
1263,661.812,7.0947796595567225e-001,0.9822075657755107,1323.624,2021_yk_008,Yukon,2021
1264,662.336,7.0802869117797262e-001,0.9757536827751336,1324.672,2021_yk_008,Yukon,2021
1265,662.86,7.0913140427645316e-001,0.978647112232838,1325.72,2021_yk_008,Yukon,2021
1266,663.384,7.0879500395103334e-001,0.9958454279659584,1326.768,2021_yk_008,Yukon,2021
1267,663.908,7.0948493449192640e-001,0.9933074340997571,1327.816,2021_yk_008,Yukon,2021
1268,664.432,7.1079424142014269e-001,0.9843783980223492,1328.864,2021_yk_008,Yukon,2021
1269,664.956,7.0872622669238938e-001,0.9723176806370873,1329.912,2021_yk_008,Yukon,2021
1270,665.48,7.0986273009340806e-001,0.9735686846702089,1330.96,2021_yk_008,Yukon,2021
1271,666.004,7.1017959513509055e-001,0.9797088265611871,1332.008,2021_yk_008,Yukon,2021
1272,666.528,7.0761296588836609e-001,0.968091629720196,1333.056,2021_yk_008,Yukon,2021
1273,667.052,7.0949162642911490e-001,0.9900658369513241,1334.104,2021_yk_008,Yukon,2021
1274,667.576,7.0986620521781263e-001,0.9839145279013268,1335.152,2021_yk_008,Yukon,2021
1275,668.1,7.1049503387440838e-001,1.0000471491040182,1336.2,2021_yk_008,Yukon,2021
1276,668.624,7.0933026782232778e-001,0.9730226737955653,1337.248,2021_yk_008,Yukon,2021
1277,669.148,7.1023301786071180e-001,0.9667908424063065,1338.296,2021_yk_008,Yukon,2021
1278,669.672,7.0957368801745035e-001,0.9633299950003287,1339.344,2021_yk_008,Yukon,2021
1279,670.196,7.0885707463861714e-001,0.9546542719424252,1340.392,2021_yk_008,Yukon,2021
1280,670.72,7.0926175754143872e-001,0.9582541673766506,1341.44,2021_yk_008,Yukon,2021
1281,671.244,7.0994465796175332e-001,0.9389158317638064,1342.488,2021_yk_008,Yukon,2021
1282,671.768,7.0971327441057985e-001,0.9692432406045404,1343.536,2021_yk_008,Yukon,2021
1283,672.292,7.0869343312868482e-001,0.9477930058640014,1344.584,2021_yk_008,Yukon,2021
1284,672.816,7.0867934230433005e-001,0.9517753506473653,1345.632,2021_yk_008,Yukon,2021
1285,673.34,7.1106279959003915e-001,0.9565294627326648,1346.68,2021_yk_008,Yukon,2021
1286,673.864,7.0796910157656201e-001,0.9407611022765235,1347.728,2021_yk_008,Yukon,2021
1287,674.388,7.0930011662375969e-001,0.953266669491372,1348.776,2021_yk_008,Yukon,2021
1288,674.912,7.1020199246966631e-001,0.9486621969952233,1349.824,2021_yk_008,Yukon,2021
1289,675.436,7.0829494981411834e-001,0.9553818261592557,1350.872,2021_yk_008,Yukon,2021
1290,675.96,7.0872612741355256e-001,0.9581650295394797,1351.92,2021_yk_008,Yukon,2021
1291,676.484,7.0970766397847795e-001,0.9590025763424755,1352.968,2021_yk_008,Yukon,2021
1292,677.008,7.0801544642365799e-001,0.9454346297227096,1354.016,2021_yk_008,Yukon,2021
1293,677.532,7.1034981268262998e-001,0.9498527455333906,1355.064,2021_yk_008,Yukon,2021
1294,678.056,7.0881208642240134e-001,0.950661791244054,1356.112,2021_yk_008,Yukon,2021
1295,678.58,7.0936041181046017e-001,0.9419294633884637,1357.16,2021_yk_008,Yukon,2021
1296,679.104,7.0983377174830653e-001,0.94573680436902,1358.208,2021_yk_008,Yukon,2021
1297,679.628,7.0833163019485512e-001,0.9493648541214708,1359.256,2021_yk_008,Yukon,2021
1298,680.152,7.1013281718424026e-001,0.9450416160130876,1360.304,2021_yk_008,Yukon,2021
1299,680.676,7.1020223672043559e-001,0.9407223590994883,1361.352,2021_yk_008,Yukon,2021
1300,681.2,7.0992442586402904e-001,0.9379379480696177,1362.4,2021_yk_008,Yukon,2021
1301,681.724,7.0861325355440219e-001,0.9253181956763555,1363.448,2021_yk_008,Yukon,2021
1302,682.248,7.0786315574823422e-001,0.9401451722289099,1364.496,2021_yk_008,Yukon,2021
1303,682.772,7.1061193097408515e-001,0.949057772267632,1365.544,2021_yk_008,Yukon,2021
1304,683.296,7.0900784651474313e-001,0.9367949550877911,1366.592,2021_yk_008,Yukon,2021
1305,683.82,7.0975490357551752e-001,0.9493063740656897,1367.64,2021_yk_008,Yukon,2021
1306,684.344,7.0980136736602606e-001,0.9352158310856509,1368.688,2021_yk_008,Yukon,2021
1307,684.868,7.0962552352037223e-001,0.927293514602339,1369.736,2021_yk_008,Yukon,2021
1308,685.392,7.1044568878637471e-001,0.9422141874136938,1370.784,2021_yk_008,Yukon,2021
1309,685.916,7.0858918941119564e-001,0.9582331107082231,1371.832,2021_yk_008,Yukon,2021
1310,686.44,7.0964465421190925e-001,0.9525413246304947,1372.88,2021_yk_008,Yukon,2021
1311,686.964,7.0780346833217611e-001,0.9593663869860928,1373.928,2021_yk_008,Yukon,2021
1312,687.488,7.0941205488467085e-001,0.9564943642851811,1374.976,2021_yk_008,Yukon,2021
1313,688.0120000000001,7.0993576584228668e-001,0.9684972811098401,1376.0240000000001,2021_yk_008,Yukon,2021
1314,688.5360000000001,7.0907191142635317e-001,0.9803903931930006,1377.0720000000001,2021_yk_008,Yukon,2021
1315,689.0600000000001,7.0869853612524103e-001,0.9753884095793989,1378.1200000000001,2021_yk_008,Yukon,2021
1316,689.5840000000001,7.0868496034464601e-001,0.9866769442285176,1379.1680000000001,2021_yk_008,Yukon,2021
1317,690.1080000000001,7.0866325178671363e-001,0.9979080393128816,1380.2160000000001,2021_yk_008,Yukon,2021
1318,690.6320000000001,7.0917597541397381e-001,0.9918172584831013,1381.2640000000001,2021_yk_008,Yukon,2021
1319,691.1560000000001,7.0864160951899713e-001,0.9914594915374724,1382.3120000000001,2021_yk_008,Yukon,2021
1320,691.6800000000001,7.0903510344952347e-001,0.9916111856033952,1383.3600000000001,2021_yk_008,Yukon,2021
1321,692.2040000000001,7.0996789853317155e-001,0.993368889274315,1384.4080000000001,2021_yk_008,Yukon,2021
1322,692.7280000000001,7.0851025483662322e-001,1.0085025585244394,1385.4560000000001,2021_yk_008,Yukon,2021
1323,693.2520000000001,7.0931352487743426e-001,1.0284789968099697,1386.5040000000001,2021_yk_008,Yukon,2021
1324,693.7760000000001,7.0845826328061123e-001,1.0061933393108833,1387.5520000000001,2021_yk_008,Yukon,2021
1325,694.3000000000001,7.0899607182933333e-001,1.0242112661346163,1388.6000000000001,2021_yk_008,Yukon,2021
1326,694.8240000000001,7.0867113852890951e-001,1.0163863166407343,1389.6480000000001,2021_yk_008,Yukon,2021
1327,695.3480000000001,7.0923940409035779e-001,1.0375488522654803,1390.6960000000001,2021_yk_008,Yukon,2021
1328,695.8720000000001,7.0937464798179217e-001,1.01852012502641,1391.7440000000001,2021_yk_008,Yukon,2021
1329,696.3960000000001,7.0978942605143092e-001,1.0022344869625963,1392.7920000000001,2021_yk_008,Yukon,2021
1330,696.9200000000001,7.1055235150022955e-001,1.0090192768106436,1393.8400000000001,2021_yk_008,Yukon,2021
1331,697.4440000000001,7.1030349699832396e-001,1.0038397616275403,1394.8880000000001,2021_yk_008,Yukon,2021
1332,697.9680000000001,7.1011657661151417e-001,1.013343327791594,1395.9360000000001,2021_yk_008,Yukon,2021
1333,698.4920000000001,7.0956016624538598e-001,1.0174202407299644,1396.9840000000002,2021_yk_008,Yukon,2021
1334,699.0160000000001,7.0996228400658723e-001,1.0162835719156145,1398.0320000000002,2021_yk_008,Yukon,2021
1335,699.5400000000001,7.0888784030805208e-001,1.0188933139732483,1399.0800000000002,2021_yk_008,Yukon,2021
1336,700.0640000000001,7.0920686093435803e-001,1.0190064944376984,1400.1280000000002,2021_yk_008,Yukon,2021
1337,700.5880000000001,7.0989011622091835e-001,1.023407394847644,1401.1760000000002,2021_yk_008,Yukon,2021
1338,701.1120000000001,7.0803283930581273e-001,1.0248464123966057,1402.2240000000002,2021_yk_008,Yukon,2021
1339,701.6360000000001,7.0672261154428284e-001,1.033971757589364,1403.2720000000002,2021_yk_008,Yukon,2021
1340,702.1600000000001,7.0847994703170647e-001,1.0261876489310031,1404.3200000000002,2021_yk_008,Yukon,2021
1341,702.6840000000001,7.0965069922711166e-001,1.0227585100118233,1405.3680000000002,2021_yk_008,Yukon,2021
1342,703.2080000000001,7.0919079856568112e-001,1.0207461032478953,1406.4160000000002,2021_yk_008,Yukon,2021
1343,703.7320000000001,7.1059836291024725e-001,1.018313992252128,1407.4640000000002,2021_yk_008,Yukon,2021
1344,704.2560000000001,7.0997906153069290e-001,1.0355281957723228,1408.5120000000002,2021_yk_008,Yukon,2021
1345,704.7800000000001,7.1002365614487106e-001,1.0186451347352563,1409.5600000000002,2021_yk_008,Yukon,2021
1346,705.304,7.0987622145335005e-001,1.0180211530600878,1410.608,2021_yk_008,Yukon,2021
1347,705.828,7.0926108614953087e-001,1.0372139224504202,1411.656,2021_yk_008,Yukon,2021
1348,706.352,7.0797729987382552e-001,1.0476182634790443,1412.704,2021_yk_008,Yukon,2021
1349,706.876,7.0905140661901156e-001,1.02884971888819,1413.752,2021_yk_008,Yukon,2021
1350,707.4,7.0979028893761387e-001,1.0160866939888633,1414.8,2021_yk_008,Yukon,2021
1351,707.924,7.1041992151973632e-001,1.0195445762910147,1415.848,2021_yk_008,Yukon,2021
1352,708.448,7.0959552957381078e-001,1.0279426717931135,1416.896,2021_yk_008,Yukon,2021
1353,708.972,7.0883850091312484e-001,1.0396943608467413,1417.944,2021_yk_008,Yukon,2021
1354,709.496,7.0865388326944445e-001,1.0548140555282304,1418.992,2021_yk_008,Yukon,2021
1355,710.02,7.0923745841473906e-001,1.038998810878111,1420.04,2021_yk_008,Yukon,2021
1356,710.544,7.0997869401184099e-001,1.0614646777850254,1421.088,2021_yk_008,Yukon,2021
1357,711.068,7.0963976667823270e-001,1.0565661034490048,1422.136,2021_yk_008,Yukon,2021
1358,711.592,7.1026860157247873e-001,1.055424496231628,1423.184,2021_yk_008,Yukon,2021
1359,712.116,7.0980663821744028e-001,1.0424813089389109,1424.232,2021_yk_008,Yukon,2021
1360,712.64,7.0827418754583571e-001,1.0543245741221112,1425.28,2021_yk_008,Yukon,2021
1361,713.164,7.0997707505112539e-001,1.0319265370874031,1426.328,2021_yk_008,Yukon,2021
1362,713.688,7.1050728771873484e-001,1.0328575248720104,1427.376,2021_yk_008,Yukon,2021
1363,714.212,7.0983884304995404e-001,1.0403266938107851,1428.424,2021_yk_008,Yukon,2021
1364,714.736,7.0932898222700291e-001,1.0385440622338484,1429.472,2021_yk_008,Yukon,2021
1365,715.26,7.0929653583537189e-001,1.0590505021132903,1430.52,2021_yk_008,Yukon,2021
1366,715.784,7.0892654087324281e-001,1.0202886069590058,1431.568,2021_yk_008,Yukon,2021
1367,716.308,7.0869758111151704e-001,1.036845685350862,1432.616,2021_yk_008,Yukon,2021
1368,716.832,7.1011639529461068e-001,1.0364894354455267,1433.664,2021_yk_008,Yukon,2021
1369,717.356,7.0994210399843161e-001,1.0604350233600115,1434.712,2021_yk_008,Yukon,2021
1370,717.88,7.0953663057526040e-001,1.0194517774689926,1435.76,2021_yk_008,Yukon,2021
1371,718.404,7.0999229476649572e-001,1.0272879811270352,1436.808,2021_yk_008,Yukon,2021
1372,718.928,7.0979695488761863e-001,1.0256381168920166,1437.856,2021_yk_008,Yukon,2021
1373,719.452,7.0818929744539016e-001,1.0053094667785047,1438.904,2021_yk_008,Yukon,2021
1374,719.976,7.0889602827219256e-001,1.0192995138136345,1439.952,2021_yk_008,Yukon,2021
1375,720.5,7.0913031643397983e-001,1.017120411894626,1441,2021_yk_008,Yukon,2021
1376,721.024,7.0951775932144256e-001,1.0243254219265263,1442.048,2021_yk_008,Yukon,2021
1377,721.548,7.0811906198626762e-001,1.0372326793340811,1443.096,2021_yk_008,Yukon,2021
1378,722.072,7.0912273933729686e-001,1.0402682135883867,1444.144,2021_yk_008,Yukon,2021
1379,722.596,7.1048585392484831e-001,1.0396741536446148,1445.192,2021_yk_008,Yukon,2021
1380,723.12,7.1020264265321154e-001,1.0182605815864278,1446.24,2021_yk_008,Yukon,2021
1381,723.644,7.1009325175225169e-001,1.0079467585576805,1447.288,2021_yk_008,Yukon,2021
1382,724.168,7.0901333430595737e-001,0.9981262025731336,1448.336,2021_yk_008,Yukon,2021
1383,724.692,7.0921633737371637e-001,1.0153230517835468,1449.384,2021_yk_008,Yukon,2021
1384,725.216,7.0932410830715042e-001,1.0385404565256269,1450.432,2021_yk_008,Yukon,2021
1385,725.74,7.0984141664120382e-001,1.0466647844255224,1451.48,2021_yk_008,Yukon,2021
1386,726.264,7.0881252903440506e-001,1.0369023036381428,1452.528,2021_yk_008,Yukon,2021
1387,726.788,7.0892934795851137e-001,1.0040065551049204,1453.576,2021_yk_008,Yukon,2021
1388,727.312,7.0855587017467792e-001,1.0312482782304024,1454.624,2021_yk_008,Yukon,2021
1389,727.836,7.0906723852025055e-001,1.0291601023703725,1455.672,2021_yk_008,Yukon,2021
1390,728.36,7.1058031762410268e-001,1.0204147989391683,1456.72,2021_yk_008,Yukon,2021
1391,728.884,7.0973640673547134e-001,1.0180555596042096,1457.768,2021_yk_008,Yukon,2021
1392,729.408,7.0789013106237386e-001,1.014898457183789,1458.816,2021_yk_008,Yukon,2021
1393,729.932,7.0901104859258413e-001,1.0209867390066327,1459.864,2021_yk_008,Yukon,2021
1394,730.456,7.0881163606054132e-001,1.016909815212666,1460.912,2021_yk_008,Yukon,2021
1395,730.98,7.0928335265184028e-001,1.0152325426165834,1461.96,2021_yk_008,Yukon,2021
1396,731.504,7.0933135569909789e-001,1.0306487136422902,1463.008,2021_yk_008,Yukon,2021
1397,732.028,7.0899090754917726e-001,1.0126562752853705,1464.056,2021_yk_008,Yukon,2021
1398,732.552,7.0929846556110698e-001,1.002247675544805,1465.104,2021_yk_008,Yukon,2021
1399,733.076,7.1038686254842598e-001,1.0127585442823763,1466.152,2021_yk_008,Yukon,2021
1400,733.6,7.1018792417528998e-001,1.012169699060355,1467.2,2021_yk_008,Yukon,2021
1401,734.124,7.0924749191605996e-001,0.9927072248366972,1468.248,2021_yk_008,Yukon,2021
1402,734.648,7.1005603413195717e-001,1.0033231144779653,1469.296,2021_yk_008,Yukon,2021
1403,735.172,7.0908669680815861e-001,1.0147126478143595,1470.344,2021_yk_008,Yukon,2021
1404,735.696,7.0862496479515091e-001,1.0009240507356465,1471.392,2021_yk_008,Yukon,2021
1405,736.22,7.0825645957378447e-001,0.994687055104033,1472.44,2021_yk_008,Yukon,2021
1406,736.744,7.0965018336600738e-001,0.9995272324373617,1473.488,2021_yk_008,Yukon,2021
1407,737.268,7.1033054180455979e-001,0.9945245759390599,1474.536,2021_yk_008,Yukon,2021
1408,737.792,7.0844853458138313e-001,0.9949434313064692,1475.584,2021_yk_008,Yukon,2021
1409,738.316,7.1036818576764249e-001,1.0024437357515783,1476.632,2021_yk_008,Yukon,2021
1410,738.84,7.0974433249821689e-001,0.9931024834167403,1477.68,2021_yk_008,Yukon,2021
1411,739.364,7.0805913700720968e-001,0.9854078406859261,1478.728,2021_yk_008,Yukon,2021
1412,739.888,7.0864177619130897e-001,0.9890351940417221,1479.776,2021_yk_008,Yukon,2021
1413,740.412,7.0807299366608378e-001,1.002497211177793,1480.824,2021_yk_008,Yukon,2021
1414,740.936,7.0872699251725546e-001,1.011298474801792,1481.872,2021_yk_008,Yukon,2021
1415,741.46,7.0889555455575248e-001,1.0013468419819886,1482.92,2021_yk_008,Yukon,2021
1416,741.984,7.0851078111478460e-001,1.001706326382239,1483.968,2021_yk_008,Yukon,2021
1417,742.508,7.1024167641951985e-001,1.0170913993746684,1485.016,2021_yk_008,Yukon,2021
1418,743.032,7.0963149839315398e-001,1.0106380753457722,1486.064,2021_yk_008,Yukon,2021
1419,743.556,7.0878272206882353e-001,1.0017775922264032,1487.112,2021_yk_008,Yukon,2021
1420,744.08,7.1031896888001023e-001,1.012483578080052,1488.16,2021_yk_008,Yukon,2021
1421,744.604,7.0986403315296875e-001,0.9889692288044114,1489.208,2021_yk_008,Yukon,2021
1422,745.128,7.0904958279034636e-001,1.0245081609936986,1490.256,2021_yk_008,Yukon,2021
1423,745.652,7.0914971469438814e-001,1.009932450256816,1491.304,2021_yk_008,Yukon,2021
1424,746.176,7.0913036047938971e-001,0.9943507392743155,1492.352,2021_yk_008,Yukon,2021
1425,746.7,7.0914782027263490e-001,1.001219671469222,1493.4,2021_yk_008,Yukon,2021
1426,747.224,7.0890133392804999e-001,1.0013550354111316,1494.448,2021_yk_008,Yukon,2021
1427,747.748,7.0944385662122544e-001,1.008769287186212,1495.496,2021_yk_008,Yukon,2021
1428,748.272,7.1054369721815547e-001,0.9890550551156764,1496.544,2021_yk_008,Yukon,2021
1429,748.796,7.0944665099064963e-001,1.00403649436368,1497.592,2021_yk_008,Yukon,2021
1430,749.32,7.0913045285645526e-001,1.003520482386756,1498.64,2021_yk_008,Yukon,2021
1431,749.844,7.0821995883731970e-001,1.0196567307702171,1499.688,2021_yk_008,Yukon,2021
1432,750.368,7.0992967152547803e-001,0.9994020099846349,1500.736,2021_yk_008,Yukon,2021
1433,750.892,7.0907987772070458e-001,0.9846449860897672,1501.784,2021_yk_008,Yukon,2021
1434,751.416,7.0857655713465473e-001,0.988956816317633,1502.832,2021_yk_008,Yukon,2021
1435,751.94,7.0932089965830569e-001,1.0078300560446605,1503.88,2021_yk_008,Yukon,2021
1436,752.464,7.0995709484952585e-001,1.020279644862931,1504.928,2021_yk_008,Yukon,2021
1437,752.988,7.1034336958207189e-001,1.0137687354923384,1505.976,2021_yk_008,Yukon,2021
1438,753.5120000000001,7.0983467588625682e-001,1.0164729570253526,1507.0240000000001,2021_yk_008,Yukon,2021
1439,754.0360000000001,7.0943657080474742e-001,1.0158744526854055,1508.0720000000001,2021_yk_008,Yukon,2021
1440,754.5600000000001,7.1087438720757734e-001,1.0006292005770334,1509.1200000000001,2021_yk_008,Yukon,2021
1441,755.0840000000001,7.1054218775577938e-001,0.9949004025426451,1510.1680000000001,2021_yk_008,Yukon,2021
1442,755.6080000000001,7.1068426205652824e-001,0.9936349874327114,1511.2160000000001,2021_yk_008,Yukon,2021
1443,756.1320000000001,7.0941892148448815e-001,0.9821757116809798,1512.2640000000001,2021_yk_008,Yukon,2021
1444,756.6560000000001,7.0856250024219658e-001,1.0093428967227345,1513.3120000000001,2021_yk_008,Yukon,2021
1445,757.1800000000001,7.0858148928031850e-001,0.9954648536252755,1514.3600000000001,2021_yk_008,Yukon,2021
1446,757.7040000000001,7.1006249736298144e-001,0.9958646184509121,1515.4080000000001,2021_yk_008,Yukon,2021
1447,758.2280000000001,7.0976201992075250e-001,0.9762911583316157,1516.4560000000001,2021_yk_008,Yukon,2021
1448,758.7520000000001,7.0879070658073440e-001,0.9885997356521675,1517.5040000000001,2021_yk_008,Yukon,2021
1449,759.2760000000001,7.0864424622982025e-001,0.9849102054472427,1518.5520000000001,2021_yk_008,Yukon,2021
1450,759.8000000000001,7.0915879757232747e-001,1.008263721335013,1519.6000000000001,2021_yk_008,Yukon,2021
1451,760.3240000000001,7.0991830902036779e-001,1.0033801066053396,1520.6480000000001,2021_yk_008,Yukon,2021
1452,760.8480000000001,7.0932848727395192e-001,1.0123434326375704,1521.6960000000001,2021_yk_008,Yukon,2021
1453,761.3720000000001,7.0810308064400296e-001,1.0119505946503802,1522.7440000000001,2021_yk_008,Yukon,2021
1454,761.8960000000001,7.0877136323733669e-001,1.0040888895078297,1523.7920000000001,2021_yk_008,Yukon,2021
1455,762.4200000000001,7.0880290345639940e-001,1.0226534377778531,1524.8400000000001,2021_yk_008,Yukon,2021
1456,762.9440000000001,7.0879034591302958e-001,1.015462224739096,1525.8880000000001,2021_yk_008,Yukon,2021
1457,763.4680000000001,7.0879519695903004e-001,1.0048440109783772,1526.9360000000001,2021_yk_008,Yukon,2021
1458,763.9920000000001,7.0903790911199760e-001,1.00404611782406,1527.9840000000002,2021_yk_008,Yukon,2021
1459,764.5160000000001,7.0934235134015322e-001,1.0151123491492458,1529.0320000000002,2021_yk_008,Yukon,2021
1460,765.0400000000001,7.0908553734579982e-001,1.0093761199392708,1530.0800000000002,2021_yk_008,Yukon,2021
1461,765.5640000000001,7.0924064000535880e-001,1.0024572826787317,1531.1280000000002,2021_yk_008,Yukon,2021
1462,766.0880000000001,7.0842975669812858e-001,1.0207037897601867,1532.1760000000002,2021_yk_008,Yukon,2021
1463,766.6120000000001,7.0954369771068770e-001,0.994436766339157,1533.2240000000002,2021_yk_008,Yukon,2021
1464,767.1360000000001,7.0987499245863883e-001,0.9923220107147844,1534.2720000000002,2021_yk_008,Yukon,2021
1465,767.6600000000001,7.0975527654951154e-001,0.9825438451011481,1535.3200000000002,2021_yk_008,Yukon,2021
1466,768.1840000000001,7.0941761366142897e-001,1.0063828849581389,1536.3680000000002,2021_yk_008,Yukon,2021
1467,768.7080000000001,7.0917709212345004e-001,1.0160186876088544,1537.4160000000002,2021_yk_008,Yukon,2021
1468,769.2320000000001,7.0793490667047942e-001,0.9901087810994349,1538.4640000000002,2021_yk_008,Yukon,2021
1469,769.7560000000001,7.1034150335395385e-001,0.9987648602617741,1539.5120000000002,2021_yk_008,Yukon,2021
1470,770.2800000000001,7.0796296014363969e-001,0.9959317870915867,1540.5600000000002,2021_yk_008,Yukon,2021
1471,770.8040000000001,7.0963435434849687e-001,0.9905816034861616,1541.6080000000002,2021_yk_008,Yukon,2021
1472,771.3280000000001,7.0855502613016552e-001,0.9835141719991595,1542.6560000000002,2021_yk_008,Yukon,2021
1473,771.852,7.0893308006143030e-001,0.9910403704199792,1543.704,2021_yk_008,Yukon,2021
1474,772.376,7.0871767390801421e-001,0.9843206966729949,1544.752,2021_yk_008,Yukon,2021
1475,772.9,7.0717989464911080e-001,0.988575271492195,1545.8,2021_yk_008,Yukon,2021
1476,773.424,7.1019391246297159e-001,0.9773455862416197,1546.848,2021_yk_008,Yukon,2021
1477,773.948,7.0931120472190312e-001,0.9899203329270216,1547.896,2021_yk_008,Yukon,2021
1478,774.472,7.0952128263522596e-001,0.9960391210355678,1548.944,2021_yk_008,Yukon,2021
1479,774.996,7.0931958859337640e-001,0.995289484583283,1549.992,2021_yk_008,Yukon,2021
1480,775.52,7.0948956859383105e-001,0.9864720281994902,1551.04,2021_yk_008,Yukon,2021
1481,776.044,7.1084724195281190e-001,1.003641629434942,1552.088,2021_yk_008,Yukon,2021
1482,776.568,7.0794364434330970e-001,1.0022861726121202,1553.136,2021_yk_008,Yukon,2021
1483,777.092,7.0887297643209191e-001,0.9970517096643248,1554.184,2021_yk_008,Yukon,2021
1484,777.616,7.0942164559785725e-001,0.9946834995718683,1555.232,2021_yk_008,Yukon,2021
1485,778.14,7.0872394176309372e-001,0.9824974694274728,1556.28,2021_yk_008,Yukon,2021
1486,778.664,7.1003432735904914e-001,0.9776465708390496,1557.328,2021_yk_008,Yukon,2021
1487,779.188,7.0949159233093406e-001,0.9811284464089707,1558.376,2021_yk_008,Yukon,2021
1488,779.712,7.0713627825113889e-001,0.9779568043243315,1559.424,2021_yk_008,Yukon,2021
1489,780.236,7.0930724175521642e-001,0.9890061122328225,1560.472,2021_yk_008,Yukon,2021
1490,780.76,7.0945603578727467e-001,0.9719051514560949,1561.52,2021_yk_008,Yukon,2021
1491,781.284,7.0865545799194052e-001,0.9502816933607643,1562.568,2021_yk_008,Yukon,2021
1492,781.808,7.0919514504712444e-001,0.957430726302212,1563.616,2021_yk_008,Yukon,2021
1493,782.332,7.0909969440111409e-001,0.9648406312830657,1564.664,2021_yk_008,Yukon,2021
1494,782.856,7.0877487882017687e-001,0.9656839793715282,1565.712,2021_yk_008,Yukon,2021
1495,783.38,7.0908334686779040e-001,0.9637971313313303,1566.76,2021_yk_008,Yukon,2021
1496,783.904,7.0865903900672711e-001,0.973388422390019,1567.808,2021_yk_008,Yukon,2021
1497,784.428,7.0857487724403712e-001,0.9662769014439749,1568.856,2021_yk_008,Yukon,2021
1498,784.952,7.1010445838937519e-001,0.9685381696128997,1569.904,2021_yk_008,Yukon,2021
1499,785.476,7.1037054704140656e-001,0.9918240096284271,1570.952,2021_yk_008,Yukon,2021
1500,786,7.0841106913108487e-001,0.9679411687534826,1572,2021_yk_008,Yukon,2021
1501,786.524,7.0844949953675540e-001,0.9710994807616444,1573.048,2021_yk_008,Yukon,2021
1502,787.048,7.0960255911164616e-001,0.9555806951096765,1574.096,2021_yk_008,Yukon,2021
1503,787.572,7.0845553948424411e-001,0.9710211946424835,1575.144,2021_yk_008,Yukon,2021
1504,788.096,7.0725322125683676e-001,0.9966871981874567,1576.192,2021_yk_008,Yukon,2021
1505,788.62,7.0895763840806947e-001,0.982537826802216,1577.24,2021_yk_008,Yukon,2021
1506,789.144,7.0970940100510849e-001,0.9777854258699127,1578.288,2021_yk_008,Yukon,2021
1507,789.668,7.0983545859948594e-001,1.0044860116637884,1579.336,2021_yk_008,Yukon,2021
1508,790.192,7.0949550308654330e-001,0.9741868933614876,1580.384,2021_yk_008,Yukon,2021
1509,790.716,7.0852445778897799e-001,0.9687655444122025,1581.432,2021_yk_008,Yukon,2021
1510,791.24,7.0844692597711123e-001,0.9873886971238978,1582.48,2021_yk_008,Yukon,2021
1511,791.764,7.1004275048242371e-001,0.9790788504396079,1583.528,2021_yk_008,Yukon,2021
1512,792.288,7.0955537163105620e-001,0.9782854823185275,1584.576,2021_yk_008,Yukon,2021
1513,792.812,7.0947124377140747e-001,0.9769376588509142,1585.624,2021_yk_008,Yukon,2021
1514,793.336,7.0964197962832987e-001,0.9935092154962812,1586.672,2021_yk_008,Yukon,2021
1515,793.86,7.1037381278856304e-001,0.9938481844343293,1587.72,2021_yk_008,Yukon,2021
1516,794.384,7.0783064729809131e-001,0.9672591771184608,1588.768,2021_yk_008,Yukon,2021
1517,794.908,7.0937792180063630e-001,0.9703961121776686,1589.816,2021_yk_008,Yukon,2021
1518,795.432,7.0938505064868351e-001,0.9676233835042763,1590.864,2021_yk_008,Yukon,2021
1519,795.956,7.0985622685324845e-001,0.9735027153023821,1591.912,2021_yk_008,Yukon,2021
1520,796.48,7.0824232334009363e-001,0.9835092125138007,1592.96,2021_yk_008,Yukon,2021
1521,797.004,7.0932381484675555e-001,0.983869881104584,1594.008,2021_yk_008,Yukon,2021
1522,797.528,7.1070113757892472e-001,0.9852417076300297,1595.056,2021_yk_008,Yukon,2021
1523,798.052,7.0907859943856344e-001,0.9969329224903626,1596.104,2021_yk_008,Yukon,2021
1524,798.576,7.0936807600659502e-001,0.9969425246952179,1597.152,2021_yk_008,Yukon,2021
1525,799.1,7.1013059666771394e-001,0.9971708619827929,1598.2,2021_yk_008,Yukon,2021
1526,799.624,7.0880662200076683e-001,0.9949075146494043,1599.248,2021_yk_008,Yukon,2021
1527,800.148,7.0961520209878437e-001,0.9851315528731014,1600.296,2021_yk_008,Yukon,2021
1528,800.672,7.0897733655990791e-001,0.9822341113760508,1601.344,2021_yk_008,Yukon,2021
1529,801.196,7.0825951882972227e-001,1.0007303262043197,1602.392,2021_yk_008,Yukon,2021
1530,801.72,7.0914559181303127e-001,1.0145404299493557,1603.44,2021_yk_008,Yukon,2021
1531,802.244,7.0966276280925833e-001,1.0039862395204564,1604.488,2021_yk_008,Yukon,2021
1532,802.768,7.0897924732028328e-001,1.011968822345268,1605.536,2021_yk_008,Yukon,2021
1533,803.292,7.0997842777350739e-001,1.01167934982894,1606.584,2021_yk_008,Yukon,2021
1534,803.816,7.0923831091381251e-001,1.0250022777680214,1607.632,2021_yk_008,Yukon,2021
1535,804.34,7.0889605143370649e-001,0.995874213785927,1608.68,2021_yk_008,Yukon,2021
1536,804.864,7.1086039708592996e-001,1.0058435817034923,1609.728,2021_yk_008,Yukon,2021
1537,805.388,7.0832828349957710e-001,1.0028876397177773,1610.776,2021_yk_008,Yukon,2021
1538,805.912,7.0903055429220707e-001,1.015144542884936,1611.824,2021_yk_008,Yukon,2021
1539,806.436,7.0850899388400601e-001,0.9969695534552857,1612.872,2021_yk_008,Yukon,2021
1540,806.96,7.0921375635595019e-001,0.9958553785569827,1613.92,2021_yk_008,Yukon,2021
1541,807.484,7.0905979931968555e-001,1.008396165957091,1614.968,2021_yk_008,Yukon,2021
1542,808.008,7.0885009344381855e-001,1.001183695219855,1616.016,2021_yk_008,Yukon,2021
1543,808.532,7.0879657375082861e-001,0.9972853994431625,1617.064,2021_yk_008,Yukon,2021
1544,809.056,7.0931801019659879e-001,1.0093896952288808,1618.112,2021_yk_008,Yukon,2021
1545,809.58,7.0894667300104852e-001,1.0039299275877485,1619.16,2021_yk_008,Yukon,2021
1546,810.104,7.0901424932535195e-001,1.0152439901150918,1620.208,2021_yk_008,Yukon,2021
1547,810.628,7.0904015058874703e-001,1.0293273690716356,1621.256,2021_yk_008,Yukon,2021
1548,811.152,7.1054807005476872e-001,1.0273030695893903,1622.304,2021_yk_008,Yukon,2021
1549,811.676,7.0916994738186445e-001,1.0382011978074634,1623.352,2021_yk_008,Yukon,2021
1550,812.2,7.0799787951407200e-001,1.027710155794728,1624.4,2021_yk_008,Yukon,2021
1551,812.724,7.0896234905061761e-001,1.0217099536851462,1625.448,2021_yk_008,Yukon,2021
1552,813.248,7.0946344392530547e-001,1.0192787354982509,1626.496,2021_yk_008,Yukon,2021
1553,813.772,7.0974633518638564e-001,1.0116257499357777,1627.544,2021_yk_008,Yukon,2021
1554,814.296,7.0908135587607424e-001,1.0104282119205967,1628.592,2021_yk_008,Yukon,2021
1555,814.82,7.0845693347555816e-001,1.0020184959230036,1629.64,2021_yk_008,Yukon,2021
1556,815.344,7.0910179810798124e-001,1.010129377048949,1630.688,2021_yk_008,Yukon,2021
1557,815.868,7.0972262373000305e-001,1.0018064558596351,1631.736,2021_yk_008,Yukon,2021
1558,816.392,7.0785273891700473e-001,1.009093567477487,1632.784,2021_yk_008,Yukon,2021
1559,816.916,7.0898825995118364e-001,1.0121900741794747,1633.832,2021_yk_008,Yukon,2021
1560,817.44,7.0843327908403586e-001,1.0079949411451483,1634.88,2021_yk_008,Yukon,2021
1561,817.964,7.0962511505818893e-001,1.007053805090726,1635.928,2021_yk_008,Yukon,2021
1562,818.488,7.0879876487169091e-001,1.0030017568000242,1636.976,2021_yk_008,Yukon,2021
1563,819.0120000000001,7.0905854519704059e-001,1.0060298709959283,1638.0240000000001,2021_yk_008,Yukon,2021
1564,819.5360000000001,7.0832428641334100e-001,0.9899845658780326,1639.0720000000001,2021_yk_008,Yukon,2021
1565,820.0600000000001,7.1086931588188274e-001,1.0026729805476524,1640.1200000000001,2021_yk_008,Yukon,2021
1566,820.5840000000001,7.0798586454758916e-001,1.012499667042306,1641.1680000000001,2021_yk_008,Yukon,2021
1567,821.1080000000001,7.0890673261740123e-001,1.0107685844477563,1642.2160000000001,2021_yk_008,Yukon,2021
1568,821.6320000000001,7.0851626515314170e-001,1.0072923426405267,1643.2640000000001,2021_yk_008,Yukon,2021
1569,822.1560000000001,7.0871513060297220e-001,1.0026776157192736,1644.3120000000001,2021_yk_008,Yukon,2021
1570,822.6800000000001,7.0935899379410694e-001,1.0063139889439727,1645.3600000000001,2021_yk_008,Yukon,2021
1571,823.2040000000001,7.0948391961217139e-001,1.0127471012511506,1646.4080000000001,2021_yk_008,Yukon,2021
1572,823.7280000000001,7.0847964280947540e-001,1.0162581553149312,1647.4560000000001,2021_yk_008,Yukon,2021
1573,824.2520000000001,7.0803651795346656e-001,1.0077005161931871,1648.5040000000001,2021_yk_008,Yukon,2021
1574,824.7760000000001,7.0794603163914160e-001,1.0017629824515817,1649.5520000000001,2021_yk_008,Yukon,2021
1575,825.3000000000001,7.1074459606415286e-001,0.99470269954623,1650.6000000000001,2021_yk_008,Yukon,2021
1576,825.8240000000001,7.1010403626725715e-001,1.0125958468808205,1651.6480000000001,2021_yk_008,Yukon,2021
1577,826.3480000000001,7.0783907267713908e-001,1.0117615400511175,1652.6960000000001,2021_yk_008,Yukon,2021
1578,826.8720000000001,7.0904273834534326e-001,1.019031925397488,1653.7440000000001,2021_yk_008,Yukon,2021
1579,827.3960000000001,7.0834847016244429e-001,0.99753335689978,1654.7920000000001,2021_yk_008,Yukon,2021
1580,827.9200000000001,7.0756108108169358e-001,1.0010458536438678,1655.8400000000001,2021_yk_008,Yukon,2021
1581,828.4440000000001,7.0916198849159939e-001,0.995975857048451,1656.8880000000001,2021_yk_008,Yukon,2021
1582,828.9680000000001,7.0909514619946368e-001,1.0040454049730203,1657.9360000000001,2021_yk_008,Yukon,2021
1583,829.4920000000001,7.0819071445460313e-001,1.0120624661510331,1658.9840000000002,2021_yk_008,Yukon,2021
1584,830.0160000000001,7.0840863147552224e-001,1.028082845583677,1660.0320000000002,2021_yk_008,Yukon,2021
1585,830.5400000000001,7.0802914609114231e-001,1.0159771694374875,1661.0800000000002,2021_yk_008,Yukon,2021
1586,831.0640000000001,7.0830084370550428e-001,1.0258731219421418,1662.1280000000002,2021_yk_008,Yukon,2021
1587,831.5880000000001,7.0909032763425583e-001,1.0102612717022836,1663.1760000000002,2021_yk_008,Yukon,2021
1588,832.1120000000001,7.0832511458521263e-001,1.0170534332191925,1664.2240000000002,2021_yk_008,Yukon,2021
1589,832.6360000000001,7.0860631255405049e-001,1.0064642791519696,1665.2720000000002,2021_yk_008,Yukon,2021
1590,833.1600000000001,7.0887399232950821e-001,1.0266788207463091,1666.3200000000002,2021_yk_008,Yukon,2021
1591,833.6840000000001,7.0958264677157490e-001,1.0123162630970486,1667.3680000000002,2021_yk_008,Yukon,2021
1592,834.2080000000001,7.0946389665012255e-001,1.0090724942700358,1668.4160000000002,2021_yk_008,Yukon,2021
1593,834.7320000000001,7.0838206005607551e-001,1.0018609775758358,1669.4640000000002,2021_yk_008,Yukon,2021
1594,835.2560000000001,7.0888686713925919e-001,1.0350173691310849,1670.5120000000002,2021_yk_008,Yukon,2021
1595,835.7800000000001,7.0887287557347167e-001,1.009794867028982,1671.5600000000002,2021_yk_008,Yukon,2021
1596,836.3040000000001,7.0799624714837273e-001,1.017370444225103,1672.6080000000002,2021_yk_008,Yukon,2021
1597,836.8280000000001,7.0788439253267321e-001,1.0193629252748528,1673.6560000000002,2021_yk_008,Yukon,2021
1598,837.3520000000001,7.0959237890733395e-001,1.0109894868522329,1674.7040000000002,2021_yk_008,Yukon,2021
1599,837.8760000000001,7.0779626369619464e-001,1.0341171781514542,1675.7520000000002,2021_yk_008,Yukon,2021
1600,838.4000000000001,7.0868075721424217e-001,1.016961387181922,1676.8000000000002,2021_yk_008,Yukon,2021
1601,838.9240000000001,7.0893420137869012e-001,1.0189183848607168,1677.8480000000002,2021_yk_008,Yukon,2021
1602,839.448,7.0914708564056417e-001,1.0340070315889576,1678.896,2021_yk_008,Yukon,2021
1603,839.972,7.0879266793176832e-001,1.0345693670976222,1679.944,2021_yk_008,Yukon,2021
1604,840.496,7.0707891461020056e-001,1.0339649188479798,1680.992,2021_yk_008,Yukon,2021
1605,841.02,7.0781625603108878e-001,1.0236459993654785,1682.04,2021_yk_008,Yukon,2021
1606,841.544,7.1016012854366906e-001,1.0110634238402565,1683.088,2021_yk_008,Yukon,2021
1607,842.068,7.0902068595078194e-001,1.0096608695274971,1684.136,2021_yk_008,Yukon,2021
1608,842.592,7.0922946860895009e-001,1.0077900866313647,1685.184,2021_yk_008,Yukon,2021
1609,843.116,7.0938848352826744e-001,1.0032096862387443,1686.232,2021_yk_008,Yukon,2021
1610,843.64,7.0921855791042598e-001,1.012653414714316,1687.28,2021_yk_008,Yukon,2021
1611,844.164,7.0932924431608568e-001,1.0053690413000154,1688.328,2021_yk_008,Yukon,2021
1612,844.688,7.0911217420567429e-001,0.9979521676458899,1689.376,2021_yk_008,Yukon,2021
1613,845.212,7.0881855891776768e-001,1.0080534761505435,1690.424,2021_yk_008,Yukon,2021
1614,845.736,7.0926913053392093e-001,0.9928531706540691,1691.472,2021_yk_008,Yukon,2021
1615,846.26,7.0966525254293034e-001,0.9983785714452051,1692.52,2021_yk_008,Yukon,2021
1616,846.784,7.0939221848399137e-001,0.9751055083589254,1693.568,2021_yk_008,Yukon,2021
1617,847.308,7.0918746523179432e-001,0.9877924232983804,1694.616,2021_yk_008,Yukon,2021
1618,847.832,7.0919074498927559e-001,0.9794650814565036,1695.664,2021_yk_008,Yukon,2021
1619,848.356,7.0903655848118963e-001,0.9837398460917336,1696.712,2021_yk_008,Yukon,2021
1620,848.88,7.1047416733486535e-001,0.9685660167406275,1697.76,2021_yk_008,Yukon,2021
1621,849.404,7.0972824630404396e-001,0.9758105661016454,1698.808,2021_yk_008,Yukon,2021
1622,849.928,7.0843215165067197e-001,0.9889390843731595,1699.856,2021_yk_008,Yukon,2021
1623,850.452,7.0917680479109058e-001,0.9870638090246883,1700.904,2021_yk_008,Yukon,2021
1624,850.976,7.0904260092783955e-001,1.0050701223873302,1701.952,2021_yk_008,Yukon,2021
1625,851.5,7.0964155193126000e-001,0.9968884686430552,1703,2021_yk_008,Yukon,2021
1626,852.024,7.0864490766520671e-001,1.0072798565663053,1704.048,2021_yk_008,Yukon,2021
1627,852.548,7.0842065013812827e-001,1.0001503710562485,1705.096,2021_yk_008,Yukon,2021
1628,853.072,7.0931195321721430e-001,0.9931905696864458,1706.144,2021_yk_008,Yukon,2021
1629,853.596,7.0768085457724039e-001,0.999869552844926,1707.192,2021_yk_008,Yukon,2021
1630,854.12,7.0909292943138014e-001,0.8848181175301869,1708.24,2021_yk_008,Yukon,2021
1631,854.644,7.0895151362975228e-001,0.6051682325277442,1709.288,2021_yk_008,Yukon,2021
1632,855.168,7.0909057957736121e-001,0.30142794056005356,1710.336,2021_yk_008,Yukon,2021
1633,855.692,7.1435341445925959e-001,0.1349796744570854,1711.384,2021_yk_008,Yukon,2021
