Cycle,Time,Iso,Sr88,Microns,Fish_id,Watershed,Year
170,89.08,7.0960930841733028e-001,0.3229303263434313,178.16,2016_yk_237,Yukon,2016
171,89.604,7.1126909879202715e-001,0.7215029902090243,179.208,2016_yk_237,Yukon,2016
172,90.128,7.1030112218182129e-001,0.8523737887115816,180.256,2016_yk_237,Yukon,2016
173,90.652,7.0923287918165467e-001,0.8511640802525566,181.304,2016_yk_237,Yukon,2016
174,91.176,7.1010518406251233e-001,0.8301095220546474,182.352,2016_yk_237,Yukon,2016
175,91.7,7.0978450975380902e-001,0.7939833252600454,183.4,2016_yk_237,Yukon,2016
176,92.224,7.1055682430516209e-001,0.7677945917421829,184.448,2016_yk_237,Yukon,2016
177,92.748,7.1111712368362601e-001,0.7613633134031805,185.496,2016_yk_237,Yukon,2016
178,93.272,7.1050987575244506e-001,0.7607005370650209,186.544,2016_yk_237,Yukon,2016
179,93.796,7.1054476548570122e-001,0.7653239631089547,187.592,2016_yk_237,Yukon,2016
180,94.32000000000001,7.1010058951782196e-001,0.7592485847690306,188.64000000000001,2016_yk_237,Yukon,2016
181,94.84400000000001,7.1059401079537421e-001,0.7459333704446292,189.68800000000002,2016_yk_237,Yukon,2016
182,95.36800000000001,7.0884644039969424e-001,0.7434714117287674,190.73600000000002,2016_yk_237,Yukon,2016
183,95.89200000000001,7.1135648593089207e-001,0.775416541467977,191.78400000000002,2016_yk_237,Yukon,2016
184,96.41600000000001,7.0998045082765415e-001,0.7783100074371199,192.83200000000002,2016_yk_237,Yukon,2016
185,96.94,7.0989696204468566e-001,0.7854283525496228,193.88,2016_yk_237,Yukon,2016
186,97.464,7.1095828194701205e-001,0.7905185775193703,194.928,2016_yk_237,Yukon,2016
187,97.988,7.0989525723354618e-001,0.7862883922825095,195.976,2016_yk_237,Yukon,2016
188,98.512,7.1018839123530508e-001,0.7795832069224983,197.024,2016_yk_237,Yukon,2016
189,99.036,7.0889632363837185e-001,0.7697470537513781,198.072,2016_yk_237,Yukon,2016
190,99.56,7.1039239426824730e-001,0.7564294200022128,199.12,2016_yk_237,Yukon,2016
191,100.084,7.1109295171576836e-001,0.7528495320720382,200.168,2016_yk_237,Yukon,2016
192,100.608,7.1028697039358424e-001,0.7678757625903124,201.216,2016_yk_237,Yukon,2016
193,101.132,7.0990298780684746e-001,0.7634916606799194,202.264,2016_yk_237,Yukon,2016
194,101.656,7.1060837418565681e-001,0.7551834234933824,203.312,2016_yk_237,Yukon,2016
195,102.18,7.1004558383526550e-001,0.7485024040824755,204.36,2016_yk_237,Yukon,2016
196,102.70400000000001,7.1233132525783882e-001,0.7308759077726038,205.40800000000002,2016_yk_237,Yukon,2016
197,103.22800000000001,7.0898848466203612e-001,0.7128902479701296,206.45600000000002,2016_yk_237,Yukon,2016
198,103.75200000000001,7.0985300555442687e-001,0.7087133694026004,207.50400000000002,2016_yk_237,Yukon,2016
199,104.27600000000001,7.0854148907206027e-001,0.6993986094609976,208.55200000000002,2016_yk_237,Yukon,2016
200,104.80000000000001,7.1040450174482095e-001,0.697130312118843,209.60000000000002,2016_yk_237,Yukon,2016
201,105.32400000000001,7.0977908379547461e-001,0.6752736253120507,210.64800000000002,2016_yk_237,Yukon,2016
202,105.848,7.0877820229292121e-001,0.667398934139324,211.696,2016_yk_237,Yukon,2016
203,106.372,7.1045675861238877e-001,0.6564267135147965,212.744,2016_yk_237,Yukon,2016
204,106.896,7.1039670399732657e-001,0.6550027223403802,213.792,2016_yk_237,Yukon,2016
205,107.42,7.1150439491253581e-001,0.6536298606126666,214.84,2016_yk_237,Yukon,2016
206,107.944,7.0933153986064168e-001,0.6439959279074771,215.888,2016_yk_237,Yukon,2016
207,108.468,7.1110117387656369e-001,0.6370637446833133,216.936,2016_yk_237,Yukon,2016
208,108.992,7.1194325565547267e-001,0.6418120337414825,217.984,2016_yk_237,Yukon,2016
209,109.516,7.0956674610499093e-001,0.6381128777812306,219.032,2016_yk_237,Yukon,2016
210,110.04,7.0890398404647559e-001,0.6304548644993272,220.08,2016_yk_237,Yukon,2016
211,110.56400000000001,7.1051843032692086e-001,0.623204065559898,221.12800000000001,2016_yk_237,Yukon,2016
212,111.08800000000001,7.0967277178367361e-001,0.6302812966334882,222.17600000000002,2016_yk_237,Yukon,2016
213,111.61200000000001,7.0904723994086649e-001,0.6227644836307815,223.22400000000002,2016_yk_237,Yukon,2016
214,112.13600000000001,7.0931152938177267e-001,0.6179374063309249,224.27200000000002,2016_yk_237,Yukon,2016
215,112.66000000000001,7.1192702020682019e-001,0.5986689292810327,225.32000000000002,2016_yk_237,Yukon,2016
216,113.18400000000001,7.0971289907386592e-001,0.6070901041374708,226.36800000000002,2016_yk_237,Yukon,2016
217,113.708,7.0977570106910581e-001,0.5903427697776078,227.416,2016_yk_237,Yukon,2016
218,114.232,7.0923218721041281e-001,0.5718877455186089,228.464,2016_yk_237,Yukon,2016
219,114.756,7.0881506005535266e-001,0.5696332449803758,229.512,2016_yk_237,Yukon,2016
220,115.28,7.0998471441739275e-001,0.579893372884564,230.56,2016_yk_237,Yukon,2016
221,115.804,7.0994784151387624e-001,0.5875088964748877,231.608,2016_yk_237,Yukon,2016
222,116.328,7.1013394323765022e-001,0.5828035850693909,232.656,2016_yk_237,Yukon,2016
223,116.852,7.1045523517020448e-001,0.5672739243595791,233.704,2016_yk_237,Yukon,2016
224,117.376,7.1089542243367188e-001,0.5567607446236659,234.752,2016_yk_237,Yukon,2016
225,117.9,7.0916500928171444e-001,0.5476837092219411,235.8,2016_yk_237,Yukon,2016
226,118.424,7.1002570808153176e-001,0.547058895741133,236.848,2016_yk_237,Yukon,2016
227,118.94800000000001,7.1046483313561293e-001,0.5474029409112968,237.89600000000002,2016_yk_237,Yukon,2016
228,119.47200000000001,7.1004655973983044e-001,0.5278068432240198,238.94400000000002,2016_yk_237,Yukon,2016
229,119.99600000000001,7.1038676877261964e-001,0.5201186551159237,239.99200000000002,2016_yk_237,Yukon,2016
230,120.52000000000001,7.0976820599103607e-001,0.5207641359084212,241.04000000000002,2016_yk_237,Yukon,2016
231,121.04400000000001,7.1005993777381471e-001,0.5216111411199215,242.08800000000002,2016_yk_237,Yukon,2016
232,121.56800000000001,7.1161444017084807e-001,0.5157723612663372,243.13600000000002,2016_yk_237,Yukon,2016
233,122.09200000000001,7.1067179254670265e-001,0.5035135107798541,244.18400000000003,2016_yk_237,Yukon,2016
234,122.616,7.0994968506635159e-001,0.4976534000562504,245.232,2016_yk_237,Yukon,2016
235,123.14,7.0945930741521712e-001,0.4941269214076354,246.28,2016_yk_237,Yukon,2016
236,123.664,7.1028881030727609e-001,0.4896312823580296,247.328,2016_yk_237,Yukon,2016
237,124.188,7.0979739895335281e-001,0.48837886395342406,248.376,2016_yk_237,Yukon,2016
238,124.712,7.1007040238374952e-001,0.49186893887103383,249.424,2016_yk_237,Yukon,2016
239,125.236,7.0943296074854645e-001,0.493112317280943,250.472,2016_yk_237,Yukon,2016
240,125.76,7.0755413207628648e-001,0.4992523758369396,251.52,2016_yk_237,Yukon,2016
241,126.284,7.1025014570917000e-001,0.5056857066319809,252.568,2016_yk_237,Yukon,2016
242,126.808,7.1015605728271147e-001,0.5119800283710583,253.616,2016_yk_237,Yukon,2016
243,127.33200000000001,7.1176175307279888e-001,0.5120551266401301,254.66400000000002,2016_yk_237,Yukon,2016
244,127.85600000000001,7.1059198192102513e-001,0.5060349726078834,255.71200000000002,2016_yk_237,Yukon,2016
245,128.38,7.1145377749335381e-001,0.5138565791759199,256.76,2016_yk_237,Yukon,2016
246,128.904,7.0994629724078806e-001,0.5124593042875708,257.808,2016_yk_237,Yukon,2016
247,129.428,7.0975958454392818e-001,0.5063780968950653,258.856,2016_yk_237,Yukon,2016
248,129.952,7.1036117992948600e-001,0.5050761222138372,259.904,2016_yk_237,Yukon,2016
249,130.476,7.0974067100487370e-001,0.5026454149508152,260.952,2016_yk_237,Yukon,2016
250,131,7.0817954814339956e-001,0.50718741203036,262,2016_yk_237,Yukon,2016
251,131.524,7.1078304302287365e-001,0.5001736974369358,263.048,2016_yk_237,Yukon,2016
252,132.048,7.1056231318002805e-001,0.49117477376069874,264.096,2016_yk_237,Yukon,2016
253,132.572,7.1027453433259669e-001,0.48453254329238193,265.144,2016_yk_237,Yukon,2016
254,133.096,7.1069079244149280e-001,0.4936306115791645,266.192,2016_yk_237,Yukon,2016
255,133.62,7.0997727630886576e-001,0.49775210437767753,267.24,2016_yk_237,Yukon,2016
256,134.144,7.1071254265513795e-001,0.4933619708508312,268.288,2016_yk_237,Yukon,2016
257,134.668,7.1081641617521862e-001,0.4900986801254598,269.336,2016_yk_237,Yukon,2016
258,135.192,7.0833724520210595e-001,0.49129467410076694,270.384,2016_yk_237,Yukon,2016
259,135.716,7.1159312549401632e-001,0.4879268635656436,271.432,2016_yk_237,Yukon,2016
260,136.24,7.0899377728500657e-001,0.4789582788511515,272.48,2016_yk_237,Yukon,2016
261,136.764,7.0942050320904104e-001,0.47822239234079567,273.528,2016_yk_237,Yukon,2016
262,137.288,7.1096842100322799e-001,0.48422528282285027,274.576,2016_yk_237,Yukon,2016
263,137.812,7.0879741720896039e-001,0.48521479886963664,275.624,2016_yk_237,Yukon,2016
264,138.336,7.1075510806503950e-001,0.474823564680971,276.672,2016_yk_237,Yukon,2016
265,138.86,7.1043425790123083e-001,0.4547008212417389,277.72,2016_yk_237,Yukon,2016
266,139.38400000000001,7.1084624218657355e-001,0.46361017746412686,278.76800000000003,2016_yk_237,Yukon,2016
267,139.90800000000002,7.1114578590792199e-001,0.48658102993875263,279.81600000000003,2016_yk_237,Yukon,2016
268,140.43200000000002,7.1180310889386522e-001,0.49356048719145845,280.86400000000003,2016_yk_237,Yukon,2016
269,140.95600000000002,7.0968602751334953e-001,0.48455611388253134,281.91200000000003,2016_yk_237,Yukon,2016
270,141.48000000000002,7.0902986635878085e-001,0.474658530619448,282.96000000000004,2016_yk_237,Yukon,2016
271,142.00400000000002,7.0823211830385624e-001,0.4826084713994834,284.00800000000004,2016_yk_237,Yukon,2016
272,142.52800000000002,7.1103713116944456e-001,0.48690928650185455,285.05600000000004,2016_yk_237,Yukon,2016
273,143.05200000000002,7.1139424360769465e-001,0.48834610903505543,286.10400000000004,2016_yk_237,Yukon,2016
274,143.576,7.0959503663551005e-001,0.4877460505994002,287.152,2016_yk_237,Yukon,2016
275,144.1,7.1040469669297068e-001,0.47310647216769186,288.2,2016_yk_237,Yukon,2016
276,144.624,7.1120495372350467e-001,0.46366251122040014,289.248,2016_yk_237,Yukon,2016
277,145.148,7.0828236370409814e-001,0.4665252900374328,290.296,2016_yk_237,Yukon,2016
278,145.672,7.1093957381016570e-001,0.46247166728977473,291.344,2016_yk_237,Yukon,2016
279,146.196,7.1114531526123215e-001,0.4466060725086991,292.392,2016_yk_237,Yukon,2016
280,146.72,7.0836795440234268e-001,0.4379807563493108,293.44,2016_yk_237,Yukon,2016
281,147.244,7.1269278716106488e-001,0.43623566164256594,294.488,2016_yk_237,Yukon,2016
282,147.768,7.1002172383233220e-001,0.4313425539189292,295.536,2016_yk_237,Yukon,2016
283,148.292,7.1148445617653455e-001,0.44070331355863845,296.584,2016_yk_237,Yukon,2016
284,148.816,7.1016294116626910e-001,0.43712208382652046,297.632,2016_yk_237,Yukon,2016
285,149.34,7.1114544166295091e-001,0.43814461399866195,298.68,2016_yk_237,Yukon,2016
286,149.864,7.1097846022773603e-001,0.4378845328034171,299.728,2016_yk_237,Yukon,2016
287,150.388,7.1220590408672957e-001,0.43275429171829993,300.776,2016_yk_237,Yukon,2016
288,150.912,7.0901790264369446e-001,0.4369676505880089,301.824,2016_yk_237,Yukon,2016
289,151.436,7.1098560295408242e-001,0.44262871223097094,302.872,2016_yk_237,Yukon,2016
290,151.96,7.1062797798477528e-001,0.4591710868873119,303.92,2016_yk_237,Yukon,2016
291,152.484,7.1327244431237502e-001,0.4583083763844937,304.968,2016_yk_237,Yukon,2016
292,153.008,7.0832499091664169e-001,0.4720121989691188,306.016,2016_yk_237,Yukon,2016
293,153.532,7.0960350122505511e-001,0.4731956280781828,307.064,2016_yk_237,Yukon,2016
294,154.056,7.1127959475205882e-001,0.48499814563511984,308.112,2016_yk_237,Yukon,2016
295,154.58,7.0993498718969217e-001,0.48349176049396225,309.16,2016_yk_237,Yukon,2016
296,155.104,7.1012507428064764e-001,0.47273554732190687,310.208,2016_yk_237,Yukon,2016
297,155.62800000000001,7.0762417141922984e-001,0.4717842623580276,311.25600000000003,2016_yk_237,Yukon,2016
298,156.15200000000002,7.1178991447424411e-001,0.48488791760118094,312.30400000000003,2016_yk_237,Yukon,2016
299,156.67600000000002,7.1167685059927954e-001,0.479568454823159,313.35200000000003,2016_yk_237,Yukon,2016
300,157.20000000000002,7.0923083295696043e-001,0.49600888879383154,314.40000000000003,2016_yk_237,Yukon,2016
301,157.72400000000002,7.1039882430152668e-001,0.5143009679015428,315.44800000000004,2016_yk_237,Yukon,2016
302,158.24800000000002,7.0867056153099472e-001,0.5104784141881917,316.49600000000004,2016_yk_237,Yukon,2016
303,158.77200000000002,7.0994542029783592e-001,0.4929475852595967,317.54400000000004,2016_yk_237,Yukon,2016
304,159.29600000000002,7.0922791750482705e-001,0.506393250013172,318.59200000000004,2016_yk_237,Yukon,2016
305,159.82,7.0958725992690841e-001,0.5018564919288173,319.64,2016_yk_237,Yukon,2016
306,160.344,7.1152410321226744e-001,0.5131547000435428,320.688,2016_yk_237,Yukon,2016
307,160.868,7.0863617315015526e-001,0.5229765290007434,321.736,2016_yk_237,Yukon,2016
308,161.392,7.0797364999129808e-001,0.5085248380567855,322.784,2016_yk_237,Yukon,2016
309,161.916,7.1002579502703900e-001,0.4917900503338262,323.832,2016_yk_237,Yukon,2016
310,162.44,7.1125575150457632e-001,0.513897703096287,324.88,2016_yk_237,Yukon,2016
311,162.964,7.1033719230023729e-001,0.5154688734951025,325.928,2016_yk_237,Yukon,2016
312,163.488,7.1089759333346347e-001,0.5149596448433802,326.976,2016_yk_237,Yukon,2016
313,164.012,7.1184507142660192e-001,0.5287832525223494,328.024,2016_yk_237,Yukon,2016
314,164.536,7.0911873714282225e-001,0.5222274007536761,329.072,2016_yk_237,Yukon,2016
315,165.06,7.0866549515356170e-001,0.5027038625845842,330.12,2016_yk_237,Yukon,2016
316,165.584,7.1041601265399990e-001,0.5094492932587176,331.168,2016_yk_237,Yukon,2016
317,166.108,7.1102967455210186e-001,0.5211962856296526,332.216,2016_yk_237,Yukon,2016
318,166.632,7.1127924160010803e-001,0.5253681335717258,333.264,2016_yk_237,Yukon,2016
319,167.156,7.0879905748446970e-001,0.5317007018863381,334.312,2016_yk_237,Yukon,2016
320,167.68,7.0939455838006393e-001,0.5408969828811494,335.36,2016_yk_237,Yukon,2016
321,168.204,7.1043326927342365e-001,0.5376196546063057,336.408,2016_yk_237,Yukon,2016
322,168.728,7.1081896781511500e-001,0.5336548640050316,337.456,2016_yk_237,Yukon,2016
323,169.252,7.0977862024055116e-001,0.5427037712236098,338.504,2016_yk_237,Yukon,2016
324,169.776,7.0897315868984134e-001,0.5308624664162791,339.552,2016_yk_237,Yukon,2016
325,170.3,7.0752800788494441e-001,0.5312330112590308,340.6,2016_yk_237,Yukon,2016
326,170.824,7.1082086943041944e-001,0.5383604846244668,341.648,2016_yk_237,Yukon,2016
327,171.348,7.1008565353499598e-001,0.5261162049232085,342.696,2016_yk_237,Yukon,2016
328,171.872,7.0950470379423936e-001,0.5188746937506779,343.744,2016_yk_237,Yukon,2016
329,172.39600000000002,7.0871631917172406e-001,0.5257891309880601,344.79200000000003,2016_yk_237,Yukon,2016
330,172.92000000000002,7.1134607108499370e-001,0.5378793923588673,345.84000000000003,2016_yk_237,Yukon,2016
331,173.44400000000002,7.0964855331514820e-001,0.5317160241684455,346.88800000000003,2016_yk_237,Yukon,2016
332,173.96800000000002,7.1060422511212340e-001,0.5460590343331088,347.93600000000004,2016_yk_237,Yukon,2016
333,174.49200000000002,7.0998402267299299e-001,0.5544573280140728,348.98400000000004,2016_yk_237,Yukon,2016
334,175.01600000000002,7.1084894100976992e-001,0.5375239593716257,350.03200000000004,2016_yk_237,Yukon,2016
335,175.54000000000002,7.1051386325148114e-001,0.5371514790293239,351.08000000000004,2016_yk_237,Yukon,2016
336,176.06400000000002,7.0978512163445129e-001,0.5341005069550082,352.12800000000004,2016_yk_237,Yukon,2016
337,176.58800000000002,7.0972397000294651e-001,0.5290305623565913,353.17600000000004,2016_yk_237,Yukon,2016
338,177.112,7.1099077917797482e-001,0.5272235561285792,354.224,2016_yk_237,Yukon,2016
339,177.636,7.0992895751721063e-001,0.529533125662023,355.272,2016_yk_237,Yukon,2016
340,178.16,7.1019071310686332e-001,0.5196083083615289,356.32,2016_yk_237,Yukon,2016
341,178.684,7.0969133777721116e-001,0.5081112014587793,357.368,2016_yk_237,Yukon,2016
342,179.208,7.1060923541823329e-001,0.5116912996520628,358.416,2016_yk_237,Yukon,2016
343,179.732,7.1362602320350610e-001,0.5162416139444059,359.464,2016_yk_237,Yukon,2016
344,180.256,7.1170660959227261e-001,0.5117008334886084,360.512,2016_yk_237,Yukon,2016
345,180.78,7.0986968049624266e-001,0.5085846630349088,361.56,2016_yk_237,Yukon,2016
346,181.304,7.1176944512622875e-001,0.5058846812140289,362.608,2016_yk_237,Yukon,2016
347,181.828,7.1174033155871874e-001,0.4963869455949548,363.656,2016_yk_237,Yukon,2016
348,182.352,7.0841880834084148e-001,0.4927734130639203,364.704,2016_yk_237,Yukon,2016
349,182.876,7.1120847231280249e-001,0.48726302896028606,365.752,2016_yk_237,Yukon,2016
350,183.4,7.0819508069983317e-001,0.48701657770194384,366.8,2016_yk_237,Yukon,2016
351,183.924,7.1206739984763301e-001,0.4811009167467836,367.848,2016_yk_237,Yukon,2016
352,184.448,7.0968275828924499e-001,0.48639807044998495,368.896,2016_yk_237,Yukon,2016
353,184.972,7.1011518840246812e-001,0.4879840920920635,369.944,2016_yk_237,Yukon,2016
354,185.496,7.0766277833889657e-001,0.49974170594781325,370.992,2016_yk_237,Yukon,2016
355,186.02,7.1082810673847696e-001,0.48144407702625247,372.04,2016_yk_237,Yukon,2016
356,186.544,7.1042528242576564e-001,0.47573240180358733,373.088,2016_yk_237,Yukon,2016
357,187.068,7.1185702762520020e-001,0.4745927580806259,374.136,2016_yk_237,Yukon,2016
358,187.592,7.0851000250668128e-001,0.4711933926747931,375.184,2016_yk_237,Yukon,2016
359,188.116,7.0861715158172522e-001,0.477148762251095,376.232,2016_yk_237,Yukon,2016
360,188.64000000000001,7.1041640657553817e-001,0.47483707378591894,377.28000000000003,2016_yk_237,Yukon,2016
361,189.16400000000002,7.0815270511281514e-001,0.45887119833120826,378.32800000000003,2016_yk_237,Yukon,2016
362,189.68800000000002,7.1146150403265074e-001,0.45542511033034294,379.37600000000003,2016_yk_237,Yukon,2016
363,190.21200000000002,7.0934589042050911e-001,0.4692277600783259,380.42400000000004,2016_yk_237,Yukon,2016
364,190.73600000000002,7.0777101153255384e-001,0.4793906583262399,381.47200000000004,2016_yk_237,Yukon,2016
365,191.26000000000002,7.0984059555976464e-001,0.4774951725401214,382.52000000000004,2016_yk_237,Yukon,2016
366,191.78400000000002,7.1030719360939965e-001,0.46846029388429467,383.56800000000004,2016_yk_237,Yukon,2016
367,192.30800000000002,7.0932741725345005e-001,0.4511249692201484,384.61600000000004,2016_yk_237,Yukon,2016
368,192.83200000000002,7.1118488600672403e-001,0.4451033053795946,385.66400000000004,2016_yk_237,Yukon,2016
369,193.356,7.0929166183726788e-001,0.4586740353876556,386.712,2016_yk_237,Yukon,2016
370,193.88,7.1155087049565235e-001,0.4539996572024134,387.76,2016_yk_237,Yukon,2016
371,194.404,7.0785053398938569e-001,0.4325866085875973,388.808,2016_yk_237,Yukon,2016
372,194.928,7.0860077360032481e-001,0.4313883936639456,389.856,2016_yk_237,Yukon,2016
373,195.452,7.1010599732843749e-001,0.4339105120207137,390.904,2016_yk_237,Yukon,2016
374,195.976,7.0839315972700967e-001,0.4386256220654351,391.952,2016_yk_237,Yukon,2016
375,196.5,7.0835077642525324e-001,0.4468083033310653,393,2016_yk_237,Yukon,2016
376,197.024,7.0850393015820690e-001,0.44138627402227854,394.048,2016_yk_237,Yukon,2016
377,197.548,7.0951250426293544e-001,0.43631687559139665,395.096,2016_yk_237,Yukon,2016
378,198.072,7.1060003849255426e-001,0.44008281698136714,396.144,2016_yk_237,Yukon,2016
379,198.596,7.1123000869581177e-001,0.44833409520253975,397.192,2016_yk_237,Yukon,2016
380,199.12,7.0970758633792130e-001,0.4429418378860791,398.24,2016_yk_237,Yukon,2016
381,199.644,7.1057368697125745e-001,0.43651805527088944,399.288,2016_yk_237,Yukon,2016
382,200.168,7.1011468224496177e-001,0.4325995952638277,400.336,2016_yk_237,Yukon,2016
383,200.692,7.0744838675036714e-001,0.43467573376518265,401.384,2016_yk_237,Yukon,2016
384,201.216,7.1018317367428307e-001,0.43529790461844586,402.432,2016_yk_237,Yukon,2016
385,201.74,7.1239203038935706e-001,0.4450224642778924,403.48,2016_yk_237,Yukon,2016
386,202.264,7.1419248322445861e-001,0.4264449410954568,404.528,2016_yk_237,Yukon,2016
387,202.788,7.1301526826639816e-001,0.4056750578935234,405.576,2016_yk_237,Yukon,2016
388,203.312,7.0981669298000916e-001,0.4218257785562683,406.624,2016_yk_237,Yukon,2016
389,203.836,7.1144680539296767e-001,0.4491590862250204,407.672,2016_yk_237,Yukon,2016
390,204.36,7.0627230885409797e-001,0.4490023471387544,408.72,2016_yk_237,Yukon,2016
391,204.88400000000001,7.1135645990401253e-001,0.4285000146347141,409.76800000000003,2016_yk_237,Yukon,2016
392,205.40800000000002,7.0775907902045010e-001,0.4095211123013135,410.81600000000003,2016_yk_237,Yukon,2016
393,205.93200000000002,7.0893297053128645e-001,0.4130493003778896,411.86400000000003,2016_yk_237,Yukon,2016
394,206.45600000000002,7.1109112163490140e-001,0.42093521209198137,412.91200000000003,2016_yk_237,Yukon,2016
395,206.98000000000002,7.1147418372543403e-001,0.4315533157855372,413.96000000000004,2016_yk_237,Yukon,2016
396,207.50400000000002,7.0941822269377008e-001,0.4135897674545177,415.00800000000004,2016_yk_237,Yukon,2016
397,208.02800000000002,7.0950181000033441e-001,0.4023984828515518,416.05600000000004,2016_yk_237,Yukon,2016
398,208.55200000000002,7.1143467214197365e-001,0.4070317032211794,417.10400000000004,2016_yk_237,Yukon,2016
399,209.07600000000002,7.0890209772996593e-001,0.41954982300649046,418.15200000000004,2016_yk_237,Yukon,2016
400,209.60000000000002,7.1287405594959519e-001,0.43025761045082167,419.20000000000005,2016_yk_237,Yukon,2016
401,210.12400000000002,7.0820972398332505e-001,0.4395109553134835,420.24800000000005,2016_yk_237,Yukon,2016
402,210.648,7.1259818082585713e-001,0.43550180361152147,421.296,2016_yk_237,Yukon,2016
403,211.172,7.1018774502804194e-001,0.4298820692534924,422.344,2016_yk_237,Yukon,2016
404,211.696,7.0866615187209747e-001,0.42759379721408786,423.392,2016_yk_237,Yukon,2016
405,212.22,7.1166024290025831e-001,0.4257687405027625,424.44,2016_yk_237,Yukon,2016
406,212.744,7.1183554514874647e-001,0.42584088502007533,425.488,2016_yk_237,Yukon,2016
407,213.268,7.1087135481153740e-001,0.42485297655255233,426.536,2016_yk_237,Yukon,2016
408,213.792,7.0980781080562172e-001,0.428575491410152,427.584,2016_yk_237,Yukon,2016
409,214.316,7.1191033592565178e-001,0.4391779757586184,428.632,2016_yk_237,Yukon,2016
410,214.84,7.0938363578033203e-001,0.4353516197225991,429.68,2016_yk_237,Yukon,2016
411,215.364,7.1035669562466885e-001,0.4270855532924129,430.728,2016_yk_237,Yukon,2016
412,215.888,7.1346628547970747e-001,0.41821186886897554,431.776,2016_yk_237,Yukon,2016
413,216.412,7.0914582227459455e-001,0.4100940164933384,432.824,2016_yk_237,Yukon,2016
414,216.936,7.1137773303390051e-001,0.41913483223808673,433.872,2016_yk_237,Yukon,2016
415,217.46,7.0834028186208442e-001,0.41681572433246894,434.92,2016_yk_237,Yukon,2016
416,217.984,7.0957685899898415e-001,0.4243384730452459,435.968,2016_yk_237,Yukon,2016
417,218.508,7.1101395905537623e-001,0.42908378599594,437.016,2016_yk_237,Yukon,2016
418,219.032,7.1061989315688989e-001,0.43126788786313647,438.064,2016_yk_237,Yukon,2016
419,219.556,7.0803301353610404e-001,0.4270573557566465,439.112,2016_yk_237,Yukon,2016
420,220.08,7.0992152294520061e-001,0.4197509169601972,440.16,2016_yk_237,Yukon,2016
421,220.604,7.1075905483962998e-001,0.41844053732412234,441.208,2016_yk_237,Yukon,2016
422,221.12800000000001,7.1153813347581951e-001,0.4188550021416008,442.25600000000003,2016_yk_237,Yukon,2016
423,221.65200000000002,7.1196178526668785e-001,0.4176051158347154,443.30400000000003,2016_yk_237,Yukon,2016
424,222.17600000000002,7.1044691007542649e-001,0.42509578103631435,444.35200000000003,2016_yk_237,Yukon,2016
425,222.70000000000002,7.0897472057676225e-001,0.42724525583739514,445.40000000000003,2016_yk_237,Yukon,2016
426,223.22400000000002,7.1057682255819288e-001,0.4239052408647199,446.44800000000004,2016_yk_237,Yukon,2016
427,223.74800000000002,7.1276335160263504e-001,0.41305359338477626,447.49600000000004,2016_yk_237,Yukon,2016
428,224.27200000000002,7.1274863269981559e-001,0.41115472118086127,448.54400000000004,2016_yk_237,Yukon,2016
429,224.79600000000002,7.0830741624395377e-001,0.40162290854468213,449.59200000000004,2016_yk_237,Yukon,2016
430,225.32000000000002,7.1055744392086495e-001,0.40110518937767736,450.64000000000004,2016_yk_237,Yukon,2016
431,225.84400000000002,7.0826471948781367e-001,0.402766215887266,451.68800000000005,2016_yk_237,Yukon,2016
432,226.36800000000002,7.0789396647405289e-001,0.40621877009298907,452.73600000000005,2016_yk_237,Yukon,2016
433,226.892,7.1088414494579022e-001,0.4077118585914213,453.784,2016_yk_237,Yukon,2016
434,227.416,7.1024724745653511e-001,0.39544591445098753,454.832,2016_yk_237,Yukon,2016
435,227.94,7.0940177737622057e-001,0.3934272236386705,455.88,2016_yk_237,Yukon,2016
436,228.464,7.1001646507281302e-001,0.3982024052501522,456.928,2016_yk_237,Yukon,2016
437,228.988,7.1203028824112846e-001,0.40813315507147746,457.976,2016_yk_237,Yukon,2016
438,229.512,7.1146216908020798e-001,0.3980485150148556,459.024,2016_yk_237,Yukon,2016
439,230.036,7.0757352274262331e-001,0.3923901446148366,460.072,2016_yk_237,Yukon,2016
440,230.56,7.0848305032113379e-001,0.38693867045591773,461.12,2016_yk_237,Yukon,2016
441,231.084,7.0764091081432323e-001,0.38552999534349386,462.168,2016_yk_237,Yukon,2016
442,231.608,7.1203260468534102e-001,0.3903623043032476,463.216,2016_yk_237,Yukon,2016
443,232.132,7.0878170314980316e-001,0.3989969195604954,464.264,2016_yk_237,Yukon,2016
444,232.656,7.1162335141557487e-001,0.40213914228575465,465.312,2016_yk_237,Yukon,2016
445,233.18,7.1145330123751271e-001,0.39227248072107435,466.36,2016_yk_237,Yukon,2016
446,233.704,7.1096339746855131e-001,0.3976134060164266,467.408,2016_yk_237,Yukon,2016
447,234.228,7.1041125937804028e-001,0.3969945732876232,468.456,2016_yk_237,Yukon,2016
448,234.752,7.0797445365851164e-001,0.3975275405003373,469.504,2016_yk_237,Yukon,2016
449,235.276,7.1064421180495907e-001,0.40076102171163885,470.552,2016_yk_237,Yukon,2016
450,235.8,7.1188812850723271e-001,0.3969496727915709,471.6,2016_yk_237,Yukon,2016
451,236.324,7.1249062257720552e-001,0.39276164187576407,472.648,2016_yk_237,Yukon,2016
452,236.848,7.1298332500225647e-001,0.3890359292644549,473.696,2016_yk_237,Yukon,2016
453,237.372,7.0746247532693096e-001,0.3941860318206172,474.744,2016_yk_237,Yukon,2016
454,237.89600000000002,7.0888790124022061e-001,0.3930339577423372,475.79200000000003,2016_yk_237,Yukon,2016
455,238.42000000000002,7.1036429039431048e-001,0.39047231164250645,476.84000000000003,2016_yk_237,Yukon,2016
456,238.94400000000002,7.1052929822720357e-001,0.38048890254124274,477.88800000000003,2016_yk_237,Yukon,2016
457,239.46800000000002,7.0809686453572873e-001,0.37994100620599625,478.93600000000004,2016_yk_237,Yukon,2016
458,239.99200000000002,7.1051017510127212e-001,0.38402949326832786,479.98400000000004,2016_yk_237,Yukon,2016
459,240.51600000000002,7.1102066621898796e-001,0.3888614939563591,481.03200000000004,2016_yk_237,Yukon,2016
460,241.04000000000002,7.1062737121426389e-001,0.3873289124925059,482.08000000000004,2016_yk_237,Yukon,2016
461,241.56400000000002,7.0561922929490128e-001,0.38745751087607394,483.12800000000004,2016_yk_237,Yukon,2016
462,242.08800000000002,7.1134161874643387e-001,0.3848816836442686,484.17600000000004,2016_yk_237,Yukon,2016
463,242.61200000000002,7.0974374559805609e-001,0.37704698029692046,485.22400000000005,2016_yk_237,Yukon,2016
464,243.13600000000002,7.0931085903046520e-001,0.3628923804534208,486.27200000000005,2016_yk_237,Yukon,2016
465,243.66000000000003,7.1116361890244395e-001,0.3596897585528329,487.32000000000005,2016_yk_237,Yukon,2016
466,244.184,7.1122874472613340e-001,0.35678015266513025,488.368,2016_yk_237,Yukon,2016
467,244.708,7.0929998564290064e-001,0.36539527338324895,489.416,2016_yk_237,Yukon,2016
468,245.232,7.0888631837907246e-001,0.37952512423574264,490.464,2016_yk_237,Yukon,2016
469,245.756,7.1148791700328140e-001,0.39145744393948656,491.512,2016_yk_237,Yukon,2016
470,246.28,7.1105474154988946e-001,0.39164069690974634,492.56,2016_yk_237,Yukon,2016
471,246.804,7.0824006950852658e-001,0.3924930746149075,493.608,2016_yk_237,Yukon,2016
472,247.328,7.1291661901965198e-001,0.3943490413299341,494.656,2016_yk_237,Yukon,2016
473,247.852,7.0527591730710382e-001,0.3864633600561373,495.704,2016_yk_237,Yukon,2016
474,248.376,7.0839423219438125e-001,0.38080937076582,496.752,2016_yk_237,Yukon,2016
475,248.9,7.0945295904495975e-001,0.3743807472981856,497.8,2016_yk_237,Yukon,2016
476,249.424,7.0983350247928190e-001,0.3743875036568231,498.848,2016_yk_237,Yukon,2016
477,249.948,7.1097088409683895e-001,0.3750624896206949,499.896,2016_yk_237,Yukon,2016
478,250.472,7.1161789127695674e-001,0.3687599904746872,500.944,2016_yk_237,Yukon,2016
479,250.996,7.1028777086054817e-001,0.3682370834895036,501.992,2016_yk_237,Yukon,2016
480,251.52,7.1170488942425991e-001,0.3665834142681376,503.04,2016_yk_237,Yukon,2016
481,252.044,7.0846690288195913e-001,0.36450089515290834,504.088,2016_yk_237,Yukon,2016
482,252.568,7.0920376508786775e-001,0.36048332989532544,505.136,2016_yk_237,Yukon,2016
483,253.092,7.1308505544184753e-001,0.357701050022099,506.184,2016_yk_237,Yukon,2016
484,253.616,7.0902219202741823e-001,0.3573426972346642,507.232,2016_yk_237,Yukon,2016
485,254.14000000000001,7.0825973265570985e-001,0.3528620135350113,508.28000000000003,2016_yk_237,Yukon,2016
486,254.66400000000002,7.0882400335679641e-001,0.34691458745442216,509.32800000000003,2016_yk_237,Yukon,2016
487,255.18800000000002,7.0876298901413626e-001,0.3479463834150604,510.37600000000003,2016_yk_237,Yukon,2016
488,255.71200000000002,7.0932977554097076e-001,0.35833982055528557,511.42400000000004,2016_yk_237,Yukon,2016
489,256.236,7.1242817724112617e-001,0.36481483715032886,512.472,2016_yk_237,Yukon,2016
490,256.76,7.0933110823440693e-001,0.36018263343268553,513.52,2016_yk_237,Yukon,2016
491,257.284,7.1067801211734261e-001,0.3575633379902521,514.568,2016_yk_237,Yukon,2016
492,257.808,7.0995216871147060e-001,0.3574077679788081,515.616,2016_yk_237,Yukon,2016
493,258.332,7.0868914663821414e-001,0.35689366940296663,516.664,2016_yk_237,Yukon,2016
494,258.856,7.0884407233811042e-001,0.36173095373864894,517.712,2016_yk_237,Yukon,2016
495,259.38,7.1095725684008193e-001,0.36344241431776425,518.76,2016_yk_237,Yukon,2016
496,259.904,7.1047101852269479e-001,0.3708581463643651,519.808,2016_yk_237,Yukon,2016
497,260.428,7.0966911487537365e-001,0.36073396908845307,520.856,2016_yk_237,Yukon,2016
498,260.952,7.0974596147202273e-001,0.3686521283783096,521.904,2016_yk_237,Yukon,2016
499,261.476,7.0893355971624361e-001,0.36436401011943725,522.952,2016_yk_237,Yukon,2016
500,262,7.1283308577148463e-001,0.36666758582365266,524,2016_yk_237,Yukon,2016
501,262.524,7.1008521534016444e-001,0.36339196748854946,525.048,2016_yk_237,Yukon,2016
502,263.048,7.0926181861677429e-001,0.3603455711238972,526.096,2016_yk_237,Yukon,2016
503,263.572,7.0844233210028673e-001,0.35964162967331886,527.144,2016_yk_237,Yukon,2016
504,264.096,7.1204023879760914e-001,0.37088513492001174,528.192,2016_yk_237,Yukon,2016
505,264.62,7.1053493174681770e-001,0.36375943807486366,529.24,2016_yk_237,Yukon,2016
506,265.144,7.0861197194544090e-001,0.36487179896341737,530.288,2016_yk_237,Yukon,2016
507,265.668,7.1120703111290207e-001,0.3740618348176017,531.336,2016_yk_237,Yukon,2016
508,266.192,7.1147573254722207e-001,0.36016919628141236,532.384,2016_yk_237,Yukon,2016
509,266.716,7.0904498272226157e-001,0.3525050945170401,533.432,2016_yk_237,Yukon,2016
510,267.24,7.0937384927207769e-001,0.3496360093285157,534.48,2016_yk_237,Yukon,2016
511,267.764,7.0857121668549627e-001,0.3493873571271204,535.528,2016_yk_237,Yukon,2016
512,268.288,7.1081374991959279e-001,0.35949249863641913,536.576,2016_yk_237,Yukon,2016
513,268.812,7.0905617356744866e-001,0.36458701746309113,537.624,2016_yk_237,Yukon,2016
514,269.336,7.0723583766544384e-001,0.36346007121914137,538.672,2016_yk_237,Yukon,2016
515,269.86,7.1234182680192881e-001,0.3516764240105455,539.72,2016_yk_237,Yukon,2016
516,270.384,7.1048940164459906e-001,0.3590608808268272,540.768,2016_yk_237,Yukon,2016
517,270.908,7.0840637870825596e-001,0.3618759293981649,541.816,2016_yk_237,Yukon,2016
518,271.432,7.1040262309295987e-001,0.35672843070129795,542.864,2016_yk_237,Yukon,2016
519,271.956,7.0703824660002468e-001,0.35311686279271115,543.912,2016_yk_237,Yukon,2016
520,272.48,7.0846166377822417e-001,0.36174018910647027,544.96,2016_yk_237,Yukon,2016
521,273.004,7.1147019318041638e-001,0.3518557196577131,546.008,2016_yk_237,Yukon,2016
522,273.528,7.1024317566584450e-001,0.35342174987237945,547.056,2016_yk_237,Yukon,2016
523,274.052,7.1090264928109603e-001,0.35569893939169983,548.104,2016_yk_237,Yukon,2016
524,274.576,7.0846818812640022e-001,0.35670941995809635,549.152,2016_yk_237,Yukon,2016
525,275.1,7.0716054731002331e-001,0.359115698401705,550.2,2016_yk_237,Yukon,2016
526,275.624,7.1141600876854216e-001,0.3640958962394195,551.248,2016_yk_237,Yukon,2016
527,276.148,7.0933718380882893e-001,0.36819859316325776,552.296,2016_yk_237,Yukon,2016
528,276.672,7.0922820963309152e-001,0.36600952461696,553.344,2016_yk_237,Yukon,2016
529,277.196,7.1051550987190049e-001,0.36995466723932974,554.392,2016_yk_237,Yukon,2016
530,277.72,7.0850171214028324e-001,0.3738991747516393,555.44,2016_yk_237,Yukon,2016
531,278.244,7.1093398902172300e-001,0.3691560229605776,556.488,2016_yk_237,Yukon,2016
532,278.76800000000003,7.1034735150341521e-001,0.3744494387443645,557.5360000000001,2016_yk_237,Yukon,2016
533,279.29200000000003,7.0861129122497601e-001,0.375488743108659,558.5840000000001,2016_yk_237,Yukon,2016
534,279.81600000000003,7.0975751049725400e-001,0.3674593733372162,559.6320000000001,2016_yk_237,Yukon,2016
535,280.34000000000003,7.0827535829739863e-001,0.3626164797179468,560.6800000000001,2016_yk_237,Yukon,2016
536,280.86400000000003,7.0743205118002350e-001,0.3632706236999668,561.7280000000001,2016_yk_237,Yukon,2016
537,281.38800000000003,7.0999527679278063e-001,0.3665191673620958,562.7760000000001,2016_yk_237,Yukon,2016
538,281.91200000000003,7.1139754186385595e-001,0.37396361697816977,563.8240000000001,2016_yk_237,Yukon,2016
539,282.43600000000004,7.1206194975864956e-001,0.37564598577248415,564.8720000000001,2016_yk_237,Yukon,2016
540,282.96000000000004,7.0880858116928380e-001,0.3753723744597602,565.9200000000001,2016_yk_237,Yukon,2016
541,283.48400000000004,7.1059073885319379e-001,0.3693090264786627,566.9680000000001,2016_yk_237,Yukon,2016
542,284.00800000000004,7.1287944513273505e-001,0.36128550338035426,568.0160000000001,2016_yk_237,Yukon,2016
543,284.53200000000004,7.0922987562980044e-001,0.36775197254688785,569.0640000000001,2016_yk_237,Yukon,2016
544,285.05600000000004,7.0972543297614155e-001,0.3760758327265547,570.1120000000001,2016_yk_237,Yukon,2016
545,285.58000000000004,7.1087124736673790e-001,0.3773729483559592,571.1600000000001,2016_yk_237,Yukon,2016
546,286.104,7.0816859966617252e-001,0.3760338276769362,572.208,2016_yk_237,Yukon,2016
547,286.628,7.0927248673760512e-001,0.37967079335972226,573.256,2016_yk_237,Yukon,2016
548,287.152,7.1009950541862987e-001,0.3746054169357459,574.304,2016_yk_237,Yukon,2016
549,287.676,7.1181683329737944e-001,0.359254431862463,575.352,2016_yk_237,Yukon,2016
550,288.2,7.0974341521794893e-001,0.3674557233260892,576.4,2016_yk_237,Yukon,2016
551,288.724,7.1155976300185197e-001,0.3763482969934627,577.448,2016_yk_237,Yukon,2016
552,289.248,7.0792907627115531e-001,0.37469073501696504,578.496,2016_yk_237,Yukon,2016
553,289.772,7.0920414466943782e-001,0.3746679266099005,579.544,2016_yk_237,Yukon,2016
554,290.296,7.0853532273946751e-001,0.37459640680489253,580.592,2016_yk_237,Yukon,2016
555,290.82,7.1188505296628934e-001,0.3741330408204616,581.64,2016_yk_237,Yukon,2016
556,291.344,7.0890895287087419e-001,0.3766825208290734,582.688,2016_yk_237,Yukon,2016
557,291.868,7.1115875886312696e-001,0.3771464234345317,583.736,2016_yk_237,Yukon,2016
558,292.392,7.0734681188428505e-001,0.3817656483693194,584.784,2016_yk_237,Yukon,2016
559,292.916,7.0949151860602810e-001,0.39096293209757266,585.832,2016_yk_237,Yukon,2016
560,293.44,7.0734114405464765e-001,0.39209841618928104,586.88,2016_yk_237,Yukon,2016
561,293.964,7.1109533894386368e-001,0.3894622140997876,587.928,2016_yk_237,Yukon,2016
562,294.488,7.1130373908707734e-001,0.3723755235030388,588.976,2016_yk_237,Yukon,2016
563,295.012,7.1050849323967213e-001,0.3860255860147187,590.024,2016_yk_237,Yukon,2016
564,295.536,7.0940162403894180e-001,0.39238815982624176,591.072,2016_yk_237,Yukon,2016
565,296.06,7.1035568530363702e-001,0.3931043161288774,592.12,2016_yk_237,Yukon,2016
566,296.584,7.1235391194840458e-001,0.37954262616793955,593.168,2016_yk_237,Yukon,2016
567,297.108,7.0964845595342341e-001,0.37971116607460575,594.216,2016_yk_237,Yukon,2016
568,297.632,7.1255636682461398e-001,0.40006388074649,595.264,2016_yk_237,Yukon,2016
569,298.156,7.1040598270682331e-001,0.40704995738324246,596.312,2016_yk_237,Yukon,2016
570,298.68,7.0992995395262082e-001,0.4245026646990714,597.36,2016_yk_237,Yukon,2016
571,299.204,7.0938535174560546e-001,0.42953866604326335,598.408,2016_yk_237,Yukon,2016
572,299.728,7.0894184308753316e-001,0.4267017780179709,599.456,2016_yk_237,Yukon,2016
573,300.252,7.1113385966284082e-001,0.43376052519795705,600.504,2016_yk_237,Yukon,2016
574,300.776,7.1249119633864855e-001,0.4302155578635465,601.552,2016_yk_237,Yukon,2016
575,301.3,7.0969031674998639e-001,0.4217016343428791,602.6,2016_yk_237,Yukon,2016
576,301.824,7.1201951931984608e-001,0.41364273944108054,603.648,2016_yk_237,Yukon,2016
577,302.348,7.1129096410229453e-001,0.413205289478318,604.696,2016_yk_237,Yukon,2016
578,302.872,7.1029687480180825e-001,0.41899748946363974,605.744,2016_yk_237,Yukon,2016
579,303.396,7.1114097379979990e-001,0.4292907380835854,606.792,2016_yk_237,Yukon,2016
580,303.92,7.1166512688993433e-001,0.43736829230877655,607.84,2016_yk_237,Yukon,2016
581,304.444,7.1219188230320285e-001,0.45303312417302616,608.888,2016_yk_237,Yukon,2016
582,304.968,7.1038312166687245e-001,0.45034747548399534,609.936,2016_yk_237,Yukon,2016
583,305.492,7.1078579297585065e-001,0.4455658544887568,610.984,2016_yk_237,Yukon,2016
584,306.016,7.0934153569027947e-001,0.44980686454133045,612.032,2016_yk_237,Yukon,2016
585,306.54,7.0837729208488587e-001,0.4497339686680876,613.08,2016_yk_237,Yukon,2016
586,307.064,7.0873686612943787e-001,0.446623189742244,614.128,2016_yk_237,Yukon,2016
587,307.588,7.1057744344411111e-001,0.4527293318675836,615.176,2016_yk_237,Yukon,2016
588,308.112,7.1073584369191989e-001,0.45090867448521166,616.224,2016_yk_237,Yukon,2016
589,308.636,7.0857913330127698e-001,0.4448735452665073,617.272,2016_yk_237,Yukon,2016
590,309.16,7.1152934251834654e-001,0.45145151898803104,618.32,2016_yk_237,Yukon,2016
591,309.684,7.1078541351497193e-001,0.4646961301727901,619.368,2016_yk_237,Yukon,2016
592,310.208,7.1157241551679573e-001,0.46688056128645694,620.416,2016_yk_237,Yukon,2016
593,310.732,7.1066035706604369e-001,0.47021076966437503,621.464,2016_yk_237,Yukon,2016
594,311.25600000000003,7.1067611057866731e-001,0.46902165038470034,622.5120000000001,2016_yk_237,Yukon,2016
595,311.78000000000003,7.0908652144660411e-001,0.4759621855204449,623.5600000000001,2016_yk_237,Yukon,2016
596,312.30400000000003,7.0809294314386295e-001,0.48503764149196865,624.6080000000001,2016_yk_237,Yukon,2016
597,312.82800000000003,7.1121792886384616e-001,0.48977514645902714,625.6560000000001,2016_yk_237,Yukon,2016
598,313.35200000000003,7.1143780985698823e-001,0.4747483862812904,626.7040000000001,2016_yk_237,Yukon,2016
599,313.87600000000003,7.1200420531502107e-001,0.46760733573962543,627.7520000000001,2016_yk_237,Yukon,2016
600,314.40000000000003,7.0954813584167131e-001,0.47576878870706946,628.8000000000001,2016_yk_237,Yukon,2016
601,314.92400000000004,7.1067015760392549e-001,0.485211556160588,629.8480000000001,2016_yk_237,Yukon,2016
602,315.44800000000004,7.0989807388356274e-001,0.47917527968877527,630.8960000000001,2016_yk_237,Yukon,2016
603,315.97200000000004,7.0852697457883318e-001,0.49148724767370494,631.9440000000001,2016_yk_237,Yukon,2016
604,316.49600000000004,7.1086576428904402e-001,0.5058668613008565,632.9920000000001,2016_yk_237,Yukon,2016
605,317.02000000000004,7.1055057350959061e-001,0.5116472066035965,634.0400000000001,2016_yk_237,Yukon,2016
606,317.54400000000004,7.0913514371841502e-001,0.500671993234163,635.0880000000001,2016_yk_237,Yukon,2016
607,318.06800000000004,7.1044036591197091e-001,0.5053689583360335,636.1360000000001,2016_yk_237,Yukon,2016
608,318.59200000000004,7.0951148178223633e-001,0.5102066962824857,637.1840000000001,2016_yk_237,Yukon,2016
609,319.116,7.0803281756965641e-001,0.5270448754789882,638.232,2016_yk_237,Yukon,2016
610,319.64,7.1128162398815742e-001,0.5316541353095116,639.28,2016_yk_237,Yukon,2016
611,320.164,7.1008235301775535e-001,0.5256968947447215,640.328,2016_yk_237,Yukon,2016
612,320.688,7.1108986121723683e-001,0.5175307976691272,641.376,2016_yk_237,Yukon,2016
613,321.212,7.1323176142353595e-001,0.5093057645367965,642.424,2016_yk_237,Yukon,2016
614,321.736,7.1122439012006944e-001,0.5026270208313035,643.472,2016_yk_237,Yukon,2016
615,322.26,7.1193318734405964e-001,0.5088516780986909,644.52,2016_yk_237,Yukon,2016
616,322.784,7.0956499376590787e-001,0.5202977891073125,645.568,2016_yk_237,Yukon,2016
617,323.308,7.1129327971336975e-001,0.5204646848531149,646.616,2016_yk_237,Yukon,2016
618,323.832,7.1054042183990473e-001,0.5164034453884865,647.664,2016_yk_237,Yukon,2016
619,324.356,7.1252769348313449e-001,0.5197386408078111,648.712,2016_yk_237,Yukon,2016
620,324.88,7.1069969032693492e-001,0.505723123309455,649.76,2016_yk_237,Yukon,2016
621,325.404,7.1022301612076100e-001,0.5091666923339186,650.808,2016_yk_237,Yukon,2016
622,325.928,7.1049330376744657e-001,0.5232048865620673,651.856,2016_yk_237,Yukon,2016
623,326.452,7.0887221965575686e-001,0.5287011264261602,652.904,2016_yk_237,Yukon,2016
624,326.976,7.0741022446957802e-001,0.523098035195563,653.952,2016_yk_237,Yukon,2016
625,327.5,7.1120933562147992e-001,0.5219217747130466,655,2016_yk_237,Yukon,2016
626,328.024,7.1123840080792555e-001,0.5298720793129065,656.048,2016_yk_237,Yukon,2016
627,328.548,7.1083588314448154e-001,0.5246067678910072,657.096,2016_yk_237,Yukon,2016
628,329.072,7.0983420681941711e-001,0.5343767463773497,658.144,2016_yk_237,Yukon,2016
629,329.596,7.1120088346434795e-001,0.5315357738201328,659.192,2016_yk_237,Yukon,2016
630,330.12,7.0861899385270688e-001,0.5132140591808595,660.24,2016_yk_237,Yukon,2016
631,330.644,7.0988280843307794e-001,0.518217046706037,661.288,2016_yk_237,Yukon,2016
632,331.168,7.1037685830304242e-001,0.5328865523341046,662.336,2016_yk_237,Yukon,2016
633,331.692,7.1242548130015915e-001,0.5237219121561398,663.384,2016_yk_237,Yukon,2016
634,332.216,7.1055607472146964e-001,0.527446342882911,664.432,2016_yk_237,Yukon,2016
635,332.74,7.1070196047464740e-001,0.5393406970946392,665.48,2016_yk_237,Yukon,2016
636,333.264,7.1182321856907360e-001,0.5556895571023384,666.528,2016_yk_237,Yukon,2016
637,333.788,7.0866485719344519e-001,0.5482437030206426,667.576,2016_yk_237,Yukon,2016
638,334.312,7.1027971206207086e-001,0.5477558844033743,668.624,2016_yk_237,Yukon,2016
639,334.836,7.0981180233313523e-001,0.5359385307743305,669.672,2016_yk_237,Yukon,2016
640,335.36,7.1060979959525850e-001,0.534811517611887,670.72,2016_yk_237,Yukon,2016
641,335.884,7.0922630170540713e-001,0.5336374381470178,671.768,2016_yk_237,Yukon,2016
642,336.408,7.1104374335153187e-001,0.5334445680046771,672.816,2016_yk_237,Yukon,2016
643,336.932,7.1030304470629668e-001,0.5277474525349308,673.864,2016_yk_237,Yukon,2016
644,337.456,7.0967156958410160e-001,0.5187199573751975,674.912,2016_yk_237,Yukon,2016
645,337.98,7.0833776907197255e-001,0.508648658099375,675.96,2016_yk_237,Yukon,2016
646,338.504,7.1128049161513296e-001,0.5153226765327147,677.008,2016_yk_237,Yukon,2016
647,339.028,7.1046846289272547e-001,0.5136971622583434,678.056,2016_yk_237,Yukon,2016
648,339.552,7.0977171667714911e-001,0.5107820462430607,679.104,2016_yk_237,Yukon,2016
649,340.076,7.0878070901424606e-001,0.5141757720149065,680.152,2016_yk_237,Yukon,2016
650,340.6,7.1078898629439380e-001,0.5215926071853093,681.2,2016_yk_237,Yukon,2016
651,341.124,7.0957752680513431e-001,0.5111950446763391,682.248,2016_yk_237,Yukon,2016
652,341.648,7.1138056652702775e-001,0.5061843908929525,683.296,2016_yk_237,Yukon,2016
653,342.172,7.1269871676459595e-001,0.5029999998398532,684.344,2016_yk_237,Yukon,2016
654,342.696,7.1043980812386487e-001,0.501286239249733,685.392,2016_yk_237,Yukon,2016
655,343.22,7.1007552150603537e-001,0.5076444625679971,686.44,2016_yk_237,Yukon,2016
656,343.744,7.1099623434153625e-001,0.519564667954128,687.488,2016_yk_237,Yukon,2016
657,344.26800000000003,7.0815069797842256e-001,0.5163344703900694,688.5360000000001,2016_yk_237,Yukon,2016
658,344.79200000000003,7.1297229973099840e-001,0.48986555010494975,689.5840000000001,2016_yk_237,Yukon,2016
659,345.31600000000003,7.1119586361806897e-001,0.4940126667417036,690.6320000000001,2016_yk_237,Yukon,2016
660,345.84000000000003,7.0954306209064932e-001,0.49471926947873646,691.6800000000001,2016_yk_237,Yukon,2016
661,346.36400000000003,7.0901644748802051e-001,0.4935590078166646,692.7280000000001,2016_yk_237,Yukon,2016
662,346.88800000000003,7.1239245802712103e-001,0.4970097910705142,693.7760000000001,2016_yk_237,Yukon,2016
663,347.41200000000003,7.1223239816214623e-001,0.4783738279149965,694.8240000000001,2016_yk_237,Yukon,2016
664,347.93600000000004,7.1004055091338802e-001,0.4662069794066308,695.8720000000001,2016_yk_237,Yukon,2016
665,348.46000000000004,7.1015107327924620e-001,0.4603815040336164,696.9200000000001,2016_yk_237,Yukon,2016
666,348.98400000000004,7.0690407976983771e-001,0.4704188372941544,697.9680000000001,2016_yk_237,Yukon,2016
667,349.50800000000004,7.1049123983965745e-001,0.47922405245920097,699.0160000000001,2016_yk_237,Yukon,2016
668,350.03200000000004,7.1226989118817063e-001,0.4835370961050433,700.0640000000001,2016_yk_237,Yukon,2016
669,350.55600000000004,7.0927575292440437e-001,0.47163720998753816,701.1120000000001,2016_yk_237,Yukon,2016
670,351.08000000000004,7.0911292136351656e-001,0.4683657840978239,702.1600000000001,2016_yk_237,Yukon,2016
671,351.60400000000004,7.1016613427128639e-001,0.4726326464792324,703.2080000000001,2016_yk_237,Yukon,2016
672,352.12800000000004,7.1091994630430932e-001,0.4675606626763842,704.2560000000001,2016_yk_237,Yukon,2016
673,352.65200000000004,7.1317955922335563e-001,0.473471348391897,705.3040000000001,2016_yk_237,Yukon,2016
674,353.176,7.1113641977080178e-001,0.4716342808359824,706.352,2016_yk_237,Yukon,2016
675,353.7,7.0982312877533649e-001,0.4720713873593767,707.4,2016_yk_237,Yukon,2016
676,354.224,7.0872811490592347e-001,0.4723782163739651,708.448,2016_yk_237,Yukon,2016
677,354.748,7.1303987006970648e-001,0.4667447617865874,709.496,2016_yk_237,Yukon,2016
678,355.272,7.0720659516250239e-001,0.4537892991649947,710.544,2016_yk_237,Yukon,2016
679,355.796,7.1016291553026256e-001,0.4502742567490396,711.592,2016_yk_237,Yukon,2016
680,356.32,7.0919954283234088e-001,0.446823972543938,712.64,2016_yk_237,Yukon,2016
681,356.844,7.1133828950662037e-001,0.4475702345332747,713.688,2016_yk_237,Yukon,2016
682,357.368,7.0884190157836491e-001,0.4437103657444964,714.736,2016_yk_237,Yukon,2016
683,357.892,7.0788330912396946e-001,0.4309911735481092,715.784,2016_yk_237,Yukon,2016
684,358.416,7.1084693293388901e-001,0.43552837654446014,716.832,2016_yk_237,Yukon,2016
685,358.94,7.0924977346457063e-001,0.43940969209424746,717.88,2016_yk_237,Yukon,2016
686,359.464,7.1302534654397209e-001,0.44189531169179475,718.928,2016_yk_237,Yukon,2016
687,359.988,7.0938212186746130e-001,0.4438486479752332,719.976,2016_yk_237,Yukon,2016
688,360.512,7.1101996384824495e-001,0.4308756064065978,721.024,2016_yk_237,Yukon,2016
689,361.036,7.1196534965135350e-001,0.4403980927119464,722.072,2016_yk_237,Yukon,2016
690,361.56,7.0954666577152403e-001,0.448147878181798,723.12,2016_yk_237,Yukon,2016
691,362.084,7.0976098394783271e-001,0.43714493236091984,724.168,2016_yk_237,Yukon,2016
692,362.608,7.1268979907201657e-001,0.4314215492785739,725.216,2016_yk_237,Yukon,2016
693,363.132,7.1190145455308596e-001,0.42971535942361766,726.264,2016_yk_237,Yukon,2016
694,363.656,7.0980300222782666e-001,0.4396978804636719,727.312,2016_yk_237,Yukon,2016
695,364.18,7.1112772514311229e-001,0.4332130136053527,728.36,2016_yk_237,Yukon,2016
696,364.704,7.0689794577496234e-001,0.4308724363911736,729.408,2016_yk_237,Yukon,2016
697,365.228,7.1051086784302309e-001,0.42696701298278467,730.456,2016_yk_237,Yukon,2016
698,365.752,7.1035346846302294e-001,0.42922184619937015,731.504,2016_yk_237,Yukon,2016
699,366.276,7.0754698107230818e-001,0.4280527242271665,732.552,2016_yk_237,Yukon,2016
700,366.8,7.1063494501191060e-001,0.4318938991830266,733.6,2016_yk_237,Yukon,2016
701,367.324,7.1045176744048744e-001,0.42156026344870606,734.648,2016_yk_237,Yukon,2016
702,367.848,7.0981293542429846e-001,0.41240209052297966,735.696,2016_yk_237,Yukon,2016
703,368.372,7.1062010328953928e-001,0.4024090286580926,736.744,2016_yk_237,Yukon,2016
704,368.896,7.1052775540818891e-001,0.40302169242855146,737.792,2016_yk_237,Yukon,2016
705,369.42,7.0737384290987260e-001,0.4034374507122596,738.84,2016_yk_237,Yukon,2016
706,369.944,7.0999970832490644e-001,0.4100837223872617,739.888,2016_yk_237,Yukon,2016
707,370.468,7.0612080690952816e-001,0.40738428591471854,740.936,2016_yk_237,Yukon,2016
708,370.992,7.0916967269837838e-001,0.4083644173066792,741.984,2016_yk_237,Yukon,2016
709,371.516,7.1211887128074780e-001,0.4039753031517859,743.032,2016_yk_237,Yukon,2016
710,372.04,7.1054171313367209e-001,0.4048093384513712,744.08,2016_yk_237,Yukon,2016
711,372.564,7.0901450442147362e-001,0.3959205508063073,745.128,2016_yk_237,Yukon,2016
712,373.088,7.0801859932360656e-001,0.39877917232079474,746.176,2016_yk_237,Yukon,2016
713,373.612,7.0855283109288913e-001,0.3992190360902647,747.224,2016_yk_237,Yukon,2016
714,374.136,7.1113141874775743e-001,0.3964729224081248,748.272,2016_yk_237,Yukon,2016
715,374.66,7.0964566163878662e-001,0.39740387089675294,749.32,2016_yk_237,Yukon,2016
716,375.184,7.1273678991818545e-001,0.3921378194494291,750.368,2016_yk_237,Yukon,2016
717,375.708,7.1172169391081930e-001,0.3888011838053185,751.416,2016_yk_237,Yukon,2016
718,376.232,7.1006775088408147e-001,0.38934210244499345,752.464,2016_yk_237,Yukon,2016
719,376.75600000000003,7.1024193000436986e-001,0.39010717179601095,753.5120000000001,2016_yk_237,Yukon,2016
720,377.28000000000003,7.1136371467243320e-001,0.3930223263126496,754.5600000000001,2016_yk_237,Yukon,2016
721,377.80400000000003,7.1140467944234975e-001,0.3895095255581249,755.6080000000001,2016_yk_237,Yukon,2016
722,378.32800000000003,7.1102649479562452e-001,0.3832818051176036,756.6560000000001,2016_yk_237,Yukon,2016
723,378.85200000000003,7.1378124794462638e-001,0.38846627746401863,757.7040000000001,2016_yk_237,Yukon,2016
724,379.37600000000003,7.1213056796888508e-001,0.38762606947998673,758.7520000000001,2016_yk_237,Yukon,2016
725,379.90000000000003,7.1201412884309456e-001,0.3965678027081216,759.8000000000001,2016_yk_237,Yukon,2016
726,380.42400000000004,7.1405237270052224e-001,0.39248059777738253,760.8480000000001,2016_yk_237,Yukon,2016
727,380.94800000000004,7.1112786482205570e-001,0.38896031861048747,761.8960000000001,2016_yk_237,Yukon,2016
728,381.47200000000004,7.0881416536090880e-001,0.38400294278975405,762.9440000000001,2016_yk_237,Yukon,2016
729,381.99600000000004,7.0917144028988199e-001,0.3903297009892665,763.9920000000001,2016_yk_237,Yukon,2016
730,382.52000000000004,7.1025983751437172e-001,0.388855830901236,765.0400000000001,2016_yk_237,Yukon,2016
731,383.04400000000004,7.0793007266436392e-001,0.3969709861074851,766.0880000000001,2016_yk_237,Yukon,2016
732,383.56800000000004,7.1266982785344013e-001,0.39195272049601726,767.1360000000001,2016_yk_237,Yukon,2016
733,384.09200000000004,7.0656833294643551e-001,0.38156433693521,768.1840000000001,2016_yk_237,Yukon,2016
734,384.61600000000004,7.1177506587734318e-001,0.3855455501253693,769.2320000000001,2016_yk_237,Yukon,2016
735,385.14000000000004,7.1092975715143869e-001,0.387347606547142,770.2800000000001,2016_yk_237,Yukon,2016
736,385.66400000000004,7.1004334816462100e-001,0.3880802472437382,771.3280000000001,2016_yk_237,Yukon,2016
737,386.188,7.0980056974223138e-001,0.3826687233758446,772.376,2016_yk_237,Yukon,2016
738,386.712,7.0648645006294175e-001,0.38330809924972886,773.424,2016_yk_237,Yukon,2016
739,387.236,7.0939981714424716e-001,0.385028674883304,774.472,2016_yk_237,Yukon,2016
740,387.76,7.0736461349884228e-001,0.37766123867058465,775.52,2016_yk_237,Yukon,2016
741,388.284,7.0846924995929894e-001,0.3772774306942615,776.568,2016_yk_237,Yukon,2016
742,388.808,7.0876584567602485e-001,0.3732844769481369,777.616,2016_yk_237,Yukon,2016
743,389.332,7.1183280255540748e-001,0.3756668403128724,778.664,2016_yk_237,Yukon,2016
744,389.856,7.1255324365095729e-001,0.3729551755451662,779.712,2016_yk_237,Yukon,2016
745,390.38,7.0876572828105799e-001,0.36249801632456286,780.76,2016_yk_237,Yukon,2016
746,390.904,7.1078445784218014e-001,0.3574147500327043,781.808,2016_yk_237,Yukon,2016
747,391.428,7.1108537310296482e-001,0.360999228789852,782.856,2016_yk_237,Yukon,2016
748,391.952,7.0827250990305091e-001,0.3660459804496304,783.904,2016_yk_237,Yukon,2016
749,392.476,7.0954599818019726e-001,0.37029237223239875,784.952,2016_yk_237,Yukon,2016
750,393,7.0826809356016096e-001,0.35940912781142453,786,2016_yk_237,Yukon,2016
751,393.524,7.1162475895295019e-001,0.35239990927933124,787.048,2016_yk_237,Yukon,2016
752,394.048,7.0989227803666832e-001,0.3535788133197958,788.096,2016_yk_237,Yukon,2016
753,394.572,7.0964682117405398e-001,0.3496914893997266,789.144,2016_yk_237,Yukon,2016
754,395.096,7.1216877562730918e-001,0.3455482555660174,790.192,2016_yk_237,Yukon,2016
755,395.62,7.0936752789322488e-001,0.3453902109151213,791.24,2016_yk_237,Yukon,2016
756,396.144,7.1408938630412955e-001,0.34532371612875545,792.288,2016_yk_237,Yukon,2016
757,396.668,7.1285268043904282e-001,0.35009629740610676,793.336,2016_yk_237,Yukon,2016
758,397.192,7.1033795231318531e-001,0.3513820260468758,794.384,2016_yk_237,Yukon,2016
759,397.716,7.0734450187510478e-001,0.34250798484096506,795.432,2016_yk_237,Yukon,2016
760,398.24,7.1072512801858434e-001,0.340613295966949,796.48,2016_yk_237,Yukon,2016
761,398.764,7.0844525036640726e-001,0.3479686544299082,797.528,2016_yk_237,Yukon,2016
762,399.288,7.1173682962585882e-001,0.34148510812184396,798.576,2016_yk_237,Yukon,2016
763,399.812,7.0947507398679133e-001,0.34510394859884086,799.624,2016_yk_237,Yukon,2016
764,400.336,7.0823373728665251e-001,0.3540911209413051,800.672,2016_yk_237,Yukon,2016
765,400.86,7.1257733050054983e-001,0.34978475927566677,801.72,2016_yk_237,Yukon,2016
766,401.384,7.0865831855051031e-001,0.34829970743107724,802.768,2016_yk_237,Yukon,2016
767,401.908,7.0820886069282452e-001,0.3431976035413941,803.816,2016_yk_237,Yukon,2016
768,402.432,7.1238362862107951e-001,0.34524554091105975,804.864,2016_yk_237,Yukon,2016
769,402.956,7.0992131625413346e-001,0.35183954567290737,805.912,2016_yk_237,Yukon,2016
770,403.48,7.0997970654208553e-001,0.35350966755919666,806.96,2016_yk_237,Yukon,2016
771,404.004,7.0623723265692795e-001,0.3552183167065359,808.008,2016_yk_237,Yukon,2016
772,404.528,7.1211423322470346e-001,0.35843178072283693,809.056,2016_yk_237,Yukon,2016
773,405.052,7.1009945827578613e-001,0.3537687063436427,810.104,2016_yk_237,Yukon,2016
774,405.576,7.1100856651473610e-001,0.3537207422042921,811.152,2016_yk_237,Yukon,2016
775,406.1,7.0783209942400138e-001,0.3510397700144481,812.2,2016_yk_237,Yukon,2016
776,406.624,7.0859850125312240e-001,0.34638818845948666,813.248,2016_yk_237,Yukon,2016
777,407.148,7.1129554031051079e-001,0.3408672757913343,814.296,2016_yk_237,Yukon,2016
778,407.672,7.0897525694784314e-001,0.3460557311288743,815.344,2016_yk_237,Yukon,2016
779,408.196,7.0940650462600219e-001,0.34723616071498753,816.392,2016_yk_237,Yukon,2016
780,408.72,7.1520432534929856e-001,0.34469067519509095,817.44,2016_yk_237,Yukon,2016
781,409.244,7.0920638102521316e-001,0.33696607487062813,818.488,2016_yk_237,Yukon,2016
782,409.76800000000003,7.0809853725608418e-001,0.3317665103122688,819.5360000000001,2016_yk_237,Yukon,2016
783,410.29200000000003,7.0969993303813195e-001,0.31986730460761686,820.5840000000001,2016_yk_237,Yukon,2016
784,410.81600000000003,7.1054581437185238e-001,0.31209706870139603,821.6320000000001,2016_yk_237,Yukon,2016
785,411.34000000000003,7.0874693103643327e-001,0.3287524283441574,822.6800000000001,2016_yk_237,Yukon,2016
786,411.86400000000003,7.0863717560999528e-001,0.343281196160605,823.7280000000001,2016_yk_237,Yukon,2016
787,412.38800000000003,7.1271916415439707e-001,0.33867903858557796,824.7760000000001,2016_yk_237,Yukon,2016
788,412.91200000000003,7.0974634737901210e-001,0.33653549911961783,825.8240000000001,2016_yk_237,Yukon,2016
789,413.43600000000004,7.1075309677336296e-001,0.33381545195543394,826.8720000000001,2016_yk_237,Yukon,2016
790,413.96000000000004,7.0833439002261123e-001,0.3362598924249824,827.9200000000001,2016_yk_237,Yukon,2016
791,414.48400000000004,7.1081456276496136e-001,0.3328663158558482,828.9680000000001,2016_yk_237,Yukon,2016
792,415.00800000000004,7.1034276332030022e-001,0.33158690254458256,830.0160000000001,2016_yk_237,Yukon,2016
793,415.53200000000004,7.1006816803022232e-001,0.33222173325874393,831.0640000000001,2016_yk_237,Yukon,2016
794,416.05600000000004,7.1081264556927681e-001,0.3367294324285379,832.1120000000001,2016_yk_237,Yukon,2016
795,416.58000000000004,7.0823874943786580e-001,0.3327537438939461,833.1600000000001,2016_yk_237,Yukon,2016
796,417.10400000000004,7.1154889007107536e-001,0.3266647769249443,834.2080000000001,2016_yk_237,Yukon,2016
797,417.62800000000004,7.0989451517376356e-001,0.3187263336601726,835.2560000000001,2016_yk_237,Yukon,2016
798,418.15200000000004,7.1227851979048118e-001,0.3189087029040076,836.3040000000001,2016_yk_237,Yukon,2016
799,418.67600000000004,7.0837213858642545e-001,0.3219215416321933,837.3520000000001,2016_yk_237,Yukon,2016
800,419.20000000000005,7.0844571321599603e-001,0.32176432547422,838.4000000000001,2016_yk_237,Yukon,2016
801,419.72400000000005,7.1057297992661994e-001,0.32776863669650075,839.4480000000001,2016_yk_237,Yukon,2016
802,420.248,7.1202120148295600e-001,0.33023341513339555,840.496,2016_yk_237,Yukon,2016
803,420.772,7.1019722090346848e-001,0.3279214628330444,841.544,2016_yk_237,Yukon,2016
804,421.296,7.0870517200816074e-001,0.3212157508517728,842.592,2016_yk_237,Yukon,2016
805,421.82,7.1033272894226052e-001,0.3204999404337497,843.64,2016_yk_237,Yukon,2016
806,422.344,7.1079331588505701e-001,0.3210385450820698,844.688,2016_yk_237,Yukon,2016
807,422.868,7.0809907510879033e-001,0.31579944597853665,845.736,2016_yk_237,Yukon,2016
808,423.392,7.0720899282578387e-001,0.31726402143856264,846.784,2016_yk_237,Yukon,2016
809,423.916,7.1051093960327805e-001,0.3172876455837816,847.832,2016_yk_237,Yukon,2016
810,424.44,7.1096550492225974e-001,0.31604172053449314,848.88,2016_yk_237,Yukon,2016
811,424.964,7.0760033216577256e-001,0.3088068817306308,849.928,2016_yk_237,Yukon,2016
812,425.488,7.0989714529655290e-001,0.31095271224704235,850.976,2016_yk_237,Yukon,2016
813,426.012,7.0811275607813395e-001,0.31557011405273083,852.024,2016_yk_237,Yukon,2016
814,426.536,7.1489291000365240e-001,0.3161948489536149,853.072,2016_yk_237,Yukon,2016
815,427.06,7.0752524398133687e-001,0.31010030842673086,854.12,2016_yk_237,Yukon,2016
816,427.584,7.1316355894518624e-001,0.30895873260706047,855.168,2016_yk_237,Yukon,2016
817,428.108,7.0897002976880641e-001,0.3098675210930651,856.216,2016_yk_237,Yukon,2016
818,428.632,7.1146425381303635e-001,0.31037149664072733,857.264,2016_yk_237,Yukon,2016
819,429.156,7.0680761138340753e-001,0.3078043987744833,858.312,2016_yk_237,Yukon,2016
820,429.68,7.0993763134452792e-001,0.31211103862313566,859.36,2016_yk_237,Yukon,2016
821,430.204,7.0965447203987386e-001,0.31253103722646663,860.408,2016_yk_237,Yukon,2016
822,430.728,7.1356285636273586e-001,0.3048601622398726,861.456,2016_yk_237,Yukon,2016
823,431.252,7.0903750025930046e-001,0.3015722285973307,862.504,2016_yk_237,Yukon,2016
824,431.776,7.1104118406666428e-001,0.2986108924407586,863.552,2016_yk_237,Yukon,2016
825,432.3,7.1134532454028032e-001,0.3003980155890272,864.6,2016_yk_237,Yukon,2016
826,432.824,7.0718143193944882e-001,0.29462304973562076,865.648,2016_yk_237,Yukon,2016
827,433.348,7.1172138263046714e-001,0.30173208227049214,866.696,2016_yk_237,Yukon,2016
828,433.872,7.1110957757486881e-001,0.3048702669664469,867.744,2016_yk_237,Yukon,2016
829,434.396,7.1186430783391497e-001,0.3073976025392813,868.792,2016_yk_237,Yukon,2016
830,434.92,7.0958169422373985e-001,0.3104076599028935,869.84,2016_yk_237,Yukon,2016
831,435.444,7.1278755119753623e-001,0.31434374717566416,870.888,2016_yk_237,Yukon,2016
832,435.968,7.1122675533991908e-001,0.3075079105614947,871.936,2016_yk_237,Yukon,2016
833,436.492,7.0822626546160328e-001,0.3061154679771232,872.984,2016_yk_237,Yukon,2016
834,437.016,7.1247659534315677e-001,0.29962046423816296,874.032,2016_yk_237,Yukon,2016
835,437.54,7.0703539560151629e-001,0.2990022922590234,875.08,2016_yk_237,Yukon,2016
836,438.064,7.0813741366459249e-001,0.3032769374816037,876.128,2016_yk_237,Yukon,2016
837,438.588,7.0970520591885577e-001,0.30431109057118805,877.176,2016_yk_237,Yukon,2016
838,439.112,7.0731436625249955e-001,0.302167837723011,878.224,2016_yk_237,Yukon,2016
839,439.636,7.0952903961748170e-001,0.3020955186778702,879.272,2016_yk_237,Yukon,2016
840,440.16,7.1081892742699615e-001,0.30033207509586235,880.32,2016_yk_237,Yukon,2016
841,440.684,7.1136776491036868e-001,0.3041126594287394,881.368,2016_yk_237,Yukon,2016
842,441.208,7.0857268524088235e-001,0.3089970405025201,882.416,2016_yk_237,Yukon,2016
843,441.732,7.0702416549857794e-001,0.30445932220632094,883.464,2016_yk_237,Yukon,2016
844,442.25600000000003,7.0892941057447689e-001,0.3001685632802226,884.5120000000001,2016_yk_237,Yukon,2016
845,442.78000000000003,7.1364466943666205e-001,0.2969356022139361,885.5600000000001,2016_yk_237,Yukon,2016
846,443.30400000000003,7.0947571464196535e-001,0.2970760231784154,886.6080000000001,2016_yk_237,Yukon,2016
847,443.82800000000003,7.1226743271038473e-001,0.2992553015524002,887.6560000000001,2016_yk_237,Yukon,2016
848,444.35200000000003,7.0806471925356773e-001,0.3039690985509909,888.7040000000001,2016_yk_237,Yukon,2016
849,444.87600000000003,7.0977514797968688e-001,0.30793365007867624,889.7520000000001,2016_yk_237,Yukon,2016
850,445.40000000000003,7.0929021837928485e-001,0.3062059664465238,890.8000000000001,2016_yk_237,Yukon,2016
851,445.92400000000004,7.1342223370812152e-001,0.3084925731466666,891.8480000000001,2016_yk_237,Yukon,2016
852,446.44800000000004,7.0903607945862313e-001,0.30948311440996723,892.8960000000001,2016_yk_237,Yukon,2016
853,446.97200000000004,7.1168892694454233e-001,0.30832601625251793,893.9440000000001,2016_yk_237,Yukon,2016
854,447.49600000000004,7.0909929552290607e-001,0.3079738375252598,894.9920000000001,2016_yk_237,Yukon,2016
855,448.02000000000004,7.0895348106958822e-001,0.30498251734859905,896.0400000000001,2016_yk_237,Yukon,2016
856,448.54400000000004,7.0892944776563582e-001,0.2980463787839889,897.0880000000001,2016_yk_237,Yukon,2016
857,449.06800000000004,7.1018213649290818e-001,0.30518410400452617,898.1360000000001,2016_yk_237,Yukon,2016
858,449.59200000000004,7.0988263427579068e-001,0.3067283175966794,899.1840000000001,2016_yk_237,Yukon,2016
859,450.11600000000004,7.1437448488229516e-001,0.303597416491291,900.2320000000001,2016_yk_237,Yukon,2016
860,450.64000000000004,7.0762179596661923e-001,0.30197163175366987,901.2800000000001,2016_yk_237,Yukon,2016
861,451.16400000000004,7.1123194863148831e-001,0.2988172055988188,902.3280000000001,2016_yk_237,Yukon,2016
862,451.68800000000005,7.1092297305589303e-001,0.29586331134285754,903.3760000000001,2016_yk_237,Yukon,2016
863,452.21200000000005,7.0936405802264157e-001,0.29824278267106696,904.4240000000001,2016_yk_237,Yukon,2016
864,452.73600000000005,7.1079672173589958e-001,0.29813763020899064,905.4720000000001,2016_yk_237,Yukon,2016
865,453.26,7.1064620602537365e-001,0.29792163488589324,906.52,2016_yk_237,Yukon,2016
866,453.784,7.1027058786379771e-001,0.2942458223709296,907.568,2016_yk_237,Yukon,2016
867,454.308,7.0875883386811500e-001,0.2945822476867066,908.616,2016_yk_237,Yukon,2016
868,454.832,7.0838162243778702e-001,0.28931404920356757,909.664,2016_yk_237,Yukon,2016
869,455.356,7.1021899065847360e-001,0.29395217718581046,910.712,2016_yk_237,Yukon,2016
870,455.88,7.0845775468762207e-001,0.3001309054718134,911.76,2016_yk_237,Yukon,2016
871,456.404,7.1317164219826923e-001,0.29929129448889674,912.808,2016_yk_237,Yukon,2016
872,456.928,7.1269250515136506e-001,0.2980992220054048,913.856,2016_yk_237,Yukon,2016
873,457.452,7.0525225644500411e-001,0.30346079896604095,914.904,2016_yk_237,Yukon,2016
874,457.976,7.1058260928834194e-001,0.3078683143065577,915.952,2016_yk_237,Yukon,2016
875,458.5,7.0954944263308473e-001,0.30140476079677186,917,2016_yk_237,Yukon,2016
876,459.024,7.1183053863319079e-001,0.2905796589658837,918.048,2016_yk_237,Yukon,2016
877,459.548,7.1083961572365584e-001,0.28463487205964527,919.096,2016_yk_237,Yukon,2016
878,460.072,7.1021975428568351e-001,0.2877488646189113,920.144,2016_yk_237,Yukon,2016
879,460.596,7.0746648051138683e-001,0.3013390350130524,921.192,2016_yk_237,Yukon,2016
880,461.12,7.0947466767609479e-001,0.307738962198325,922.24,2016_yk_237,Yukon,2016
881,461.644,7.1117309414253438e-001,0.30977250263669254,923.288,2016_yk_237,Yukon,2016
882,462.168,7.1310282627958232e-001,0.30872590280192336,924.336,2016_yk_237,Yukon,2016
883,462.692,7.1106075958590154e-001,0.3092920540820962,925.384,2016_yk_237,Yukon,2016
884,463.216,7.0908742135491309e-001,0.3076149441064638,926.432,2016_yk_237,Yukon,2016
885,463.74,7.0717156067611242e-001,0.30542124584876346,927.48,2016_yk_237,Yukon,2016
886,464.264,7.1417813592958512e-001,0.3057445261823132,928.528,2016_yk_237,Yukon,2016
887,464.788,7.0931347178903936e-001,0.3055081372742192,929.576,2016_yk_237,Yukon,2016
888,465.312,7.1141837262392771e-001,0.31015864958103334,930.624,2016_yk_237,Yukon,2016
889,465.836,7.1018578163962953e-001,0.29998274220982224,931.672,2016_yk_237,Yukon,2016
890,466.36,7.1028179400298619e-001,0.3031398118618672,932.72,2016_yk_237,Yukon,2016
891,466.884,7.0705664833663262e-001,0.3074528920843885,933.768,2016_yk_237,Yukon,2016
892,467.408,7.1025011527537796e-001,0.3109321550574925,934.816,2016_yk_237,Yukon,2016
893,467.932,7.1097709610151993e-001,0.3111991530307752,935.864,2016_yk_237,Yukon,2016
894,468.456,7.1220369362972480e-001,0.30606899117445696,936.912,2016_yk_237,Yukon,2016
895,468.98,7.0559592314690467e-001,0.30816850682829333,937.96,2016_yk_237,Yukon,2016
896,469.504,7.1016151226497470e-001,0.3053390056247164,939.008,2016_yk_237,Yukon,2016
897,470.028,7.0955012087005942e-001,0.3010723524911383,940.056,2016_yk_237,Yukon,2016
898,470.552,7.0654417228630095e-001,0.3037580995360224,941.104,2016_yk_237,Yukon,2016
899,471.076,7.1134113005450295e-001,0.3078547792646474,942.152,2016_yk_237,Yukon,2016
900,471.6,7.0807229782499848e-001,0.30417379548783036,943.2,2016_yk_237,Yukon,2016
901,472.124,7.1043536690483611e-001,0.2946252258858507,944.248,2016_yk_237,Yukon,2016
902,472.648,7.1151976669665595e-001,0.3100953783240116,945.296,2016_yk_237,Yukon,2016
903,473.172,7.0820947648356891e-001,0.31270121728149264,946.344,2016_yk_237,Yukon,2016
904,473.696,7.0857340063155161e-001,0.3107101608234678,947.392,2016_yk_237,Yukon,2016
905,474.22,7.0934442662406827e-001,0.3134809142562724,948.44,2016_yk_237,Yukon,2016
906,474.744,7.0786988691027763e-001,0.3124014322630919,949.488,2016_yk_237,Yukon,2016
907,475.26800000000003,7.1085040525103393e-001,0.3131798294143281,950.5360000000001,2016_yk_237,Yukon,2016
908,475.79200000000003,7.1014293063187950e-001,0.30936540873220486,951.5840000000001,2016_yk_237,Yukon,2016
909,476.31600000000003,7.1204297567559782e-001,0.31177580730889637,952.6320000000001,2016_yk_237,Yukon,2016
910,476.84000000000003,7.0858120752932874e-001,0.3246876003892515,953.6800000000001,2016_yk_237,Yukon,2016
911,477.36400000000003,7.1064257411431653e-001,0.32471791236764536,954.7280000000001,2016_yk_237,Yukon,2016
912,477.88800000000003,7.1072422737526586e-001,0.3219198895123154,955.7760000000001,2016_yk_237,Yukon,2016
913,478.41200000000003,7.0901627363725073e-001,0.321022311751311,956.8240000000001,2016_yk_237,Yukon,2016
914,478.93600000000004,7.0836403648402879e-001,0.31547274408399417,957.8720000000001,2016_yk_237,Yukon,2016
915,479.46000000000004,7.0937258711207474e-001,0.31490733806860616,958.9200000000001,2016_yk_237,Yukon,2016
916,479.98400000000004,7.0685736013466083e-001,0.31705746813391783,959.9680000000001,2016_yk_237,Yukon,2016
917,480.50800000000004,7.0676449373599948e-001,0.32202948524970026,961.0160000000001,2016_yk_237,Yukon,2016
918,481.03200000000004,7.0940055562558890e-001,0.3167199759406903,962.0640000000001,2016_yk_237,Yukon,2016
919,481.55600000000004,7.0973933441036663e-001,0.31546049070631826,963.1120000000001,2016_yk_237,Yukon,2016
920,482.08000000000004,7.0875479580489209e-001,0.3141357302122665,964.1600000000001,2016_yk_237,Yukon,2016
921,482.60400000000004,7.0935124956041740e-001,0.3077641507318626,965.2080000000001,2016_yk_237,Yukon,2016
922,483.12800000000004,7.0608003045119339e-001,0.31238636286580757,966.2560000000001,2016_yk_237,Yukon,2016
923,483.65200000000004,7.0838879247633135e-001,0.3189048516718621,967.3040000000001,2016_yk_237,Yukon,2016
924,484.17600000000004,7.0977335911417971e-001,0.3192462858262568,968.3520000000001,2016_yk_237,Yukon,2016
925,484.70000000000005,7.1013753219870335e-001,0.31361667498133755,969.4000000000001,2016_yk_237,Yukon,2016
926,485.22400000000005,7.1126212212277418e-001,0.3054196064511602,970.4480000000001,2016_yk_237,Yukon,2016
927,485.74800000000005,7.0946315139387106e-001,0.3052597764333226,971.4960000000001,2016_yk_237,Yukon,2016
928,486.27200000000005,7.1414507203888089e-001,0.3078367077476717,972.5440000000001,2016_yk_237,Yukon,2016
929,486.79600000000005,7.1386318161244799e-001,0.3130594723532613,973.5920000000001,2016_yk_237,Yukon,2016
930,487.32,7.1112631239948820e-001,0.3099370784871255,974.64,2016_yk_237,Yukon,2016
931,487.844,7.0753933577633821e-001,0.31719589870656417,975.688,2016_yk_237,Yukon,2016
932,488.368,7.1131286391966519e-001,0.31936716011607963,976.736,2016_yk_237,Yukon,2016
933,488.892,7.0690011312905932e-001,0.32014000210184396,977.784,2016_yk_237,Yukon,2016
934,489.416,7.1314488796212872e-001,0.3169437697376475,978.832,2016_yk_237,Yukon,2016
935,489.94,7.0808920893746230e-001,0.319276279631367,979.88,2016_yk_237,Yukon,2016
936,490.464,7.1127681891397609e-001,0.32690943409469386,980.928,2016_yk_237,Yukon,2016
937,490.988,7.1043903477426495e-001,0.3293950342959041,981.976,2016_yk_237,Yukon,2016
938,491.512,7.0961472667534653e-001,0.3285351772389194,983.024,2016_yk_237,Yukon,2016
939,492.036,7.1312717826262240e-001,0.33475144598693785,984.072,2016_yk_237,Yukon,2016
940,492.56,7.0926259917401524e-001,0.33157225882929076,985.12,2016_yk_237,Yukon,2016
941,493.084,7.0997211204544874e-001,0.3312935108911894,986.168,2016_yk_237,Yukon,2016
942,493.608,7.0672119524617716e-001,0.3296859395799787,987.216,2016_yk_237,Yukon,2016
943,494.132,7.0662824517597356e-001,0.32939310069683764,988.264,2016_yk_237,Yukon,2016
944,494.656,7.0907495320682290e-001,0.3304675736933562,989.312,2016_yk_237,Yukon,2016
945,495.18,7.1244165580765662e-001,0.3315913233251391,990.36,2016_yk_237,Yukon,2016
946,495.704,7.1157874105888042e-001,0.3254078623692043,991.408,2016_yk_237,Yukon,2016
947,496.228,7.0782516820282615e-001,0.32593628438260014,992.456,2016_yk_237,Yukon,2016
948,496.752,7.0815427099277517e-001,0.32402672117835485,993.504,2016_yk_237,Yukon,2016
949,497.276,7.0721299454941711e-001,0.31488948999870137,994.552,2016_yk_237,Yukon,2016
950,497.8,7.1159479596784980e-001,0.3244572553056366,995.6,2016_yk_237,Yukon,2016
951,498.324,7.1045691615694573e-001,0.32660543178518364,996.648,2016_yk_237,Yukon,2016
952,498.848,7.1147818123825590e-001,0.3251663468521472,997.696,2016_yk_237,Yukon,2016
953,499.372,7.1257975717820665e-001,0.323607359312059,998.744,2016_yk_237,Yukon,2016
954,499.896,7.1246808655032112e-001,0.32339319373583025,999.792,2016_yk_237,Yukon,2016
955,500.42,7.1071315975512295e-001,0.3282155857384197,1000.84,2016_yk_237,Yukon,2016
956,500.944,7.0970281444728467e-001,0.3284421609467041,1001.888,2016_yk_237,Yukon,2016
957,501.468,7.1009812648109982e-001,0.33137444863558224,1002.936,2016_yk_237,Yukon,2016
958,501.992,7.0807041257579584e-001,0.33251812490388627,1003.984,2016_yk_237,Yukon,2016
959,502.516,7.0962257254545213e-001,0.33242964186157914,1005.032,2016_yk_237,Yukon,2016
960,503.04,7.0972170864295803e-001,0.3290475907065108,1006.08,2016_yk_237,Yukon,2016
961,503.564,7.1011776261209458e-001,0.32800671216300337,1007.128,2016_yk_237,Yukon,2016
962,504.088,7.1311029161729467e-001,0.327416992473812,1008.176,2016_yk_237,Yukon,2016
963,504.612,7.1149847179655501e-001,0.3288181361915011,1009.224,2016_yk_237,Yukon,2016
964,505.136,7.1142580265402477e-001,0.3313150569064723,1010.272,2016_yk_237,Yukon,2016
965,505.66,7.1157208150471329e-001,0.33182924142126535,1011.32,2016_yk_237,Yukon,2016
966,506.184,7.0941436520906209e-001,0.33788816490403123,1012.368,2016_yk_237,Yukon,2016
967,506.708,7.1110007218344862e-001,0.3349890693526355,1013.416,2016_yk_237,Yukon,2016
968,507.232,7.1051990046313906e-001,0.3405428020965378,1014.464,2016_yk_237,Yukon,2016
969,507.75600000000003,7.0960246805002258e-001,0.3372163475423402,1015.5120000000001,2016_yk_237,Yukon,2016
970,508.28000000000003,7.1257121692183756e-001,0.33678567913828594,1016.5600000000001,2016_yk_237,Yukon,2016
971,508.80400000000003,7.1434549768035493e-001,0.33927630489106364,1017.6080000000001,2016_yk_237,Yukon,2016
972,509.32800000000003,7.0877874965950360e-001,0.34356006670205713,1018.6560000000001,2016_yk_237,Yukon,2016
973,509.85200000000003,7.0909402383356923e-001,0.3433575733932433,1019.7040000000001,2016_yk_237,Yukon,2016
974,510.37600000000003,7.1319388519801041e-001,0.33811561153721353,1020.7520000000001,2016_yk_237,Yukon,2016
975,510.90000000000003,7.0830114138484590e-001,0.3360840368702868,1021.8000000000001,2016_yk_237,Yukon,2016
976,511.42400000000004,7.1031086892744189e-001,0.33984863763584106,1022.8480000000001,2016_yk_237,Yukon,2016
977,511.94800000000004,7.1176353615932353e-001,0.340805649369046,1023.8960000000001,2016_yk_237,Yukon,2016
978,512.472,7.0995475673053721e-001,0.34929788872243506,1024.944,2016_yk_237,Yukon,2016
979,512.996,7.1191370328067571e-001,0.33793365067389197,1025.992,2016_yk_237,Yukon,2016
980,513.52,7.1170243088624796e-001,0.3391041609864246,1027.04,2016_yk_237,Yukon,2016
981,514.044,7.1254999415120734e-001,0.34698607143480725,1028.088,2016_yk_237,Yukon,2016
982,514.568,7.1030636522888901e-001,0.3491504619576947,1029.136,2016_yk_237,Yukon,2016
983,515.092,7.1083904697134714e-001,0.346257807204296,1030.184,2016_yk_237,Yukon,2016
984,515.616,7.1038851824526306e-001,0.3559464489568969,1031.232,2016_yk_237,Yukon,2016
985,516.14,7.1145206777432379e-001,0.3561814358391543,1032.28,2016_yk_237,Yukon,2016
986,516.664,7.0824250973220826e-001,0.3596578589587809,1033.328,2016_yk_237,Yukon,2016
987,517.188,7.1203108128441839e-001,0.364905191652828,1034.376,2016_yk_237,Yukon,2016
988,517.712,7.1058024981132084e-001,0.36390999120855066,1035.424,2016_yk_237,Yukon,2016
989,518.236,7.1225627434535244e-001,0.3565419709870912,1036.472,2016_yk_237,Yukon,2016
990,518.76,7.1090701520795929e-001,0.3531972648661574,1037.52,2016_yk_237,Yukon,2016
991,519.284,7.1059147625471808e-001,0.35376898521066047,1038.568,2016_yk_237,Yukon,2016
992,519.808,7.1159076960977863e-001,0.34975274710126725,1039.616,2016_yk_237,Yukon,2016
993,520.332,7.1072038500599366e-001,0.3526881449415619,1040.664,2016_yk_237,Yukon,2016
994,520.856,7.1013849114201399e-001,0.34562366821321755,1041.712,2016_yk_237,Yukon,2016
995,521.38,7.0972384447550962e-001,0.34202045740693726,1042.76,2016_yk_237,Yukon,2016
996,521.904,7.1082171912060022e-001,0.3464896679541303,1043.808,2016_yk_237,Yukon,2016
997,522.428,7.0808278924636481e-001,0.3473766681715724,1044.856,2016_yk_237,Yukon,2016
998,522.952,7.1232177458281898e-001,0.3454978904228861,1045.904,2016_yk_237,Yukon,2016
999,523.476,7.0997170503092799e-001,0.355055547305468,1046.952,2016_yk_237,Yukon,2016
1000,524,7.1099633417948893e-001,0.353818624597431,1048,2016_yk_237,Yukon,2016
1001,524.524,7.0973868134849316e-001,0.35162093994315846,1049.048,2016_yk_237,Yukon,2016
1002,525.048,7.1397310672681569e-001,0.35065944814969124,1050.096,2016_yk_237,Yukon,2016
1003,525.572,7.1073287005261676e-001,0.35960469489417646,1051.144,2016_yk_237,Yukon,2016
1004,526.096,7.1101971311761480e-001,0.3504736508494451,1052.192,2016_yk_237,Yukon,2016
1005,526.62,7.1064606424898824e-001,0.3416670492844782,1053.24,2016_yk_237,Yukon,2016
1006,527.144,7.1252826608953856e-001,0.33747194176957046,1054.288,2016_yk_237,Yukon,2016
1007,527.668,7.1163911252337420e-001,0.33366265230155456,1055.336,2016_yk_237,Yukon,2016
1008,528.192,7.1070241427900505e-001,0.34661729441276,1056.384,2016_yk_237,Yukon,2016
1009,528.716,7.1218390086283123e-001,0.3489776981047831,1057.432,2016_yk_237,Yukon,2016
1010,529.24,7.1365368429724219e-001,0.35089319910835914,1058.48,2016_yk_237,Yukon,2016
1011,529.764,7.1365679393353032e-001,0.34239142295040237,1059.528,2016_yk_237,Yukon,2016
1012,530.288,7.1146742169574340e-001,0.33946705121431525,1060.576,2016_yk_237,Yukon,2016
1013,530.812,7.1252132268021595e-001,0.341762058860012,1061.624,2016_yk_237,Yukon,2016
1014,531.336,7.1073625862643330e-001,0.35522529703192224,1062.672,2016_yk_237,Yukon,2016
1015,531.86,7.1214215904787692e-001,0.3565746761694814,1063.72,2016_yk_237,Yukon,2016
1016,532.384,7.1152563207683783e-001,0.3451306523178386,1064.768,2016_yk_237,Yukon,2016
1017,532.908,7.1338350843465970e-001,0.3418329043740006,1065.816,2016_yk_237,Yukon,2016
1018,533.432,7.1026566532854762e-001,0.3498365373430988,1066.864,2016_yk_237,Yukon,2016
1019,533.956,7.1248625220685868e-001,0.3564897004952333,1067.912,2016_yk_237,Yukon,2016
1020,534.48,7.1276597926143292e-001,0.3478918212225457,1068.96,2016_yk_237,Yukon,2016
1021,535.004,7.0945769755256816e-001,0.35030459259366487,1070.008,2016_yk_237,Yukon,2016
1022,535.528,7.1024146315869641e-001,0.358149494283313,1071.056,2016_yk_237,Yukon,2016
1023,536.052,7.1208272347651325e-001,0.35106067040363664,1072.104,2016_yk_237,Yukon,2016
1024,536.576,7.1210887081164254e-001,0.35525908239428694,1073.152,2016_yk_237,Yukon,2016
1025,537.1,7.1182155860511231e-001,0.36182303080187617,1074.2,2016_yk_237,Yukon,2016
1026,537.624,7.1335682929011712e-001,0.3727499358953034,1075.248,2016_yk_237,Yukon,2016
1027,538.148,7.0931150773592455e-001,0.37405705037837605,1076.296,2016_yk_237,Yukon,2016
1028,538.672,7.1117162386786126e-001,0.37124560376293647,1077.344,2016_yk_237,Yukon,2016
1029,539.196,7.0877123678146825e-001,0.3746887639026822,1078.392,2016_yk_237,Yukon,2016
1030,539.72,7.1291486087095757e-001,0.369318572310204,1079.44,2016_yk_237,Yukon,2016
1031,540.244,7.1142277092449502e-001,0.3759625070839911,1080.488,2016_yk_237,Yukon,2016
1032,540.768,7.1027526797103080e-001,0.3882723976433301,1081.536,2016_yk_237,Yukon,2016
1033,541.292,7.1168146358081297e-001,0.38041472198873416,1082.584,2016_yk_237,Yukon,2016
1034,541.816,7.0990667468423252e-001,0.3806866460200886,1083.632,2016_yk_237,Yukon,2016
1035,542.34,7.1084601002282133e-001,0.3896480711324068,1084.68,2016_yk_237,Yukon,2016
1036,542.864,7.1396748012839484e-001,0.3936891891987879,1085.728,2016_yk_237,Yukon,2016
1037,543.388,7.1172284048592360e-001,0.38934975070287337,1086.776,2016_yk_237,Yukon,2016
1038,543.912,7.1007212638273975e-001,0.3783728243994087,1087.824,2016_yk_237,Yukon,2016
1039,544.436,7.1301957157666762e-001,0.3857641870749216,1088.872,2016_yk_237,Yukon,2016
1040,544.96,7.1109953227929734e-001,0.39613948087182366,1089.92,2016_yk_237,Yukon,2016
1041,545.484,7.0989128864063389e-001,0.389213505772019,1090.968,2016_yk_237,Yukon,2016
1042,546.008,7.1034641392485076e-001,0.3894457830156766,1092.016,2016_yk_237,Yukon,2016
1043,546.532,7.1124489537873603e-001,0.39984287241080624,1093.064,2016_yk_237,Yukon,2016
1044,547.056,7.1384255503258764e-001,0.39388222343572293,1094.112,2016_yk_237,Yukon,2016
1045,547.58,7.0920589394577360e-001,0.392302250005072,1095.16,2016_yk_237,Yukon,2016
1046,548.104,7.1105226003648292e-001,0.4025447073295916,1096.208,2016_yk_237,Yukon,2016
1047,548.628,7.1202597217177377e-001,0.41159256799615573,1097.256,2016_yk_237,Yukon,2016
1048,549.152,7.1267032069234848e-001,0.4120485900255827,1098.304,2016_yk_237,Yukon,2016
1049,549.676,7.1237506342114942e-001,0.40046931120141366,1099.352,2016_yk_237,Yukon,2016
1050,550.2,7.1250646267168227e-001,0.41618040107078313,1100.4,2016_yk_237,Yukon,2016
1051,550.724,7.1414909876750698e-001,0.42985039549690246,1101.448,2016_yk_237,Yukon,2016
1052,551.248,7.1393168047471733e-001,0.422036393620105,1102.496,2016_yk_237,Yukon,2016
1053,551.772,7.1230651739726503e-001,0.4105212998127619,1103.544,2016_yk_237,Yukon,2016
1054,552.296,7.1090122761477570e-001,0.4049790100659059,1104.592,2016_yk_237,Yukon,2016
1055,552.82,7.1137006438962025e-001,0.415844391458183,1105.64,2016_yk_237,Yukon,2016
1056,553.344,7.1070989387163552e-001,0.4312635637153144,1106.688,2016_yk_237,Yukon,2016
1057,553.868,7.1284761889813808e-001,0.42123304769587394,1107.736,2016_yk_237,Yukon,2016
1058,554.392,7.1300147506377098e-001,0.41596898765097234,1108.784,2016_yk_237,Yukon,2016
1059,554.916,7.1105558057225915e-001,0.41001280983461075,1109.832,2016_yk_237,Yukon,2016
1060,555.44,7.1048907180066290e-001,0.4070605106975627,1110.88,2016_yk_237,Yukon,2016
1061,555.964,7.1290990410884914e-001,0.4077606597456983,1111.928,2016_yk_237,Yukon,2016
1062,556.488,7.1059439291099014e-001,0.4086531294478945,1112.976,2016_yk_237,Yukon,2016
1063,557.0120000000001,7.1084252556053273e-001,0.41367223296477745,1114.0240000000001,2016_yk_237,Yukon,2016
1064,557.5360000000001,7.1171888689516660e-001,0.41506073399871246,1115.0720000000001,2016_yk_237,Yukon,2016
1065,558.0600000000001,7.1321389887669662e-001,0.4068240817014672,1116.1200000000001,2016_yk_237,Yukon,2016
1066,558.5840000000001,7.1083335051848739e-001,0.41409868141444706,1117.1680000000001,2016_yk_237,Yukon,2016
1067,559.1080000000001,7.1197929970184071e-001,0.42010901042460685,1118.2160000000001,2016_yk_237,Yukon,2016
1068,559.6320000000001,7.1411402876676899e-001,0.42700556607898504,1119.2640000000001,2016_yk_237,Yukon,2016
1069,560.1560000000001,7.1308119580359519e-001,0.428273900597962,1120.3120000000001,2016_yk_237,Yukon,2016
1070,560.6800000000001,7.1224865537417692e-001,0.42471433523763846,1121.3600000000001,2016_yk_237,Yukon,2016
1071,561.2040000000001,7.1200710435851366e-001,0.4117926817259416,1122.4080000000001,2016_yk_237,Yukon,2016
1072,561.7280000000001,7.0923271716524205e-001,0.41503812231300874,1123.4560000000001,2016_yk_237,Yukon,2016
1073,562.2520000000001,7.1088294728311041e-001,0.42167203703137807,1124.5040000000001,2016_yk_237,Yukon,2016
1074,562.7760000000001,7.1347752871164982e-001,0.41367022852761326,1125.5520000000001,2016_yk_237,Yukon,2016
1075,563.3000000000001,7.1207533367361853e-001,0.4146226009933876,1126.6000000000001,2016_yk_237,Yukon,2016
1076,563.8240000000001,7.1304187408886543e-001,0.419568181118764,1127.6480000000001,2016_yk_237,Yukon,2016
1077,564.3480000000001,7.1145434227485660e-001,0.42463610484412234,1128.6960000000001,2016_yk_237,Yukon,2016
1078,564.8720000000001,7.1000045068555706e-001,0.43945048568967426,1129.7440000000001,2016_yk_237,Yukon,2016
1079,565.3960000000001,7.1453682538521390e-001,0.430491518641788,1130.7920000000001,2016_yk_237,Yukon,2016
1080,565.9200000000001,7.1340634255147395e-001,0.4128670048466194,1131.8400000000001,2016_yk_237,Yukon,2016
1081,566.4440000000001,7.1127773079526280e-001,0.415812313608708,1132.8880000000001,2016_yk_237,Yukon,2016
1082,566.9680000000001,7.1377046523282162e-001,0.41996208740641416,1133.9360000000001,2016_yk_237,Yukon,2016
1083,567.4920000000001,7.0900925137658333e-001,0.4253256847956404,1134.9840000000002,2016_yk_237,Yukon,2016
1084,568.0160000000001,7.1186810067408213e-001,0.42903018022853306,1136.0320000000002,2016_yk_237,Yukon,2016
1085,568.5400000000001,7.1223347754263877e-001,0.4210670318857836,1137.0800000000002,2016_yk_237,Yukon,2016
1086,569.0640000000001,7.1412426384509631e-001,0.417489240990741,1138.1280000000002,2016_yk_237,Yukon,2016
1087,569.5880000000001,7.1363445257613001e-001,0.4249749480553284,1139.1760000000002,2016_yk_237,Yukon,2016
1088,570.1120000000001,7.1089585859334148e-001,0.43003613071641533,1140.2240000000002,2016_yk_237,Yukon,2016
1089,570.6360000000001,7.1515361321134219e-001,0.4250937670541749,1141.2720000000002,2016_yk_237,Yukon,2016
1090,571.16,7.1140500493770065e-001,0.41845429320280586,1142.32,2016_yk_237,Yukon,2016
1091,571.684,7.1179564597984313e-001,0.43431672341765104,1143.368,2016_yk_237,Yukon,2016
1092,572.208,7.1146044256418994e-001,0.43827409741887446,1144.416,2016_yk_237,Yukon,2016
1093,572.732,7.1380866189276904e-001,0.4193186494817888,1145.464,2016_yk_237,Yukon,2016
1094,573.256,7.1410605584602027e-001,0.41066019214885213,1146.512,2016_yk_237,Yukon,2016
1095,573.78,7.0945424386971723e-001,0.4113659080258774,1147.56,2016_yk_237,Yukon,2016
1096,574.304,7.0923243598656383e-001,0.4186423059671301,1148.608,2016_yk_237,Yukon,2016
1097,574.828,7.1151423814418102e-001,0.43159772173521616,1149.656,2016_yk_237,Yukon,2016
1098,575.352,7.1054141849101815e-001,0.4249956614215857,1150.704,2016_yk_237,Yukon,2016
1099,575.876,7.1250743982504727e-001,0.4158532702998726,1151.752,2016_yk_237,Yukon,2016
1100,576.4,7.1192809461018558e-001,0.4052533871586226,1152.8,2016_yk_237,Yukon,2016
1101,576.924,7.1337629586998641e-001,0.4010149389707076,1153.848,2016_yk_237,Yukon,2016
1102,577.448,7.1362222088051841e-001,0.39692665483805134,1154.896,2016_yk_237,Yukon,2016
1103,577.972,7.1077990891093146e-001,0.393695433934564,1155.944,2016_yk_237,Yukon,2016
1104,578.496,7.1233003349333479e-001,0.39216730187825016,1156.992,2016_yk_237,Yukon,2016
1105,579.02,7.1274200871278726e-001,0.39097115809523086,1158.04,2016_yk_237,Yukon,2016
1106,579.544,7.1298699594388659e-001,0.3806288146267648,1159.088,2016_yk_237,Yukon,2016
1107,580.068,7.1565638488016681e-001,0.37172855711732994,1160.136,2016_yk_237,Yukon,2016
1108,580.592,7.1057797430882774e-001,0.38628874046294714,1161.184,2016_yk_237,Yukon,2016
1109,581.116,7.1113797028433134e-001,0.3929701281244708,1162.232,2016_yk_237,Yukon,2016
1110,581.64,7.1334552848772270e-001,0.3865227988371689,1163.28,2016_yk_237,Yukon,2016
1111,582.164,7.0932095817439644e-001,0.3789180802092674,1164.328,2016_yk_237,Yukon,2016
1112,582.688,7.1547182728197978e-001,0.382000037148558,1165.376,2016_yk_237,Yukon,2016
1113,583.212,7.1218860197387790e-001,0.3810870295084923,1166.424,2016_yk_237,Yukon,2016
1114,583.736,7.1326912653222319e-001,0.3753858985571013,1167.472,2016_yk_237,Yukon,2016
1115,584.26,7.1377294626531007e-001,0.37704895217592593,1168.52,2016_yk_237,Yukon,2016
1116,584.784,7.0995843932920955e-001,0.3636108663484738,1169.568,2016_yk_237,Yukon,2016
1117,585.308,7.1211417538316113e-001,0.35608447359479234,1170.616,2016_yk_237,Yukon,2016
1118,585.832,7.1317748509141377e-001,0.3541075787377626,1171.664,2016_yk_237,Yukon,2016
1119,586.356,7.0885888759644344e-001,0.3523379743822945,1172.712,2016_yk_237,Yukon,2016
1120,586.88,7.1501013735693109e-001,0.3476415915601763,1173.76,2016_yk_237,Yukon,2016
1121,587.404,7.1358404273980502e-001,0.3316601238932727,1174.808,2016_yk_237,Yukon,2016
1122,587.928,7.1294496992219369e-001,0.3251230668631148,1175.856,2016_yk_237,Yukon,2016
1123,588.452,7.1288667319978360e-001,0.31888174454889606,1176.904,2016_yk_237,Yukon,2016
1124,588.976,7.1269980037562131e-001,0.3204680391520525,1177.952,2016_yk_237,Yukon,2016
1125,589.5,7.1596190421765094e-001,0.33255545571039546,1179,2016_yk_237,Yukon,2016
1126,590.024,7.1108706908558372e-001,0.33721856503814274,1180.048,2016_yk_237,Yukon,2016
1127,590.548,7.0934341000141321e-001,0.33550957618791577,1181.096,2016_yk_237,Yukon,2016
1128,591.072,7.1332770562668224e-001,0.3387801781444366,1182.144,2016_yk_237,Yukon,2016
1129,591.596,7.1199425463847943e-001,0.3453715697351451,1183.192,2016_yk_237,Yukon,2016
1130,592.12,7.1189105389295637e-001,0.3501945925181763,1184.24,2016_yk_237,Yukon,2016
1131,592.644,7.1068129376119582e-001,0.351160161374412,1185.288,2016_yk_237,Yukon,2016
1132,593.168,7.1231797128781815e-001,0.3569968505498517,1186.336,2016_yk_237,Yukon,2016
1133,593.692,7.1044383162682567e-001,0.36717919767163915,1187.384,2016_yk_237,Yukon,2016
1134,594.216,7.1293481661510338e-001,0.3650116341180919,1188.432,2016_yk_237,Yukon,2016
1135,594.74,7.1083983179983523e-001,0.36148890103469167,1189.48,2016_yk_237,Yukon,2016
1136,595.264,7.1119034559482275e-001,0.3745665612370708,1190.528,2016_yk_237,Yukon,2016
1137,595.788,7.1089485448405587e-001,0.37891638735567174,1191.576,2016_yk_237,Yukon,2016
1138,596.312,7.1287244424553720e-001,0.3797196360495757,1192.624,2016_yk_237,Yukon,2016
1139,596.836,7.0824232235224360e-001,0.37915679679949305,1193.672,2016_yk_237,Yukon,2016
1140,597.36,7.1160280450139146e-001,0.3894103719683023,1194.72,2016_yk_237,Yukon,2016
1141,597.884,7.1163519859567725e-001,0.39674252719657827,1195.768,2016_yk_237,Yukon,2016
1142,598.408,7.1017237350886109e-001,0.3914591465726812,1196.816,2016_yk_237,Yukon,2016
1143,598.932,7.1378220775366630e-001,0.3871841851439898,1197.864,2016_yk_237,Yukon,2016
1144,599.456,7.1444354015388711e-001,0.3913493317191355,1198.912,2016_yk_237,Yukon,2016
1145,599.98,7.0895884821947097e-001,0.40554979648009015,1199.96,2016_yk_237,Yukon,2016
1146,600.504,7.1229872382531589e-001,0.4161245361884319,1201.008,2016_yk_237,Yukon,2016
1147,601.028,7.1219030815109330e-001,0.42485038766839334,1202.056,2016_yk_237,Yukon,2016
1148,601.552,7.1006129247211958e-001,0.43935819575354146,1203.104,2016_yk_237,Yukon,2016
1149,602.076,7.1220502712287104e-001,0.4337541800110309,1204.152,2016_yk_237,Yukon,2016
1150,602.6,7.1281121728122365e-001,0.448553466883557,1205.2,2016_yk_237,Yukon,2016
1151,603.124,7.0937597184608958e-001,0.46550511531334265,1206.248,2016_yk_237,Yukon,2016
1152,603.648,7.1195663384413554e-001,0.49134104261141726,1207.296,2016_yk_237,Yukon,2016
1153,604.172,7.0934283141688348e-001,0.49545459375559014,1208.344,2016_yk_237,Yukon,2016
1154,604.696,7.0806963259776656e-001,0.48790179004439965,1209.392,2016_yk_237,Yukon,2016
1155,605.22,7.1053504445523819e-001,0.4878660980250674,1210.44,2016_yk_237,Yukon,2016
1156,605.744,7.1016694747300158e-001,0.5242421462328424,1211.488,2016_yk_237,Yukon,2016
1157,606.268,7.1049958682179148e-001,0.5351616082895881,1212.536,2016_yk_237,Yukon,2016
1158,606.792,7.1239338401970176e-001,0.532845716965591,1213.584,2016_yk_237,Yukon,2016
1159,607.316,7.1012553897924258e-001,0.5313831820092974,1214.632,2016_yk_237,Yukon,2016
1160,607.84,7.1013367704265729e-001,0.5131350137153756,1215.68,2016_yk_237,Yukon,2016
1161,608.364,7.1160237930679571e-001,0.5326928963294197,1216.728,2016_yk_237,Yukon,2016
1162,608.888,7.0885301452374339e-001,0.5621677171921063,1217.776,2016_yk_237,Yukon,2016
1163,609.412,7.1141912634391202e-001,0.5720841998424249,1218.824,2016_yk_237,Yukon,2016
1164,609.936,7.0832575431120359e-001,0.5697439449930881,1219.872,2016_yk_237,Yukon,2016
1165,610.46,7.0913864388774372e-001,0.5731325672598626,1220.92,2016_yk_237,Yukon,2016
1166,610.984,7.1245145152314249e-001,0.5994585769735107,1221.968,2016_yk_237,Yukon,2016
1167,611.508,7.1161418787586284e-001,0.6145434194129352,1223.016,2016_yk_237,Yukon,2016
1168,612.032,7.1050723446748432e-001,0.6365742065911296,1224.064,2016_yk_237,Yukon,2016
1169,612.556,7.1099178288484188e-001,0.6216773719923679,1225.112,2016_yk_237,Yukon,2016
1170,613.08,7.0998147152681768e-001,0.6088333267182284,1226.16,2016_yk_237,Yukon,2016
1171,613.604,7.1048141982343893e-001,0.6299526420972434,1227.208,2016_yk_237,Yukon,2016
1172,614.128,7.0860490235300400e-001,0.6336813320652079,1228.256,2016_yk_237,Yukon,2016
1173,614.652,7.1097689954361487e-001,0.6350823200930008,1229.304,2016_yk_237,Yukon,2016
1174,615.176,7.0961204905745323e-001,0.6345797907975924,1230.352,2016_yk_237,Yukon,2016
1175,615.7,7.1023766463277083e-001,0.639420951522525,1231.4,2016_yk_237,Yukon,2016
1176,616.224,7.1099236526045728e-001,0.6627926393175777,1232.448,2016_yk_237,Yukon,2016
1177,616.748,7.0971881521597757e-001,0.684532802137252,1233.496,2016_yk_237,Yukon,2016
1178,617.272,7.1068987872288647e-001,0.6943609484133179,1234.544,2016_yk_237,Yukon,2016
1179,617.796,7.0927893986990065e-001,0.7099851560083029,1235.592,2016_yk_237,Yukon,2016
1180,618.32,7.1070158495182989e-001,0.7102190045614246,1236.64,2016_yk_237,Yukon,2016
1181,618.844,7.1015494096210041e-001,0.7176903777036826,1237.688,2016_yk_237,Yukon,2016
1182,619.368,7.0933976228226614e-001,0.7222299813949788,1238.736,2016_yk_237,Yukon,2016
1183,619.892,7.0877361327104782e-001,0.7314402509017104,1239.784,2016_yk_237,Yukon,2016
1184,620.416,7.0983292662984365e-001,0.7241012005035348,1240.832,2016_yk_237,Yukon,2016
1185,620.94,7.1018959323435615e-001,0.7274785528576776,1241.88,2016_yk_237,Yukon,2016
1186,621.464,7.0907378658730524e-001,0.7291710675910628,1242.928,2016_yk_237,Yukon,2016
1187,621.988,7.0963528855562430e-001,0.745779987431369,1243.976,2016_yk_237,Yukon,2016
1188,622.5120000000001,7.0964151688221266e-001,0.7492679897401342,1245.0240000000001,2016_yk_237,Yukon,2016
1189,623.0360000000001,7.0956580180327877e-001,0.750308369684402,1246.0720000000001,2016_yk_237,Yukon,2016
1190,623.5600000000001,7.1025337527143939e-001,0.7500252036951147,1247.1200000000001,2016_yk_237,Yukon,2016
1191,624.0840000000001,7.1122314291270372e-001,0.7684499056914728,1248.1680000000001,2016_yk_237,Yukon,2016
1192,624.6080000000001,7.0865266958861228e-001,0.7646038008481275,1249.2160000000001,2016_yk_237,Yukon,2016
1193,625.1320000000001,7.0937368089027131e-001,0.7710559488401629,1250.2640000000001,2016_yk_237,Yukon,2016
1194,625.6560000000001,7.0937561434381147e-001,0.7771348967419306,1251.3120000000001,2016_yk_237,Yukon,2016
1195,626.1800000000001,7.0932904516812689e-001,0.7898726633405229,1252.3600000000001,2016_yk_237,Yukon,2016
1196,626.7040000000001,7.0935533445966170e-001,0.80109647387428,1253.4080000000001,2016_yk_237,Yukon,2016
1197,627.2280000000001,7.0956555019416068e-001,0.7921171753045928,1254.4560000000001,2016_yk_237,Yukon,2016
1198,627.7520000000001,7.0875239093162312e-001,0.7897133839966146,1255.5040000000001,2016_yk_237,Yukon,2016
1199,628.2760000000001,7.0960454685928775e-001,0.7885301229589584,1256.5520000000001,2016_yk_237,Yukon,2016
1200,628.8000000000001,7.0952222491951644e-001,0.7694496760324765,1257.6000000000001,2016_yk_237,Yukon,2016
1201,629.3240000000001,7.1009698722235659e-001,0.7712131918311484,1258.6480000000001,2016_yk_237,Yukon,2016
1202,629.8480000000001,7.1034510655443717e-001,0.7804170545173739,1259.6960000000001,2016_yk_237,Yukon,2016
1203,630.3720000000001,7.1017135182313262e-001,0.7864031706915134,1260.7440000000001,2016_yk_237,Yukon,2016
1204,630.8960000000001,7.1018715131865540e-001,0.7867290343307672,1261.7920000000001,2016_yk_237,Yukon,2016
1205,631.4200000000001,7.0923002412148739e-001,0.7871505391538177,1262.8400000000001,2016_yk_237,Yukon,2016
1206,631.9440000000001,7.1014555915177568e-001,0.7972403741546221,1263.8880000000001,2016_yk_237,Yukon,2016
1207,632.4680000000001,7.1074543442643590e-001,0.8291559284153582,1264.9360000000001,2016_yk_237,Yukon,2016
1208,632.9920000000001,7.0901797238546982e-001,0.8281504952114779,1265.9840000000002,2016_yk_237,Yukon,2016
1209,633.5160000000001,7.0860447783910718e-001,0.8228740282644127,1267.0320000000002,2016_yk_237,Yukon,2016
1210,634.0400000000001,7.0919810933777572e-001,0.8080494949937252,1268.0800000000002,2016_yk_237,Yukon,2016
1211,634.5640000000001,7.0955146703475813e-001,0.8102298448862861,1269.1280000000002,2016_yk_237,Yukon,2016
1212,635.0880000000001,7.0910719691028667e-001,0.8206082743188298,1270.1760000000002,2016_yk_237,Yukon,2016
1213,635.6120000000001,7.0908053062022813e-001,0.806437600084318,1271.2240000000002,2016_yk_237,Yukon,2016
1214,636.1360000000001,7.0975579115890086e-001,0.8164438211535485,1272.2720000000002,2016_yk_237,Yukon,2016
1215,636.6600000000001,7.1010891015555733e-001,0.8318209615320163,1273.3200000000002,2016_yk_237,Yukon,2016
1216,637.1840000000001,7.0861439092552503e-001,0.81336265401028,1274.3680000000002,2016_yk_237,Yukon,2016
1217,637.708,7.0846750107188694e-001,0.8007065328178331,1275.416,2016_yk_237,Yukon,2016
1218,638.232,7.1040105169961265e-001,0.8268188538311539,1276.464,2016_yk_237,Yukon,2016
1219,638.756,7.0967645130211299e-001,0.8447584604108244,1277.512,2016_yk_237,Yukon,2016
1220,639.28,7.1182266183065601e-001,0.8370695282841843,1278.56,2016_yk_237,Yukon,2016
1221,639.804,7.0998403087955364e-001,0.8390702128969058,1279.608,2016_yk_237,Yukon,2016
1222,640.328,7.0907038205841300e-001,0.8344769458396116,1280.656,2016_yk_237,Yukon,2016
1223,640.852,7.0968811862218761e-001,0.8403559967785524,1281.704,2016_yk_237,Yukon,2016
1224,641.376,7.0884409823591565e-001,0.8529565574257549,1282.752,2016_yk_237,Yukon,2016
1225,641.9,7.0988283343508984e-001,0.8658341847255356,1283.8,2016_yk_237,Yukon,2016
1226,642.424,7.0949995602026472e-001,0.8410794008554754,1284.848,2016_yk_237,Yukon,2016
1227,642.948,7.0989380324550200e-001,0.8496303948349617,1285.896,2016_yk_237,Yukon,2016
1228,643.472,7.1022288923539711e-001,0.8590213510604388,1286.944,2016_yk_237,Yukon,2016
1229,643.996,7.0810102119349938e-001,0.8712519326453028,1287.992,2016_yk_237,Yukon,2016
1230,644.52,7.1046696522451069e-001,0.8758037212722347,1289.04,2016_yk_237,Yukon,2016
1231,645.044,7.0927647009040828e-001,0.906409249847462,1290.088,2016_yk_237,Yukon,2016
1232,645.568,7.0847691689158732e-001,0.898948544016833,1291.136,2016_yk_237,Yukon,2016
1233,646.092,7.0854920797448206e-001,0.8796911017052063,1292.184,2016_yk_237,Yukon,2016
1234,646.616,7.0924150978866063e-001,0.8892398167390371,1293.232,2016_yk_237,Yukon,2016
1235,647.14,7.1075482832674741e-001,0.9021499987535497,1294.28,2016_yk_237,Yukon,2016
1236,647.664,7.0928641709945905e-001,0.8853474538276126,1295.328,2016_yk_237,Yukon,2016
1237,648.188,7.0837878762616846e-001,0.8823713710370947,1296.376,2016_yk_237,Yukon,2016
1238,648.712,7.0969053372782354e-001,0.8832044359688099,1297.424,2016_yk_237,Yukon,2016
1239,649.236,7.0920952135974014e-001,0.8576531959425099,1298.472,2016_yk_237,Yukon,2016
1240,649.76,7.1016451084043442e-001,0.8420776788529187,1299.52,2016_yk_237,Yukon,2016
1241,650.284,7.0983149621847219e-001,0.8637543272255807,1300.568,2016_yk_237,Yukon,2016
1242,650.808,7.1024543105725402e-001,0.8813578352001333,1301.616,2016_yk_237,Yukon,2016
1243,651.332,7.1013954410336355e-001,0.8987132534268408,1302.664,2016_yk_237,Yukon,2016
1244,651.856,7.0946434505969114e-001,0.909341844705326,1303.712,2016_yk_237,Yukon,2016
1245,652.38,7.1043831258044310e-001,0.8891567973532457,1304.76,2016_yk_237,Yukon,2016
1246,652.904,7.0828769792322521e-001,0.8795387135953648,1305.808,2016_yk_237,Yukon,2016
1247,653.428,7.0921686864094080e-001,0.8916391425787388,1306.856,2016_yk_237,Yukon,2016
1248,653.952,7.0780961068027637e-001,0.8930358921963685,1307.904,2016_yk_237,Yukon,2016
1249,654.476,7.0963320430072785e-001,0.8917939269013955,1308.952,2016_yk_237,Yukon,2016
1250,655,7.0972164860928744e-001,0.8825026595321985,1310,2016_yk_237,Yukon,2016
1251,655.524,7.0961505783821399e-001,0.8746924510253886,1311.048,2016_yk_237,Yukon,2016
1252,656.048,7.1030669893679732e-001,0.8821703587929604,1312.096,2016_yk_237,Yukon,2016
1253,656.572,7.1048455624624174e-001,0.8816938095405373,1313.144,2016_yk_237,Yukon,2016
1254,657.096,7.0978071332515047e-001,0.8860275125370753,1314.192,2016_yk_237,Yukon,2016
1255,657.62,7.1031051415369184e-001,0.8706535627082871,1315.24,2016_yk_237,Yukon,2016
1256,658.144,7.0955651582600932e-001,0.8348008934659421,1316.288,2016_yk_237,Yukon,2016
1257,658.668,7.0929224831568427e-001,0.8780083461239195,1317.336,2016_yk_237,Yukon,2016
1258,659.192,7.0891565429458814e-001,0.8974043757440356,1318.384,2016_yk_237,Yukon,2016
1259,659.716,7.0966209669098568e-001,0.9315039688293031,1319.432,2016_yk_237,Yukon,2016
1260,660.24,7.0974212528703873e-001,0.9321163343893485,1320.48,2016_yk_237,Yukon,2016
1261,660.764,7.0981505145285118e-001,0.9414598977513551,1321.528,2016_yk_237,Yukon,2016
1262,661.288,7.0816040834131622e-001,0.9259751256469626,1322.576,2016_yk_237,Yukon,2016
1263,661.812,7.0929382591610846e-001,0.8961775274830478,1323.624,2016_yk_237,Yukon,2016
1264,662.336,7.1004102579324857e-001,0.8745680069843832,1324.672,2016_yk_237,Yukon,2016
1265,662.86,7.0870200659801508e-001,0.8903671780015899,1325.72,2016_yk_237,Yukon,2016
1266,663.384,7.1008470366344045e-001,0.9015726723329949,1326.768,2016_yk_237,Yukon,2016
1267,663.908,7.1022720840513953e-001,0.8969798654603384,1327.816,2016_yk_237,Yukon,2016
1268,664.432,7.0866421333368790e-001,0.8937412670184512,1328.864,2016_yk_237,Yukon,2016
1269,664.956,7.0946646137426195e-001,0.8734463355252498,1329.912,2016_yk_237,Yukon,2016
1270,665.48,7.0862918770143846e-001,0.8837433128829917,1330.96,2016_yk_237,Yukon,2016
1271,666.004,7.0951086036343292e-001,0.9204174868636085,1332.008,2016_yk_237,Yukon,2016
1272,666.528,7.0971557168262212e-001,0.9296310521278146,1333.056,2016_yk_237,Yukon,2016
1273,667.052,7.0972322278225664e-001,0.9003896750230942,1334.104,2016_yk_237,Yukon,2016
1274,667.576,7.0911863407689912e-001,0.8923788941211521,1335.152,2016_yk_237,Yukon,2016
1275,668.1,7.1144087785044663e-001,0.9170015437900532,1336.2,2016_yk_237,Yukon,2016
1276,668.624,7.1033001401212226e-001,0.8960358836233947,1337.248,2016_yk_237,Yukon,2016
1277,669.148,7.0835788513527009e-001,0.8914370213561349,1338.296,2016_yk_237,Yukon,2016
1278,669.672,7.1002286056531372e-001,0.9103323848379038,1339.344,2016_yk_237,Yukon,2016
1279,670.196,7.0876341441549795e-001,0.9171036344283616,1340.392,2016_yk_237,Yukon,2016
1280,670.72,7.0894852338341341e-001,0.8935789272928626,1341.44,2016_yk_237,Yukon,2016
1281,671.244,7.0997026112508721e-001,0.8835468987696123,1342.488,2016_yk_237,Yukon,2016
1282,671.768,7.0935918042854829e-001,0.8796668415279417,1343.536,2016_yk_237,Yukon,2016
1283,672.292,7.1001136067086568e-001,0.884131087180257,1344.584,2016_yk_237,Yukon,2016
1284,672.816,7.0917097375430760e-001,0.8678085124993491,1345.632,2016_yk_237,Yukon,2016
1285,673.34,7.1063549102170143e-001,0.8530753741068744,1346.68,2016_yk_237,Yukon,2016
1286,673.864,7.0955974034591629e-001,0.873799431175096,1347.728,2016_yk_237,Yukon,2016
1287,674.388,7.0868691589193589e-001,0.8727482472126831,1348.776,2016_yk_237,Yukon,2016
1288,674.912,7.0911748946331710e-001,0.9020694277348816,1349.824,2016_yk_237,Yukon,2016
1289,675.436,7.0946928253320496e-001,0.8935274491686982,1350.872,2016_yk_237,Yukon,2016
1290,675.96,7.0885380183914060e-001,0.8801258042761003,1351.92,2016_yk_237,Yukon,2016
1291,676.484,7.1048003724763975e-001,0.891130290533425,1352.968,2016_yk_237,Yukon,2016
1292,677.008,7.0919759645149094e-001,0.8866615917392323,1354.016,2016_yk_237,Yukon,2016
1293,677.532,7.1000285841847977e-001,0.872820188792698,1355.064,2016_yk_237,Yukon,2016
1294,678.056,7.0988814676368384e-001,0.874382656150143,1356.112,2016_yk_237,Yukon,2016
1295,678.58,7.0969651049942162e-001,0.8682695885494962,1357.16,2016_yk_237,Yukon,2016
1296,679.104,7.0964430742911144e-001,0.862889486360416,1358.208,2016_yk_237,Yukon,2016
1297,679.628,7.0881083809820156e-001,0.868907854427688,1359.256,2016_yk_237,Yukon,2016
1298,680.152,7.1033117562471437e-001,0.8590797440676392,1360.304,2016_yk_237,Yukon,2016
1299,680.676,7.0955634783690491e-001,0.8714038440075198,1361.352,2016_yk_237,Yukon,2016
1300,681.2,7.0904176861956258e-001,0.880159642784992,1362.4,2016_yk_237,Yukon,2016
1301,681.724,7.0921766344125203e-001,0.8947909101353165,1363.448,2016_yk_237,Yukon,2016
1302,682.248,7.0955652078489051e-001,0.8745860762698117,1364.496,2016_yk_237,Yukon,2016
1303,682.772,7.0926699439176166e-001,0.8442668851978716,1365.544,2016_yk_237,Yukon,2016
1304,683.296,7.0882668060574006e-001,0.8491185202708857,1366.592,2016_yk_237,Yukon,2016
1305,683.82,7.1055589438997835e-001,0.8604099639683299,1367.64,2016_yk_237,Yukon,2016
1306,684.344,7.1006758844521678e-001,0.8616417134873197,1368.688,2016_yk_237,Yukon,2016
1307,684.868,7.0827731472274025e-001,0.8651546170544826,1369.736,2016_yk_237,Yukon,2016
1308,685.392,7.0875410074967571e-001,0.8606254772306897,1370.784,2016_yk_237,Yukon,2016
1309,685.916,7.0899582256271665e-001,0.8281367293725427,1371.832,2016_yk_237,Yukon,2016
1310,686.44,7.1126607831394462e-001,0.8054965271186068,1372.88,2016_yk_237,Yukon,2016
1311,686.964,7.0822714925120778e-001,0.833269945342377,1373.928,2016_yk_237,Yukon,2016
1312,687.488,7.0983279563980728e-001,0.8625335966740105,1374.976,2016_yk_237,Yukon,2016
1313,688.0120000000001,7.0866679635964436e-001,0.8613737479192638,1376.0240000000001,2016_yk_237,Yukon,2016
1314,688.5360000000001,7.0764632335872568e-001,0.8405965288630328,1377.0720000000001,2016_yk_237,Yukon,2016
1315,689.0600000000001,7.0921485273675855e-001,0.8358199796432414,1378.1200000000001,2016_yk_237,Yukon,2016
1316,689.5840000000001,7.0871822531905271e-001,0.8351077535276413,1379.1680000000001,2016_yk_237,Yukon,2016
1317,690.1080000000001,7.0845073429525007e-001,0.8323935847723002,1380.2160000000001,2016_yk_237,Yukon,2016
1318,690.6320000000001,7.0945906706934792e-001,0.8088881484393313,1381.2640000000001,2016_yk_237,Yukon,2016
1319,691.1560000000001,7.0870207088042958e-001,0.8212218759861651,1382.3120000000001,2016_yk_237,Yukon,2016
1320,691.6800000000001,7.0784453041854500e-001,0.8322671370958551,1383.3600000000001,2016_yk_237,Yukon,2016
1321,692.2040000000001,7.1011503196730774e-001,0.8306700299210441,1384.4080000000001,2016_yk_237,Yukon,2016
1322,692.7280000000001,7.0880816712499128e-001,0.8113555013588652,1385.4560000000001,2016_yk_237,Yukon,2016
1323,693.2520000000001,7.0972498677359286e-001,0.7887256638552077,1386.5040000000001,2016_yk_237,Yukon,2016
1324,693.7760000000001,7.0905360887850943e-001,0.7661590487685782,1387.5520000000001,2016_yk_237,Yukon,2016
1325,694.3000000000001,7.1068118012085868e-001,0.7727219855715415,1388.6000000000001,2016_yk_237,Yukon,2016
1326,694.8240000000001,7.0993506751012037e-001,0.7885731329770015,1389.6480000000001,2016_yk_237,Yukon,2016
1327,695.3480000000001,7.1100919904215631e-001,0.794247042021162,1390.6960000000001,2016_yk_237,Yukon,2016
1328,695.8720000000001,7.0707537374203888e-001,0.8008773887131282,1391.7440000000001,2016_yk_237,Yukon,2016
1329,696.3960000000001,7.0941543587892442e-001,0.8216466400287052,1392.7920000000001,2016_yk_237,Yukon,2016
1330,696.9200000000001,7.0950147115248718e-001,0.820015023651109,1393.8400000000001,2016_yk_237,Yukon,2016
1331,697.4440000000001,7.0967783986686217e-001,0.8283546483209213,1394.8880000000001,2016_yk_237,Yukon,2016
1332,697.9680000000001,7.0886355485853902e-001,0.8382795013759494,1395.9360000000001,2016_yk_237,Yukon,2016
1333,698.4920000000001,7.0872962636060366e-001,0.8557571919239544,1396.9840000000002,2016_yk_237,Yukon,2016
1334,699.0160000000001,7.0872855017422176e-001,0.8811286513989133,1398.0320000000002,2016_yk_237,Yukon,2016
1335,699.5400000000001,7.0958160579319507e-001,0.8808516273077804,1399.0800000000002,2016_yk_237,Yukon,2016
1336,700.0640000000001,7.0956576292670070e-001,0.8565360983835058,1400.1280000000002,2016_yk_237,Yukon,2016
1337,700.5880000000001,7.0944200153998527e-001,0.8130299882199399,1401.1760000000002,2016_yk_237,Yukon,2016
1338,701.1120000000001,7.0786695008958600e-001,0.8054299141652467,1402.2240000000002,2016_yk_237,Yukon,2016
1339,701.6360000000001,7.0791280817084135e-001,0.7853794312912932,1403.2720000000002,2016_yk_237,Yukon,2016
1340,702.1600000000001,7.0897610970904035e-001,0.8064815362118398,1404.3200000000002,2016_yk_237,Yukon,2016
1341,702.6840000000001,7.0835254877650333e-001,0.8079635247688935,1405.3680000000002,2016_yk_237,Yukon,2016
1342,703.2080000000001,7.0856672367200124e-001,0.7629327860062656,1406.4160000000002,2016_yk_237,Yukon,2016
1343,703.7320000000001,7.1162293921965813e-001,0.7441656357171198,1407.4640000000002,2016_yk_237,Yukon,2016
1344,704.2560000000001,7.0956896373270928e-001,0.7761599667936144,1408.5120000000002,2016_yk_237,Yukon,2016
1345,704.7800000000001,7.1041488012781739e-001,0.821000117823577,1409.5600000000002,2016_yk_237,Yukon,2016
1346,705.304,7.0949039046582107e-001,0.8091305716119117,1410.608,2016_yk_237,Yukon,2016
1347,705.828,7.0938294121471890e-001,0.8115916839714737,1411.656,2016_yk_237,Yukon,2016
1348,706.352,7.0926616412856236e-001,0.7973858025679124,1412.704,2016_yk_237,Yukon,2016
1349,706.876,7.0966752290863633e-001,0.8017452874041952,1413.752,2016_yk_237,Yukon,2016
1350,707.4,7.0997728791095682e-001,0.8067019033811541,1414.8,2016_yk_237,Yukon,2016
1351,707.924,7.0952899077931453e-001,0.8006450431129674,1415.848,2016_yk_237,Yukon,2016
1352,708.448,7.0809530732963988e-001,0.8145060884435421,1416.896,2016_yk_237,Yukon,2016
1353,708.972,7.0932098874919181e-001,0.822493912174922,1417.944,2016_yk_237,Yukon,2016
1354,709.496,7.0940407605573907e-001,0.8207941351769539,1418.992,2016_yk_237,Yukon,2016
1355,710.02,7.0853310034563455e-001,0.8216948314602054,1420.04,2016_yk_237,Yukon,2016
1356,710.544,7.1000537874148595e-001,0.8298785327398275,1421.088,2016_yk_237,Yukon,2016
1357,711.068,7.0810253528464806e-001,0.8089298275626192,1422.136,2016_yk_237,Yukon,2016
1358,711.592,7.0992457815561594e-001,0.7968257541079488,1423.184,2016_yk_237,Yukon,2016
1359,712.116,7.0881841348129204e-001,0.8064638950250067,1424.232,2016_yk_237,Yukon,2016
1360,712.64,7.0897424004585508e-001,0.824378755497914,1425.28,2016_yk_237,Yukon,2016
1361,713.164,7.0940806974651283e-001,0.8430746363501536,1426.328,2016_yk_237,Yukon,2016
1362,713.688,7.0885214537387464e-001,0.8470049383158708,1427.376,2016_yk_237,Yukon,2016
1363,714.212,7.0932129388155718e-001,0.8248237794545225,1428.424,2016_yk_237,Yukon,2016
1364,714.736,7.1004636823596845e-001,0.8095091292019047,1429.472,2016_yk_237,Yukon,2016
1365,715.26,7.0875801696398222e-001,0.8216175251729606,1430.52,2016_yk_237,Yukon,2016
1366,715.784,7.0964699164111622e-001,0.8455158942137655,1431.568,2016_yk_237,Yukon,2016
1367,716.308,7.0867142202118938e-001,0.8657732893401663,1432.616,2016_yk_237,Yukon,2016
1368,716.832,7.0855350542219142e-001,0.8455037396736053,1433.664,2016_yk_237,Yukon,2016
1369,717.356,7.0875854120236148e-001,0.8302837963123892,1434.712,2016_yk_237,Yukon,2016
1370,717.88,7.0971623475880319e-001,0.8237009262818629,1435.76,2016_yk_237,Yukon,2016
1371,718.404,7.1001459150270052e-001,0.8156166162979815,1436.808,2016_yk_237,Yukon,2016
1372,718.928,7.0942414359826356e-001,0.8102588418538365,1437.856,2016_yk_237,Yukon,2016
1373,719.452,7.0984410528077069e-001,0.8041525592583706,1438.904,2016_yk_237,Yukon,2016
1374,719.976,7.1003143002669955e-001,0.8080215041077589,1439.952,2016_yk_237,Yukon,2016
1375,720.5,7.0858072654946169e-001,0.8098306143917808,1441,2016_yk_237,Yukon,2016
1376,721.024,7.0959329348424016e-001,0.806004222140042,1442.048,2016_yk_237,Yukon,2016
1377,721.548,7.0795794615533802e-001,0.8008115701509196,1443.096,2016_yk_237,Yukon,2016
1378,722.072,7.0810001728784366e-001,0.802146498877356,1444.144,2016_yk_237,Yukon,2016
1379,722.596,7.0969131677141351e-001,0.8234147404239346,1445.192,2016_yk_237,Yukon,2016
1380,723.12,7.0886681170101296e-001,0.8251976169861659,1446.24,2016_yk_237,Yukon,2016
1381,723.644,7.1034197291013068e-001,0.8281508309653277,1447.288,2016_yk_237,Yukon,2016
1382,724.168,7.1174154173297344e-001,0.8319705676022472,1448.336,2016_yk_237,Yukon,2016
1383,724.692,7.1050418013560412e-001,0.8441606302044513,1449.384,2016_yk_237,Yukon,2016
1384,725.216,7.0965105848765975e-001,0.8435472133277033,1450.432,2016_yk_237,Yukon,2016
1385,725.74,7.1037745027956489e-001,0.848461535846694,1451.48,2016_yk_237,Yukon,2016
1386,726.264,7.0900336386397789e-001,0.8401668902006372,1452.528,2016_yk_237,Yukon,2016
1387,726.788,7.0809361343172517e-001,0.819072431316587,1453.576,2016_yk_237,Yukon,2016
1388,727.312,7.0883848948032524e-001,0.8040387625672564,1454.624,2016_yk_237,Yukon,2016
1389,727.836,7.0818501773168530e-001,0.8008148942462672,1455.672,2016_yk_237,Yukon,2016
1390,728.36,7.1025182232388351e-001,0.7803230608164298,1456.72,2016_yk_237,Yukon,2016
1391,728.884,7.0971537611185420e-001,0.790332059673812,1457.768,2016_yk_237,Yukon,2016
1392,729.408,7.0830676024510786e-001,0.797795607186739,1458.816,2016_yk_237,Yukon,2016
1393,729.932,7.0970961629040907e-001,0.7983201602444842,1459.864,2016_yk_237,Yukon,2016
1394,730.456,7.0926021569498643e-001,0.811911995220628,1460.912,2016_yk_237,Yukon,2016
1395,730.98,7.0873446622233771e-001,0.8262681748482945,1461.96,2016_yk_237,Yukon,2016
1396,731.504,7.0982608156701743e-001,0.8233922903671045,1463.008,2016_yk_237,Yukon,2016
1397,732.028,7.1020881203505049e-001,0.8137143935574888,1464.056,2016_yk_237,Yukon,2016
1398,732.552,7.0937194730945630e-001,0.8274509580154857,1465.104,2016_yk_237,Yukon,2016
1399,733.076,7.1159426231094736e-001,0.8150854571446935,1466.152,2016_yk_237,Yukon,2016
1400,733.6,7.0916907618548075e-001,0.8104421699207676,1467.2,2016_yk_237,Yukon,2016
1401,734.124,7.0881874615922136e-001,0.8165086812682522,1468.248,2016_yk_237,Yukon,2016
1402,734.648,7.1163556450329091e-001,0.8274264603709923,1469.296,2016_yk_237,Yukon,2016
1403,735.172,7.1004959517985688e-001,0.8131462118684089,1470.344,2016_yk_237,Yukon,2016
1404,735.696,7.0937825759220940e-001,0.8281602321056131,1471.392,2016_yk_237,Yukon,2016
1405,736.22,7.0890101622197421e-001,0.8414966972241157,1472.44,2016_yk_237,Yukon,2016
1406,736.744,7.0949428259486513e-001,0.8588621404324489,1473.488,2016_yk_237,Yukon,2016
1407,737.268,7.0837666578155412e-001,0.8777383910768299,1474.536,2016_yk_237,Yukon,2016
1408,737.792,7.0910746165989180e-001,0.8831507304296906,1475.584,2016_yk_237,Yukon,2016
1409,738.316,7.1010117584257415e-001,0.8626889263293568,1476.632,2016_yk_237,Yukon,2016
1410,738.84,7.0973990186368896e-001,0.865970613425842,1477.68,2016_yk_237,Yukon,2016
1411,739.364,7.0849442688238551e-001,0.8582034217101714,1478.728,2016_yk_237,Yukon,2016
1412,739.888,7.1048377956713071e-001,0.8718940895840913,1479.776,2016_yk_237,Yukon,2016
1413,740.412,7.0873122905142061e-001,0.890317461107254,1480.824,2016_yk_237,Yukon,2016
1414,740.936,7.1063886039169977e-001,0.9111888204446273,1481.872,2016_yk_237,Yukon,2016
1415,741.46,7.0932574581813657e-001,0.9058133987032653,1482.92,2016_yk_237,Yukon,2016
1416,741.984,7.0975115992828341e-001,0.8740164491070702,1483.968,2016_yk_237,Yukon,2016
1417,742.508,7.1073989632549828e-001,0.854442649767444,1485.016,2016_yk_237,Yukon,2016
1418,743.032,7.1101036455132482e-001,0.8828384571206458,1486.064,2016_yk_237,Yukon,2016
1419,743.556,7.0971966864066327e-001,0.8777202819882656,1487.112,2016_yk_237,Yukon,2016
1420,744.08,7.1034548906921358e-001,0.8505545354340451,1488.16,2016_yk_237,Yukon,2016
1421,744.604,7.0883004021683749e-001,0.8641793670368307,1489.208,2016_yk_237,Yukon,2016
1422,745.128,7.0911690516410741e-001,0.8745502788504831,1490.256,2016_yk_237,Yukon,2016
1423,745.652,7.1096237945745799e-001,0.8932798098543896,1491.304,2016_yk_237,Yukon,2016
1424,746.176,7.0835410603254323e-001,0.8790300732114591,1492.352,2016_yk_237,Yukon,2016
1425,746.7,7.0933591809063512e-001,0.8963986159599617,1493.4,2016_yk_237,Yukon,2016
1426,747.224,7.0957612343700871e-001,0.918869032831577,1494.448,2016_yk_237,Yukon,2016
1427,747.748,7.0975187343483714e-001,0.9248538094108184,1495.496,2016_yk_237,Yukon,2016
1428,748.272,7.1005167319972629e-001,0.916204331223064,1496.544,2016_yk_237,Yukon,2016
1429,748.796,7.0895040843292723e-001,0.9284792004340654,1497.592,2016_yk_237,Yukon,2016
1430,749.32,7.1007740430167010e-001,0.951467599856394,1498.64,2016_yk_237,Yukon,2016
1431,749.844,7.0928085395869400e-001,0.9269847008444395,1499.688,2016_yk_237,Yukon,2016
1432,750.368,7.0988135255418994e-001,0.9191999805809185,1500.736,2016_yk_237,Yukon,2016
1433,750.892,7.0979583119535528e-001,0.951409818810145,1501.784,2016_yk_237,Yukon,2016
1434,751.416,7.0929043115961254e-001,0.9496787521950592,1502.832,2016_yk_237,Yukon,2016
1435,751.94,7.0949235772735808e-001,0.9707742212570637,1503.88,2016_yk_237,Yukon,2016
1436,752.464,7.0964566755161751e-001,1.0339497649834457,1504.928,2016_yk_237,Yukon,2016
1437,752.988,7.0967265322696338e-001,1.032023535151208,1505.976,2016_yk_237,Yukon,2016
1438,753.5120000000001,7.1036849404321900e-001,1.0143599578505464,1507.0240000000001,2016_yk_237,Yukon,2016
1439,754.0360000000001,7.0921998867286506e-001,1.0257240699696315,1508.0720000000001,2016_yk_237,Yukon,2016
1440,754.5600000000001,7.0964002075030841e-001,1.0209089516809342,1509.1200000000001,2016_yk_237,Yukon,2016
1441,755.0840000000001,7.0991117173220775e-001,1.0222391942144666,1510.1680000000001,2016_yk_237,Yukon,2016
1442,755.6080000000001,7.0908263993951515e-001,1.0166393854190807,1511.2160000000001,2016_yk_237,Yukon,2016
1443,756.1320000000001,7.1005400179334988e-001,1.01255275316018,1512.2640000000001,2016_yk_237,Yukon,2016
1444,756.6560000000001,7.0841477326582092e-001,1.020018833886764,1513.3120000000001,2016_yk_237,Yukon,2016
1445,757.1800000000001,7.0986372792033059e-001,1.0159188511827897,1514.3600000000001,2016_yk_237,Yukon,2016
1446,757.7040000000001,7.0779907430316447e-001,1.0132024810773,1515.4080000000001,2016_yk_237,Yukon,2016
1447,758.2280000000001,7.0833908027065351e-001,1.0427236080158242,1516.4560000000001,2016_yk_237,Yukon,2016
1448,758.7520000000001,7.0948709340763838e-001,1.0636266890580304,1517.5040000000001,2016_yk_237,Yukon,2016
1449,759.2760000000001,7.0884344223321272e-001,1.053985786056948,1518.5520000000001,2016_yk_237,Yukon,2016
1450,759.8000000000001,7.0807543447406429e-001,1.0654033694092682,1519.6000000000001,2016_yk_237,Yukon,2016
1451,760.3240000000001,7.0793335021157089e-001,1.0674716493438214,1520.6480000000001,2016_yk_237,Yukon,2016
1452,760.8480000000001,7.0890999691094236e-001,1.0606886042745334,1521.6960000000001,2016_yk_237,Yukon,2016
1453,761.3720000000001,7.1004140362989943e-001,1.04417545143367,1522.7440000000001,2016_yk_237,Yukon,2016
1454,761.8960000000001,7.1011793323345507e-001,1.054691536974112,1523.7920000000001,2016_yk_237,Yukon,2016
1455,762.4200000000001,7.1008138604793836e-001,1.0800138593636528,1524.8400000000001,2016_yk_237,Yukon,2016
1456,762.9440000000001,7.0903397582417804e-001,1.0678851314046105,1525.8880000000001,2016_yk_237,Yukon,2016
1457,763.4680000000001,7.0857373023386383e-001,1.077662575849646,1526.9360000000001,2016_yk_237,Yukon,2016
1458,763.9920000000001,7.1007700126432083e-001,1.0743871833459453,1527.9840000000002,2016_yk_237,Yukon,2016
1459,764.5160000000001,7.0890339454522544e-001,1.0797159631489108,1529.0320000000002,2016_yk_237,Yukon,2016
1460,765.0400000000001,7.0952408371394393e-001,1.1002732981359342,1530.0800000000002,2016_yk_237,Yukon,2016
1461,765.5640000000001,7.0914490654739892e-001,1.0986201921432857,1531.1280000000002,2016_yk_237,Yukon,2016
1462,766.0880000000001,7.0961867225024666e-001,1.068554670284716,1532.1760000000002,2016_yk_237,Yukon,2016
1463,766.6120000000001,7.0900487521954336e-001,1.0654164648004794,1533.2240000000002,2016_yk_237,Yukon,2016
1464,767.1360000000001,7.1000683888109506e-001,1.1461884112019227,1534.2720000000002,2016_yk_237,Yukon,2016
1465,767.6600000000001,7.0956880288275359e-001,1.169203243736597,1535.3200000000002,2016_yk_237,Yukon,2016
1466,768.1840000000001,7.0885013250405959e-001,1.1497209974468057,1536.3680000000002,2016_yk_237,Yukon,2016
1467,768.7080000000001,7.0863069934041700e-001,1.1522625811235634,1537.4160000000002,2016_yk_237,Yukon,2016
1468,769.2320000000001,7.0948427088110799e-001,1.1640413120911628,1538.4640000000002,2016_yk_237,Yukon,2016
1469,769.7560000000001,7.0932040768513471e-001,1.1469490409981924,1539.5120000000002,2016_yk_237,Yukon,2016
1470,770.2800000000001,7.0968528129668840e-001,1.138186924583012,1540.5600000000002,2016_yk_237,Yukon,2016
1471,770.8040000000001,7.0971454561520630e-001,1.1544668572477754,1541.6080000000002,2016_yk_237,Yukon,2016
1472,771.3280000000001,7.0974840638035797e-001,1.1799797286171667,1542.6560000000002,2016_yk_237,Yukon,2016
1473,771.852,7.0980223998170233e-001,1.1684448720925515,1543.704,2016_yk_237,Yukon,2016
1474,772.376,7.0926770827396834e-001,1.1309905031324206,1544.752,2016_yk_237,Yukon,2016
1475,772.9,7.1002947625310753e-001,1.1490260924168645,1545.8,2016_yk_237,Yukon,2016
1476,773.424,7.0938609122262697e-001,1.1744209136148271,1546.848,2016_yk_237,Yukon,2016
1477,773.948,7.0954128065653266e-001,1.2010873947278935,1547.896,2016_yk_237,Yukon,2016
1478,774.472,7.0917312739790628e-001,1.217343929325977,1548.944,2016_yk_237,Yukon,2016
1479,774.996,7.0837658633428191e-001,1.213589103471957,1549.992,2016_yk_237,Yukon,2016
1480,775.52,7.0930008018891855e-001,1.2106797640579685,1551.04,2016_yk_237,Yukon,2016
1481,776.044,7.0907533465164219e-001,1.2030330166735532,1552.088,2016_yk_237,Yukon,2016
1482,776.568,7.0851869440607984e-001,1.189040213685125,1553.136,2016_yk_237,Yukon,2016
1483,777.092,7.0877294722665363e-001,1.1659345405908346,1554.184,2016_yk_237,Yukon,2016
1484,777.616,7.0838529416455109e-001,1.1474472367807829,1555.232,2016_yk_237,Yukon,2016
1485,778.14,7.0946094158213135e-001,1.1531755076490855,1556.28,2016_yk_237,Yukon,2016
1486,778.664,7.0904057736843240e-001,1.1592369639007476,1557.328,2016_yk_237,Yukon,2016
1487,779.188,7.1064271369881205e-001,1.2116596680319367,1558.376,2016_yk_237,Yukon,2016
1488,779.712,7.0969909658439168e-001,1.2560151666454202,1559.424,2016_yk_237,Yukon,2016
1489,780.236,7.0902209699800878e-001,1.2780165857795485,1560.472,2016_yk_237,Yukon,2016
1490,780.76,7.0884280596779137e-001,1.2891662821426335,1561.52,2016_yk_237,Yukon,2016
1491,781.284,7.0891791615828925e-001,1.2712212310724245,1562.568,2016_yk_237,Yukon,2016
1492,781.808,7.0965342794618380e-001,1.2660929318491605,1563.616,2016_yk_237,Yukon,2016
1493,782.332,7.0921205268232790e-001,1.2519983357582487,1564.664,2016_yk_237,Yukon,2016
1494,782.856,7.1035956084992535e-001,1.2342979462826993,1565.712,2016_yk_237,Yukon,2016
1495,783.38,7.0923612725483520e-001,1.2103409408213293,1566.76,2016_yk_237,Yukon,2016
1496,783.904,7.0971388653716705e-001,1.2058310571732849,1567.808,2016_yk_237,Yukon,2016
1497,784.428,7.0858658637089833e-001,1.2352480554272112,1568.856,2016_yk_237,Yukon,2016
1498,784.952,7.0869551643128725e-001,1.2072504466778404,1569.904,2016_yk_237,Yukon,2016
1499,785.476,7.0923323326161636e-001,1.1629825368513411,1570.952,2016_yk_237,Yukon,2016
1500,786,7.0914646967567363e-001,1.1848577676738845,1572,2016_yk_237,Yukon,2016
1501,786.524,7.0900040646603790e-001,1.1973746942319885,1573.048,2016_yk_237,Yukon,2016
1502,787.048,7.0970185536713160e-001,1.214668855825729,1574.096,2016_yk_237,Yukon,2016
1503,787.572,7.0999752727530208e-001,1.236144539229473,1575.144,2016_yk_237,Yukon,2016
1504,788.096,7.1011344606022453e-001,1.2387090718850229,1576.192,2016_yk_237,Yukon,2016
1505,788.62,7.0852009933305837e-001,1.2596122620230958,1577.24,2016_yk_237,Yukon,2016
1506,789.144,7.1024678767640659e-001,1.2545493201908495,1578.288,2016_yk_237,Yukon,2016
1507,789.668,7.1018262416245714e-001,1.223469088596491,1579.336,2016_yk_237,Yukon,2016
1508,790.192,7.1026439040557376e-001,1.197398622432439,1580.384,2016_yk_237,Yukon,2016
1509,790.716,7.0959219931793638e-001,1.1657574824518866,1581.432,2016_yk_237,Yukon,2016
1510,791.24,7.0816104023988713e-001,1.1874870460623548,1582.48,2016_yk_237,Yukon,2016
1511,791.764,7.0986386721097616e-001,1.2049346504581555,1583.528,2016_yk_237,Yukon,2016
1512,792.288,7.0915570959645025e-001,1.2037982679552592,1584.576,2016_yk_237,Yukon,2016
1513,792.812,7.0864589812744860e-001,1.192376213036108,1585.624,2016_yk_237,Yukon,2016
1514,793.336,7.0906540291033338e-001,1.1946344458413265,1586.672,2016_yk_237,Yukon,2016
1515,793.86,7.0878287493662562e-001,1.2182079095651213,1587.72,2016_yk_237,Yukon,2016
1516,794.384,7.0897488100639039e-001,1.2002545026853202,1588.768,2016_yk_237,Yukon,2016
1517,794.908,7.1103619822300601e-001,1.1505411493966662,1589.816,2016_yk_237,Yukon,2016
1518,795.432,7.0842016533601437e-001,1.1989192102246735,1590.864,2016_yk_237,Yukon,2016
1519,795.956,7.0961531578475467e-001,1.2018349109032898,1591.912,2016_yk_237,Yukon,2016
1520,796.48,7.0882642715054900e-001,1.1779842403356289,1592.96,2016_yk_237,Yukon,2016
1521,797.004,7.1012969246305724e-001,1.177105017792063,1594.008,2016_yk_237,Yukon,2016
1522,797.528,7.0899036081672429e-001,1.1522468714586092,1595.056,2016_yk_237,Yukon,2016
1523,798.052,7.0814128597499171e-001,1.1036911978009536,1596.104,2016_yk_237,Yukon,2016
1524,798.576,7.1010702929073888e-001,1.086237744522237,1597.152,2016_yk_237,Yukon,2016
1525,799.1,7.0988208773838490e-001,1.0847802927646113,1598.2,2016_yk_237,Yukon,2016
1526,799.624,7.1027352857821013e-001,1.1215338949845748,1599.248,2016_yk_237,Yukon,2016
1527,800.148,7.0988132430904516e-001,1.1255386863410075,1600.296,2016_yk_237,Yukon,2016
1528,800.672,7.0843822809380197e-001,1.139110994342432,1601.344,2016_yk_237,Yukon,2016
1529,801.196,7.0934968578900925e-001,1.1473306156277816,1602.392,2016_yk_237,Yukon,2016
1530,801.72,7.1035629127881239e-001,1.1291329647567474,1603.44,2016_yk_237,Yukon,2016
1531,802.244,7.0843025382075175e-001,1.0941843757931278,1604.488,2016_yk_237,Yukon,2016
1532,802.768,7.1014491764857368e-001,1.0813756883321437,1605.536,2016_yk_237,Yukon,2016
1533,803.292,7.0998089792901753e-001,1.1006483282789317,1606.584,2016_yk_237,Yukon,2016
1534,803.816,7.0925784831021887e-001,1.141775674615106,1607.632,2016_yk_237,Yukon,2016
1535,804.34,7.0860781552144081e-001,1.1321788753900308,1608.68,2016_yk_237,Yukon,2016
1536,804.864,7.0915824308587061e-001,1.0972932000347717,1609.728,2016_yk_237,Yukon,2016
1537,805.388,7.0904271446018352e-001,1.080750010946596,1610.776,2016_yk_237,Yukon,2016
1538,805.912,7.0964846490633748e-001,1.0890949704714783,1611.824,2016_yk_237,Yukon,2016
1539,806.436,7.0795774683119506e-001,1.1272091189328624,1612.872,2016_yk_237,Yukon,2016
1540,806.96,7.0956479776476600e-001,1.1371022122272492,1613.92,2016_yk_237,Yukon,2016
1541,807.484,7.0879914533482580e-001,1.1092176377874792,1614.968,2016_yk_237,Yukon,2016
1542,808.008,7.1005295139302393e-001,1.0997659194638114,1616.016,2016_yk_237,Yukon,2016
1543,808.532,7.0952699292214827e-001,1.092693627380779,1617.064,2016_yk_237,Yukon,2016
1544,809.056,7.0968978497651702e-001,1.068912216523352,1618.112,2016_yk_237,Yukon,2016
1545,809.58,7.0848216889901716e-001,1.0718452827091558,1619.16,2016_yk_237,Yukon,2016
1546,810.104,7.0816943073652161e-001,1.0873239478698151,1620.208,2016_yk_237,Yukon,2016
1547,810.628,7.1038296178714588e-001,1.1268141682160977,1621.256,2016_yk_237,Yukon,2016
1548,811.152,7.0948463316001542e-001,1.1064423032620536,1622.304,2016_yk_237,Yukon,2016
1549,811.676,7.0943641670015811e-001,1.0531452328721065,1623.352,2016_yk_237,Yukon,2016
1550,812.2,7.0914306893304346e-001,1.048705131747113,1624.4,2016_yk_237,Yukon,2016
1551,812.724,7.0923100936207040e-001,1.0645069477539275,1625.448,2016_yk_237,Yukon,2016
1552,813.248,7.0925098867809289e-001,1.057823319588407,1626.496,2016_yk_237,Yukon,2016
1553,813.772,7.0925077866169817e-001,1.0635062797373225,1627.544,2016_yk_237,Yukon,2016
1554,814.296,7.1042893377314897e-001,1.0411188846761743,1628.592,2016_yk_237,Yukon,2016
1555,814.82,7.0816523112413876e-001,1.0274512040287251,1629.64,2016_yk_237,Yukon,2016
1556,815.344,7.0896003795000651e-001,1.0562673359330677,1630.688,2016_yk_237,Yukon,2016
1557,815.868,7.0925939924210157e-001,1.051983384364229,1631.736,2016_yk_237,Yukon,2016
1558,816.392,7.0785994565963373e-001,1.0361429420739734,1632.784,2016_yk_237,Yukon,2016
1559,816.916,7.0903902170485833e-001,1.0474822758726516,1633.832,2016_yk_237,Yukon,2016
1560,817.44,7.0966199904641936e-001,1.0422427363502706,1634.88,2016_yk_237,Yukon,2016
1561,817.964,7.0961126363830807e-001,1.042842766469951,1635.928,2016_yk_237,Yukon,2016
1562,818.488,7.0919090843123689e-001,1.0319422042772777,1636.976,2016_yk_237,Yukon,2016
1563,819.0120000000001,7.1011250303468987e-001,1.0017551275096432,1638.0240000000001,2016_yk_237,Yukon,2016
1564,819.5360000000001,7.0939246953261814e-001,0.9737882307896878,1639.0720000000001,2016_yk_237,Yukon,2016
1565,820.0600000000001,7.0956716841616085e-001,0.979452034556101,1640.1200000000001,2016_yk_237,Yukon,2016
1566,820.5840000000001,7.0944395207921584e-001,1.0084472675211662,1641.1680000000001,2016_yk_237,Yukon,2016
1567,821.1080000000001,7.0941720798543595e-001,1.0295671985288786,1642.2160000000001,2016_yk_237,Yukon,2016
1568,821.6320000000001,7.1061510589860022e-001,1.0487377161007594,1643.2640000000001,2016_yk_237,Yukon,2016
1569,822.1560000000001,7.0895845150063874e-001,1.0523940081715837,1644.3120000000001,2016_yk_237,Yukon,2016
1570,822.6800000000001,7.0881304948333845e-001,1.0473028569531668,1645.3600000000001,2016_yk_237,Yukon,2016
1571,823.2040000000001,7.0872873064269881e-001,1.0495031552434533,1646.4080000000001,2016_yk_237,Yukon,2016
1572,823.7280000000001,7.0780679306159777e-001,1.0124043957530424,1647.4560000000001,2016_yk_237,Yukon,2016
1573,824.2520000000001,7.0929556147061412e-001,1.0024268867909734,1648.5040000000001,2016_yk_237,Yukon,2016
1574,824.7760000000001,7.0960571283915685e-001,1.0230257387123,1649.5520000000001,2016_yk_237,Yukon,2016
1575,825.3000000000001,7.0916421486344816e-001,1.0456930148705783,1650.6000000000001,2016_yk_237,Yukon,2016
1576,825.8240000000001,7.0952226159155629e-001,1.0309568652903125,1651.6480000000001,2016_yk_237,Yukon,2016
1577,826.3480000000001,7.0914373664888297e-001,0.9975044180922519,1652.6960000000001,2016_yk_237,Yukon,2016
1578,826.8720000000001,7.1041760906188933e-001,0.9914578087271806,1653.7440000000001,2016_yk_237,Yukon,2016
1579,827.3960000000001,7.0827534375866608e-001,0.9789622499742746,1654.7920000000001,2016_yk_237,Yukon,2016
1580,827.9200000000001,7.0851949898456157e-001,0.9770714639197606,1655.8400000000001,2016_yk_237,Yukon,2016
1581,828.4440000000001,7.0896674314291452e-001,1.004640645678856,1656.8880000000001,2016_yk_237,Yukon,2016
1582,828.9680000000001,7.1023534234888330e-001,0.9991423896210695,1657.9360000000001,2016_yk_237,Yukon,2016
1583,829.4920000000001,7.0981906657931726e-001,1.0081845532829408,1658.9840000000002,2016_yk_237,Yukon,2016
1584,830.0160000000001,7.0926047783794421e-001,1.0132661459402847,1660.0320000000002,2016_yk_237,Yukon,2016
1585,830.5400000000001,7.0951673205170307e-001,0.9927063518651896,1661.0800000000002,2016_yk_237,Yukon,2016
1586,831.0640000000001,7.0803426043042861e-001,0.9770636851998024,1662.1280000000002,2016_yk_237,Yukon,2016
1587,831.5880000000001,7.0946021355928157e-001,0.972390048940317,1663.1760000000002,2016_yk_237,Yukon,2016
1588,832.1120000000001,7.0866419719630203e-001,0.948148730682474,1664.2240000000002,2016_yk_237,Yukon,2016
1589,832.6360000000001,7.0882069120577018e-001,0.9482519421227411,1665.2720000000002,2016_yk_237,Yukon,2016
1590,833.1600000000001,7.0993860807152442e-001,0.9634705300902254,1666.3200000000002,2016_yk_237,Yukon,2016
1591,833.6840000000001,7.0807129338987240e-001,0.9750863858906762,1667.3680000000002,2016_yk_237,Yukon,2016
1592,834.2080000000001,7.0858639505365939e-001,0.9513986130519543,1668.4160000000002,2016_yk_237,Yukon,2016
1593,834.7320000000001,7.0808718125764725e-001,0.9462831447008584,1669.4640000000002,2016_yk_237,Yukon,2016
1594,835.2560000000001,7.0902988989209625e-001,0.9643500335495712,1670.5120000000002,2016_yk_237,Yukon,2016
1595,835.7800000000001,7.0906401489037107e-001,0.9688862928128954,1671.5600000000002,2016_yk_237,Yukon,2016
1596,836.3040000000001,7.0869138651346519e-001,0.9685813820720923,1672.6080000000002,2016_yk_237,Yukon,2016
1597,836.8280000000001,7.0908759402744925e-001,1.0045418913035828,1673.6560000000002,2016_yk_237,Yukon,2016
1598,837.3520000000001,7.0895910842681165e-001,1.011938327178483,1674.7040000000002,2016_yk_237,Yukon,2016
1599,837.8760000000001,7.0870687057784609e-001,1.0079871909525584,1675.7520000000002,2016_yk_237,Yukon,2016
1600,838.4000000000001,7.0977489130406357e-001,1.0120258827005533,1676.8000000000002,2016_yk_237,Yukon,2016
1601,838.9240000000001,7.0837783550454980e-001,0.990288962845033,1677.8480000000002,2016_yk_237,Yukon,2016
1602,839.448,7.0950510632790242e-001,0.9690417686135288,1678.896,2016_yk_237,Yukon,2016
1603,839.972,7.0976361604335625e-001,0.963600311847536,1679.944,2016_yk_237,Yukon,2016
1604,840.496,7.0861638798407178e-001,0.98615630941258,1680.992,2016_yk_237,Yukon,2016
1605,841.02,7.1022134081545496e-001,0.9639527849131053,1682.04,2016_yk_237,Yukon,2016
1606,841.544,7.1054383556567102e-001,0.9547436710299421,1683.088,2016_yk_237,Yukon,2016
1607,842.068,7.0947673414112522e-001,0.9324663115211896,1684.136,2016_yk_237,Yukon,2016
1608,842.592,7.0915329973378982e-001,0.9399637753712003,1685.184,2016_yk_237,Yukon,2016
1609,843.116,7.0921347963709824e-001,0.9484377409952727,1686.232,2016_yk_237,Yukon,2016
1610,843.64,7.0880216471109803e-001,0.9465693624361613,1687.28,2016_yk_237,Yukon,2016
1611,844.164,7.0967284522249263e-001,0.9696631072140787,1688.328,2016_yk_237,Yukon,2016
1612,844.688,7.0918892146460621e-001,0.9936499931354263,1689.376,2016_yk_237,Yukon,2016
1613,845.212,7.0981660334301955e-001,0.9526962470151144,1690.424,2016_yk_237,Yukon,2016
1614,845.736,7.0868031626601946e-001,0.9783842645978637,1691.472,2016_yk_237,Yukon,2016
1615,846.26,7.1022529426442704e-001,1.0154089947591485,1692.52,2016_yk_237,Yukon,2016
1616,846.784,7.0957128867953234e-001,1.0043362036505634,1693.568,2016_yk_237,Yukon,2016
1617,847.308,7.0989523220324813e-001,1.032836724733205,1694.616,2016_yk_237,Yukon,2016
1618,847.832,7.0885930453476642e-001,1.027163836064202,1695.664,2016_yk_237,Yukon,2016
1619,848.356,7.1046354718492388e-001,1.009248901903095,1696.712,2016_yk_237,Yukon,2016
1620,848.88,7.0935386769246511e-001,1.001453379524999,1697.76,2016_yk_237,Yukon,2016
1621,849.404,7.0841658894818937e-001,1.0005100528996675,1698.808,2016_yk_237,Yukon,2016
1622,849.928,7.0895725405818089e-001,1.0177607840893612,1699.856,2016_yk_237,Yukon,2016
1623,850.452,7.1094580283734532e-001,1.0085229491877763,1700.904,2016_yk_237,Yukon,2016
1624,850.976,7.0854147595777561e-001,1.0085650755445823,1701.952,2016_yk_237,Yukon,2016
1625,851.5,7.0883892141797744e-001,1.018506219396364,1703,2016_yk_237,Yukon,2016
1626,852.024,7.0968719823544102e-001,1.0394772985491874,1704.048,2016_yk_237,Yukon,2016
1627,852.548,7.0810405375363528e-001,1.0093592717868651,1705.096,2016_yk_237,Yukon,2016
1628,853.072,7.0879378531609416e-001,0.9994707694704791,1706.144,2016_yk_237,Yukon,2016
1629,853.596,7.1020916490859620e-001,1.0089067711846087,1707.192,2016_yk_237,Yukon,2016
1630,854.12,7.1041408619750968e-001,0.9976232369457656,1708.24,2016_yk_237,Yukon,2016
1631,854.644,7.0950776849866304e-001,0.9950653308395224,1709.288,2016_yk_237,Yukon,2016
1632,855.168,7.0890189220129474e-001,1.0371087875621778,1710.336,2016_yk_237,Yukon,2016
1633,855.692,7.1029811305562451e-001,1.0366263285271773,1711.384,2016_yk_237,Yukon,2016
1634,856.216,7.0927483896235799e-001,0.9981103507554285,1712.432,2016_yk_237,Yukon,2016
1635,856.74,7.0873336409972165e-001,0.9710911808680716,1713.48,2016_yk_237,Yukon,2016
1636,857.264,7.0866337365654386e-001,1.0107361847489007,1714.528,2016_yk_237,Yukon,2016
1637,857.788,7.0880105521488135e-001,0.9984922537475608,1715.576,2016_yk_237,Yukon,2016
1638,858.312,7.0882573061387966e-001,1.0169892178570688,1716.624,2016_yk_237,Yukon,2016
1639,858.836,7.0828102600559273e-001,1.025267128181911,1717.672,2016_yk_237,Yukon,2016
1640,859.36,7.0907479582022848e-001,1.0273301435990707,1718.72,2016_yk_237,Yukon,2016
1641,859.884,7.0832567247146805e-001,1.0170146438592162,1719.768,2016_yk_237,Yukon,2016
1642,860.408,7.0812935182008230e-001,1.0201145240699103,1720.816,2016_yk_237,Yukon,2016
1643,860.932,7.0974487542987164e-001,1.0641895739972216,1721.864,2016_yk_237,Yukon,2016
1644,861.456,7.0915203988165876e-001,1.0736062946783795,1722.912,2016_yk_237,Yukon,2016
1645,861.98,7.0892849328468954e-001,1.0359328378903156,1723.96,2016_yk_237,Yukon,2016
1646,862.504,7.0826130908045659e-001,1.0155678367303478,1725.008,2016_yk_237,Yukon,2016
1647,863.028,7.0944845374335064e-001,1.0199242248576168,1726.056,2016_yk_237,Yukon,2016
1648,863.552,7.1047424501629286e-001,1.0266549699116596,1727.104,2016_yk_237,Yukon,2016
1649,864.076,7.0981645991706532e-001,1.0142987520387248,1728.152,2016_yk_237,Yukon,2016
1650,864.6,7.0921514993110613e-001,0.9864061720471958,1729.2,2016_yk_237,Yukon,2016
1651,865.124,7.0960937542187397e-001,0.99257073254518835,1730.248,2016_yk_237,Yukon,2016
1652,865.648,7.0946807451464255e-001,0.9996595671298707,1731.296,2016_yk_237,Yukon,2016
1653,866.172,7.1059041528054834e-001,0.9621765022211237,1732.344,2016_yk_237,Yukon,2016
1654,866.696,7.0891094647577446e-001,0.9747943959922107,1733.392,2016_yk_237,Yukon,2016
1655,867.22,7.0928390715829315e-001,0.9612306034469662,1734.44,2016_yk_237,Yukon,2016
1656,867.744,7.1014325508576170e-001,1.0078344582025798,1735.488,2016_yk_237,Yukon,2016
1657,868.268,7.0873739246847922e-001,1.0244164791330153,1736.536,2016_yk_237,Yukon,2016
1658,868.792,7.0766701453722081e-001,0.9970665775304521,1737.584,2016_yk_237,Yukon,2016
1659,869.316,7.0903819334468077e-001,1.000123848914988,1738.632,2016_yk_237,Yukon,2016
1660,869.84,7.0971490993840225e-001,1.0111971057624465,1739.68,2016_yk_237,Yukon,2016
1661,870.364,7.0892179425451707e-001,0.9727528913966009,1740.728,2016_yk_237,Yukon,2016
1662,870.888,7.0853008944619700e-001,0.93847970959997,1741.776,2016_yk_237,Yukon,2016
1663,871.412,7.0906322439846114e-001,0.9679023444445326,1742.824,2016_yk_237,Yukon,2016
1664,871.936,7.0920599223360792e-001,0.9748876005431394,1743.872,2016_yk_237,Yukon,2016
1665,872.46,7.0989299383551185e-001,0.9940308861715467,1744.92,2016_yk_237,Yukon,2016
1666,872.984,7.0997342942302699e-001,0.9844915705740246,1745.968,2016_yk_237,Yukon,2016
1667,873.508,7.1064747986784260e-001,0.9837137749301437,1747.016,2016_yk_237,Yukon,2016
1668,874.032,7.0895989062617859e-001,0.9564320561238008,1748.064,2016_yk_237,Yukon,2016
1669,874.556,7.0779414707336019e-001,0.9445593216169073,1749.112,2016_yk_237,Yukon,2016
1670,875.08,7.0935485961525047e-001,0.9758800275166357,1750.16,2016_yk_237,Yukon,2016
1671,875.604,7.0970617348082943e-001,0.9712562100711352,1751.208,2016_yk_237,Yukon,2016
1672,876.128,7.1010694090657389e-001,1.0016913527901985,1752.256,2016_yk_237,Yukon,2016
1673,876.652,7.0885227686395869e-001,1.0184302254206816,1753.304,2016_yk_237,Yukon,2016
1674,877.176,7.0879189247802099e-001,1.0217400361053697,1754.352,2016_yk_237,Yukon,2016
1675,877.7,7.0900963644520942e-001,1.000247352146966,1755.4,2016_yk_237,Yukon,2016
1676,878.224,7.0903144009483487e-001,0.9933256711844394,1756.448,2016_yk_237,Yukon,2016
1677,878.748,7.0933664093325699e-001,1.0058240657441333,1757.496,2016_yk_237,Yukon,2016
1678,879.272,7.0976230047699262e-001,1.0144118594700926,1758.544,2016_yk_237,Yukon,2016
1679,879.796,7.0935354031150033e-001,1.001832800953087,1759.592,2016_yk_237,Yukon,2016
1680,880.32,7.0882062386407829e-001,1.003477716929604,1760.64,2016_yk_237,Yukon,2016
1681,880.844,7.0914325796408451e-001,0.9725125159773144,1761.688,2016_yk_237,Yukon,2016
1682,881.368,7.0795875658533158e-001,0.9629497592656701,1762.736,2016_yk_237,Yukon,2016
1683,881.892,7.0920091295946586e-001,0.9912439962197418,1763.784,2016_yk_237,Yukon,2016
1684,882.416,7.0814077486636029e-001,0.9954793096136112,1764.832,2016_yk_237,Yukon,2016
1685,882.94,7.1037582855103742e-001,1.001417401833121,1765.88,2016_yk_237,Yukon,2016
1686,883.464,7.0909502677955905e-001,0.9962431733812152,1766.928,2016_yk_237,Yukon,2016
1687,883.988,7.0955253589049860e-001,0.97130734464776,1767.976,2016_yk_237,Yukon,2016
1688,884.5120000000001,7.1052175492381431e-001,0.9465179231057267,1769.0240000000001,2016_yk_237,Yukon,2016
1689,885.0360000000001,7.0938734422928462e-001,0.9435871120069858,1770.0720000000001,2016_yk_237,Yukon,2016
1690,885.5600000000001,7.0928227398139498e-001,0.9567416045920432,1771.1200000000001,2016_yk_237,Yukon,2016
1691,886.0840000000001,7.0814720510485563e-001,0.9759245433693142,1772.1680000000001,2016_yk_237,Yukon,2016
1692,886.6080000000001,7.0990042124208885e-001,1.010178191455594,1773.2160000000001,2016_yk_237,Yukon,2016
1693,887.1320000000001,7.0831021757757096e-001,0.9938915931078742,1774.2640000000001,2016_yk_237,Yukon,2016
1694,887.6560000000001,7.0888610304497102e-001,0.987600776163666,1775.3120000000001,2016_yk_237,Yukon,2016
1695,888.1800000000001,7.0925098757425364e-001,0.9816774894586431,1776.3600000000001,2016_yk_237,Yukon,2016
1696,888.7040000000001,7.0975054134587789e-001,0.9642599483157615,1777.4080000000001,2016_yk_237,Yukon,2016
1697,889.2280000000001,7.0795072730551201e-001,0.9605683081241568,1778.4560000000001,2016_yk_237,Yukon,2016
1698,889.7520000000001,7.0794129854750043e-001,0.9764697943503067,1779.5040000000001,2016_yk_237,Yukon,2016
1699,890.2760000000001,7.0937211938573075e-001,0.9783379648067548,1780.5520000000001,2016_yk_237,Yukon,2016
1700,890.8000000000001,7.0926821242735938e-001,0.9737557738410869,1781.6000000000001,2016_yk_237,Yukon,2016
1701,891.3240000000001,7.0941658969377086e-001,0.9558766464350577,1782.6480000000001,2016_yk_237,Yukon,2016
1702,891.8480000000001,7.0864790454838145e-001,0.9449339846977223,1783.6960000000001,2016_yk_237,Yukon,2016
1703,892.3720000000001,7.0859944427311017e-001,0.9631058657397763,1784.7440000000001,2016_yk_237,Yukon,2016
1704,892.8960000000001,7.0915888808427552e-001,0.9409652091018567,1785.7920000000001,2016_yk_237,Yukon,2016
1705,893.4200000000001,7.0959696509952375e-001,0.9282085742545488,1786.8400000000001,2016_yk_237,Yukon,2016
1706,893.9440000000001,7.0963568549723233e-001,0.9261974084002916,1787.8880000000001,2016_yk_237,Yukon,2016
1707,894.4680000000001,7.0922042605194546e-001,0.9215333838474934,1788.9360000000001,2016_yk_237,Yukon,2016
1708,894.9920000000001,7.0848527705420328e-001,0.9142285311192219,1789.9840000000002,2016_yk_237,Yukon,2016
1709,895.5160000000001,7.0952473968906882e-001,0.9333203849591808,1791.0320000000002,2016_yk_237,Yukon,2016
1710,896.0400000000001,7.1037684130614187e-001,0.9343142999650136,1792.0800000000002,2016_yk_237,Yukon,2016
1711,896.5640000000001,7.0871897830036168e-001,0.9094792162516786,1793.1280000000002,2016_yk_237,Yukon,2016
1712,897.0880000000001,7.0974212626079625e-001,0.9290532747592867,1794.1760000000002,2016_yk_237,Yukon,2016
1713,897.6120000000001,7.0927432019745440e-001,0.9053008457666787,1795.2240000000002,2016_yk_237,Yukon,2016
1714,898.1360000000001,7.0905238315579056e-001,0.8704561948926368,1796.2720000000002,2016_yk_237,Yukon,2016
1715,898.6600000000001,7.0901847248900918e-001,0.9066224089418625,1797.3200000000002,2016_yk_237,Yukon,2016
1716,899.1840000000001,7.0942426920436308e-001,0.9033205064202349,1798.3680000000002,2016_yk_237,Yukon,2016
1717,899.7080000000001,7.0904196670054220e-001,0.9302201894635505,1799.4160000000002,2016_yk_237,Yukon,2016
1718,900.2320000000001,7.0809857251110919e-001,0.9166115889793052,1800.4640000000002,2016_yk_237,Yukon,2016
1719,900.7560000000001,7.0846287882625469e-001,0.9250075487950539,1801.5120000000002,2016_yk_237,Yukon,2016
1720,901.2800000000001,7.0999697209979762e-001,0.8918629159603881,1802.5600000000002,2016_yk_237,Yukon,2016
1721,901.8040000000001,7.0881149177504765e-001,0.901308356519111,1803.6080000000002,2016_yk_237,Yukon,2016
1722,902.3280000000001,7.0954315555774139e-001,0.9033573800584639,1804.6560000000002,2016_yk_237,Yukon,2016
1723,902.8520000000001,7.1024390320458386e-001,0.9020969728770939,1805.7040000000002,2016_yk_237,Yukon,2016
1724,903.3760000000001,7.0931617101073496e-001,0.932182774891116,1806.7520000000002,2016_yk_237,Yukon,2016
1725,903.9000000000001,7.0977332087067246e-001,0.943981088393704,1807.8000000000002,2016_yk_237,Yukon,2016
1726,904.4240000000001,7.0899255716619636e-001,0.9230901373064889,1808.8480000000002,2016_yk_237,Yukon,2016
1727,904.9480000000001,7.0824682919211090e-001,0.9094464253778469,1809.8960000000002,2016_yk_237,Yukon,2016
1728,905.4720000000001,7.0993391370445758e-001,0.9272106134413663,1810.9440000000002,2016_yk_237,Yukon,2016
1729,905.996,7.1078582157389547e-001,0.9001813501032733,1811.992,2016_yk_237,Yukon,2016
1730,906.52,7.0991649042254956e-001,0.9156859816781467,1813.04,2016_yk_237,Yukon,2016
1731,907.044,7.0941542306087813e-001,0.8979467610265394,1814.088,2016_yk_237,Yukon,2016
1732,907.568,7.0811859103468267e-001,0.9214789553558252,1815.136,2016_yk_237,Yukon,2016
1733,908.092,7.1066158944689473e-001,0.9014876592392401,1816.184,2016_yk_237,Yukon,2016
1734,908.616,7.0848105201225531e-001,0.8914747667989755,1817.232,2016_yk_237,Yukon,2016
1735,909.14,7.0898262420448832e-001,0.914327447527334,1818.28,2016_yk_237,Yukon,2016
1736,909.664,7.0933022832358794e-001,0.9035655442108381,1819.328,2016_yk_237,Yukon,2016
1737,910.188,7.0824808397135708e-001,0.9088849536545184,1820.376,2016_yk_237,Yukon,2016
1738,910.712,7.0922306624681186e-001,0.9082732119781333,1821.424,2016_yk_237,Yukon,2016
1739,911.236,7.0996763156546372e-001,0.9126737318780865,1822.472,2016_yk_237,Yukon,2016
1740,911.76,7.0961453681526920e-001,0.8985670760989065,1823.52,2016_yk_237,Yukon,2016
1741,912.284,7.0923779555387612e-001,0.8929740604764542,1824.568,2016_yk_237,Yukon,2016
1742,912.808,7.0814653769963198e-001,0.9049862343886298,1825.616,2016_yk_237,Yukon,2016
1743,913.332,7.1014688572966711e-001,0.9313814233997895,1826.664,2016_yk_237,Yukon,2016
1744,913.856,7.0919722962711229e-001,0.9331010764130987,1827.712,2016_yk_237,Yukon,2016
1745,914.38,7.0899463641379734e-001,0.9381053754096192,1828.76,2016_yk_237,Yukon,2016
1746,914.904,7.0857175454710153e-001,0.9221273760616376,1829.808,2016_yk_237,Yukon,2016
1747,915.428,7.0841074649624114e-001,0.9100619820400416,1830.856,2016_yk_237,Yukon,2016
1748,915.952,7.1055086587449212e-001,0.9221676084673135,1831.904,2016_yk_237,Yukon,2016
1749,916.476,7.0937823636130515e-001,0.9116962181292165,1832.952,2016_yk_237,Yukon,2016
1750,917,7.0819647787016737e-001,0.8839575512313088,1834,2016_yk_237,Yukon,2016
1751,917.524,7.0883543266507631e-001,0.8862356459348514,1835.048,2016_yk_237,Yukon,2016
1752,918.048,7.1062683375148672e-001,0.8781341146939595,1836.096,2016_yk_237,Yukon,2016
1753,918.572,7.0840498915361150e-001,0.9065023737467248,1837.144,2016_yk_237,Yukon,2016
1754,919.096,7.1108911817294751e-001,0.911581796201356,1838.192,2016_yk_237,Yukon,2016
1755,919.62,7.0992302954423148e-001,0.9042998722278215,1839.24,2016_yk_237,Yukon,2016
1756,920.144,7.0864536587670601e-001,0.8798052325516723,1840.288,2016_yk_237,Yukon,2016
1757,920.668,7.1030380773649338e-001,0.8794433938386204,1841.336,2016_yk_237,Yukon,2016
1758,921.192,7.0866578415212411e-001,0.9077570259955977,1842.384,2016_yk_237,Yukon,2016
1759,921.716,7.0907861919434800e-001,0.9096573354315184,1843.432,2016_yk_237,Yukon,2016
1760,922.24,7.0944415003963779e-001,0.8702581727055262,1844.48,2016_yk_237,Yukon,2016
1761,922.764,7.1021294897328868e-001,0.864327192332942,1845.528,2016_yk_237,Yukon,2016
1762,923.288,7.1094897020889991e-001,0.868289327967712,1846.576,2016_yk_237,Yukon,2016
1763,923.812,7.0916152266744648e-001,0.8874323127400322,1847.624,2016_yk_237,Yukon,2016
1764,924.336,7.0876597770328531e-001,0.8485162729313496,1848.672,2016_yk_237,Yukon,2016
1765,924.86,7.0793083083925024e-001,0.8425988431733317,1849.72,2016_yk_237,Yukon,2016
1766,925.384,7.0982108633412455e-001,0.8742034657904573,1850.768,2016_yk_237,Yukon,2016
1767,925.908,7.0864721069096714e-001,0.8941799846265543,1851.816,2016_yk_237,Yukon,2016
1768,926.432,7.0898849274643860e-001,0.885469078615066,1852.864,2016_yk_237,Yukon,2016
1769,926.956,7.0815504072666091e-001,0.8837504992744971,1853.912,2016_yk_237,Yukon,2016
1770,927.48,7.0931185818189002e-001,0.9049535021935061,1854.96,2016_yk_237,Yukon,2016
1771,928.004,7.0977949946407370e-001,0.9304289138024296,1856.008,2016_yk_237,Yukon,2016
1772,928.528,7.0841722226864212e-001,0.894182044648561,1857.056,2016_yk_237,Yukon,2016
1773,929.052,7.1002878411813408e-001,0.8591377999542252,1858.104,2016_yk_237,Yukon,2016
1774,929.576,7.1119678529698072e-001,0.8558920047131378,1859.152,2016_yk_237,Yukon,2016
1775,930.1,7.0897909250623536e-001,0.8689279431548639,1860.2,2016_yk_237,Yukon,2016
1776,930.624,7.0993971725870730e-001,0.8793036713075449,1861.248,2016_yk_237,Yukon,2016
1777,931.148,7.0839566199338222e-001,0.8873469992870124,1862.296,2016_yk_237,Yukon,2016
1778,931.672,7.1095495865596781e-001,0.8823429951537493,1863.344,2016_yk_237,Yukon,2016
1779,932.196,7.0925631828426849e-001,0.8710687067765438,1864.392,2016_yk_237,Yukon,2016
1780,932.72,7.0914083472241818e-001,0.8499668990843047,1865.44,2016_yk_237,Yukon,2016
1781,933.244,7.0897058516555422e-001,0.8439105296898155,1866.488,2016_yk_237,Yukon,2016
1782,933.768,7.0835531336585345e-001,0.8590199931120157,1867.536,2016_yk_237,Yukon,2016
1783,934.292,7.0817103278806404e-001,0.8908301418485836,1868.584,2016_yk_237,Yukon,2016
1784,934.816,7.0875370739959809e-001,0.8920798583125116,1869.632,2016_yk_237,Yukon,2016
1785,935.34,7.1039167704188033e-001,0.8817092073980042,1870.68,2016_yk_237,Yukon,2016
1786,935.864,7.0921185900027872e-001,0.8698765205712327,1871.728,2016_yk_237,Yukon,2016
1787,936.388,7.0911550574602544e-001,0.8633083584737908,1872.776,2016_yk_237,Yukon,2016
1788,936.912,7.0943698395783006e-001,0.8682787775550811,1873.824,2016_yk_237,Yukon,2016
1789,937.436,7.0907514461906840e-001,0.8789310305896453,1874.872,2016_yk_237,Yukon,2016
1790,937.96,7.0870760670106669e-001,0.8486781313567396,1875.92,2016_yk_237,Yukon,2016
1791,938.484,7.0995170178326228e-001,0.8397683065723303,1876.968,2016_yk_237,Yukon,2016
1792,939.008,7.0996885046643354e-001,0.8643999212035197,1878.016,2016_yk_237,Yukon,2016
1793,939.532,7.1020975859284896e-001,0.8601001571389872,1879.064,2016_yk_237,Yukon,2016
1794,940.056,7.0950044970201320e-001,0.8645175187161992,1880.112,2016_yk_237,Yukon,2016
1795,940.58,7.0926304737864543e-001,0.8748574839142012,1881.16,2016_yk_237,Yukon,2016
1796,941.104,7.0982253671226414e-001,0.8956282194611701,1882.208,2016_yk_237,Yukon,2016
1797,941.628,7.0829363392708955e-001,0.8946353210622331,1883.256,2016_yk_237,Yukon,2016
1798,942.152,7.0918438664442374e-001,0.883920929952461,1884.304,2016_yk_237,Yukon,2016
1799,942.676,7.0912388284206107e-001,0.8826038692747132,1885.352,2016_yk_237,Yukon,2016
1800,943.2,7.0962269365487529e-001,0.8577440940418438,1886.4,2016_yk_237,Yukon,2016
1801,943.724,7.0964915721872179e-001,0.8724986959291442,1887.448,2016_yk_237,Yukon,2016
1802,944.248,7.0927026933800463e-001,0.8604489915120487,1888.496,2016_yk_237,Yukon,2016
1803,944.772,7.0874690782609884e-001,0.8643258329500969,1889.544,2016_yk_237,Yukon,2016
1804,945.296,7.0935634646647527e-001,0.8695794476574131,1890.592,2016_yk_237,Yukon,2016
1805,945.82,7.0909366166602539e-001,0.8620575164454616,1891.64,2016_yk_237,Yukon,2016
1806,946.344,7.1033945999140524e-001,0.8633715260726562,1892.688,2016_yk_237,Yukon,2016
1807,946.868,7.0856252393357499e-001,0.8601873577250365,1893.736,2016_yk_237,Yukon,2016
1808,947.392,7.0868215806946466e-001,0.86035159433288,1894.784,2016_yk_237,Yukon,2016
1809,947.916,7.0922130073320255e-001,0.8551995009830313,1895.832,2016_yk_237,Yukon,2016
1810,948.44,7.0980479932998675e-001,0.8449052575256709,1896.88,2016_yk_237,Yukon,2016
1811,948.964,7.1064456708660861e-001,0.8748479360386334,1897.928,2016_yk_237,Yukon,2016
1812,949.488,7.0922696554791631e-001,0.8807093739899958,1898.976,2016_yk_237,Yukon,2016
1813,950.0120000000001,7.0897079120380257e-001,0.8469109823279432,1900.0240000000001,2016_yk_237,Yukon,2016
1814,950.5360000000001,7.0967397115133080e-001,0.86808684171484,1901.0720000000001,2016_yk_237,Yukon,2016
1815,951.0600000000001,7.0899272259626189e-001,0.8746457406242669,1902.1200000000001,2016_yk_237,Yukon,2016
1816,951.5840000000001,7.0995282977734731e-001,0.864416914464609,1903.1680000000001,2016_yk_237,Yukon,2016
1817,952.1080000000001,7.0954368510312216e-001,0.8563392139820586,1904.2160000000001,2016_yk_237,Yukon,2016
1818,952.6320000000001,7.0861120712595094e-001,0.8569974093204319,1905.2640000000001,2016_yk_237,Yukon,2016
1819,953.1560000000001,7.1000925790933733e-001,0.87326555697838,1906.3120000000001,2016_yk_237,Yukon,2016
1820,953.6800000000001,7.0958686256967840e-001,0.8695154079172313,1907.3600000000001,2016_yk_237,Yukon,2016
1821,954.2040000000001,7.0886253036405722e-001,0.829828848124948,1908.4080000000001,2016_yk_237,Yukon,2016
1822,954.7280000000001,7.0947569121451004e-001,0.8330958727957105,1909.4560000000001,2016_yk_237,Yukon,2016
1823,955.2520000000001,7.0999783560237939e-001,0.8289069792205656,1910.5040000000001,2016_yk_237,Yukon,2016
1824,955.7760000000001,7.0861895176895906e-001,0.81702666678358,1911.5520000000001,2016_yk_237,Yukon,2016
1825,956.3000000000001,7.0922307093648229e-001,0.8440010356236423,1912.6000000000001,2016_yk_237,Yukon,2016
1826,956.8240000000001,7.0907802162199340e-001,0.8066749381612212,1913.6480000000001,2016_yk_237,Yukon,2016
1827,957.3480000000001,7.0998738693160701e-001,0.7979812876876226,1914.6960000000001,2016_yk_237,Yukon,2016
1828,957.8720000000001,7.0892223637131169e-001,0.8209867196600386,1915.7440000000001,2016_yk_237,Yukon,2016
1829,958.3960000000001,7.0860297454490484e-001,0.8131398660755575,1916.7920000000001,2016_yk_237,Yukon,2016
1830,958.9200000000001,7.0980828359459036e-001,0.8201679994250961,1917.8400000000001,2016_yk_237,Yukon,2016
1831,959.4440000000001,7.0930108424933691e-001,0.8337018589573869,1918.8880000000001,2016_yk_237,Yukon,2016
1832,959.9680000000001,7.0816380265110612e-001,0.8517009577746821,1919.9360000000001,2016_yk_237,Yukon,2016
1833,960.4920000000001,7.0788385220732408e-001,0.8305319812366448,1920.9840000000002,2016_yk_237,Yukon,2016
1834,961.0160000000001,7.0999379205658153e-001,0.8210238998785178,1922.0320000000002,2016_yk_237,Yukon,2016
1835,961.5400000000001,7.1088586256001307e-001,0.8190072060552485,1923.0800000000002,2016_yk_237,Yukon,2016
1836,962.0640000000001,7.1184085633976013e-001,0.8328502586841897,1924.1280000000002,2016_yk_237,Yukon,2016
1837,962.5880000000001,7.1112065404976399e-001,0.8228167530970277,1925.1760000000002,2016_yk_237,Yukon,2016
1838,963.1120000000001,7.1117469657006571e-001,0.7889741827899709,1926.2240000000002,2016_yk_237,Yukon,2016
1839,963.6360000000001,7.0851880262660549e-001,0.7873809255571347,1927.2720000000002,2016_yk_237,Yukon,2016
1840,964.1600000000001,7.0988082198192415e-001,0.8028966510671478,1928.3200000000002,2016_yk_237,Yukon,2016
1841,964.6840000000001,7.0792141304681799e-001,0.8144757074132555,1929.3680000000002,2016_yk_237,Yukon,2016
1842,965.2080000000001,7.0990714824501333e-001,0.8159501133353173,1930.4160000000002,2016_yk_237,Yukon,2016
1843,965.7320000000001,7.0884204697444420e-001,0.8315470050368983,1931.4640000000002,2016_yk_237,Yukon,2016
1844,966.2560000000001,7.0977797372881146e-001,0.8253189104352133,1932.5120000000002,2016_yk_237,Yukon,2016
1845,966.7800000000001,7.0855042374665134e-001,0.8040131429536117,1933.5600000000002,2016_yk_237,Yukon,2016
1846,967.3040000000001,7.0905879423584151e-001,0.8082487796352248,1934.6080000000002,2016_yk_237,Yukon,2016
1847,967.8280000000001,7.0858589299592378e-001,0.8140998383685569,1935.6560000000002,2016_yk_237,Yukon,2016
1848,968.3520000000001,7.0745051701634909e-001,0.8313184685555939,1936.7040000000002,2016_yk_237,Yukon,2016
1849,968.8760000000001,7.1046591340677101e-001,0.8395663599426815,1937.7520000000002,2016_yk_237,Yukon,2016
1850,969.4000000000001,7.0978474160860705e-001,0.8386921524750862,1938.8000000000002,2016_yk_237,Yukon,2016
1851,969.9240000000001,7.0965429389877765e-001,0.8403566704807813,1939.8480000000002,2016_yk_237,Yukon,2016
1852,970.4480000000001,7.0987765817676696e-001,0.8121886562894272,1940.8960000000002,2016_yk_237,Yukon,2016
1853,970.9720000000001,7.1057404421886505e-001,0.8072343233045198,1941.9440000000002,2016_yk_237,Yukon,2016
1854,971.4960000000001,7.1024258487853886e-001,0.8080434968995716,1942.9920000000002,2016_yk_237,Yukon,2016
1855,972.0200000000001,7.0926463421315789e-001,0.80181979888921,1944.0400000000002,2016_yk_237,Yukon,2016
1856,972.5440000000001,7.0950890494678909e-001,0.7740881945270667,1945.0880000000002,2016_yk_237,Yukon,2016
1857,973.0680000000001,7.0759609245962851e-001,0.7630288674309994,1946.1360000000002,2016_yk_237,Yukon,2016
1858,973.592,7.0843663017094605e-001,0.7555951412457176,1947.184,2016_yk_237,Yukon,2016
1859,974.116,7.1016781232235593e-001,0.7795466201321243,1948.232,2016_yk_237,Yukon,2016
1860,974.64,7.0887032999264887e-001,0.7889516785788251,1949.28,2016_yk_237,Yukon,2016
1861,975.164,7.0962315800814457e-001,0.7860810213622181,1950.328,2016_yk_237,Yukon,2016
1862,975.688,7.0967076655310757e-001,0.8117034509290109,1951.376,2016_yk_237,Yukon,2016
1863,976.212,7.0805271273644532e-001,0.8065897181698112,1952.424,2016_yk_237,Yukon,2016
1864,976.736,7.0879273670850484e-001,0.7927171859679306,1953.472,2016_yk_237,Yukon,2016
1865,977.26,7.0994436679379980e-001,0.7862387791943232,1954.52,2016_yk_237,Yukon,2016
1866,977.784,7.0967400731146468e-001,0.7969249993937588,1955.568,2016_yk_237,Yukon,2016
1867,978.308,7.1063553959240922e-001,0.7861848683161722,1956.616,2016_yk_237,Yukon,2016
1868,978.832,7.0866842337355573e-001,0.7779581936112736,1957.664,2016_yk_237,Yukon,2016
1869,979.356,7.0945120715144361e-001,0.7844099563820158,1958.712,2016_yk_237,Yukon,2016
1870,979.88,7.0852110758093956e-001,0.8003319862190015,1959.76,2016_yk_237,Yukon,2016
1871,980.404,7.1053833993395077e-001,0.8192654489415456,1960.808,2016_yk_237,Yukon,2016
1872,980.928,7.0716973770711966e-001,0.8307832332110893,1961.856,2016_yk_237,Yukon,2016
1873,981.452,7.1002155698647107e-001,0.8019305755492666,1962.904,2016_yk_237,Yukon,2016
1874,981.976,7.0833696924185396e-001,0.8065567633942994,1963.952,2016_yk_237,Yukon,2016
1875,982.5,7.0909854664919014e-001,0.8473689920613257,1965,2016_yk_237,Yukon,2016
1876,983.024,7.0939011201617974e-001,0.8605766020737634,1966.048,2016_yk_237,Yukon,2016
1877,983.548,7.0990223520662277e-001,0.8356183253092219,1967.096,2016_yk_237,Yukon,2016
1878,984.072,7.0843861647800366e-001,0.8078295816943727,1968.144,2016_yk_237,Yukon,2016
1879,984.596,7.0997817057115964e-001,0.8251001207161597,1969.192,2016_yk_237,Yukon,2016
1880,985.12,7.0949461480210907e-001,0.844653855655264,1970.24,2016_yk_237,Yukon,2016
1881,985.644,7.0912472840170937e-001,0.8396385045098599,1971.288,2016_yk_237,Yukon,2016
1882,986.168,7.0960813370682185e-001,0.8161275874729571,1972.336,2016_yk_237,Yukon,2016
1883,986.692,7.0987286352547396e-001,0.8293723687781367,1973.384,2016_yk_237,Yukon,2016
1884,987.216,7.0863266284601012e-001,0.8256376068555773,1974.432,2016_yk_237,Yukon,2016
1885,987.74,7.0904626301488305e-001,0.8043432394105977,1975.48,2016_yk_237,Yukon,2016
1886,988.264,7.0995122555007428e-001,0.8165253982787339,1976.528,2016_yk_237,Yukon,2016
1887,988.788,7.0799977103224143e-001,0.8305853853289064,1977.576,2016_yk_237,Yukon,2016
1888,989.312,7.1053326013524387e-001,0.8404132626133558,1978.624,2016_yk_237,Yukon,2016
1889,989.836,7.0856849592630855e-001,0.8407794819027216,1979.672,2016_yk_237,Yukon,2016
1890,990.36,7.1026863369148752e-001,0.8305964694506148,1980.72,2016_yk_237,Yukon,2016
1891,990.884,7.0976727425636210e-001,0.8187249326793825,1981.768,2016_yk_237,Yukon,2016
1892,991.408,7.0824870804394391e-001,0.834809640746018,1982.816,2016_yk_237,Yukon,2016
1893,991.932,7.0829397330277200e-001,0.8502679604374779,1983.864,2016_yk_237,Yukon,2016
1894,992.456,7.0990591172146111e-001,0.8743758294397956,1984.912,2016_yk_237,Yukon,2016
1895,992.98,7.0948319578755736e-001,0.8551330527717469,1985.96,2016_yk_237,Yukon,2016
1896,993.504,7.0975360079419569e-001,0.8324359607313371,1987.008,2016_yk_237,Yukon,2016
1897,994.028,7.0921817761527517e-001,0.8185055745564126,1988.056,2016_yk_237,Yukon,2016
1898,994.552,7.0819152024205245e-001,0.8423468387983145,1989.104,2016_yk_237,Yukon,2016
1899,995.076,7.1016541366663855e-001,0.8062355782434394,1990.152,2016_yk_237,Yukon,2016
1900,995.6,7.0999920773136105e-001,0.7988168804424982,1991.2,2016_yk_237,Yukon,2016
1901,996.124,7.0859855575460950e-001,0.798670505242308,1992.248,2016_yk_237,Yukon,2016
1902,996.648,7.0791990701763785e-001,0.80145725810118,1993.296,2016_yk_237,Yukon,2016
1903,997.172,7.1000473895093985e-001,0.8224818573108318,1994.344,2016_yk_237,Yukon,2016
1904,997.696,7.0982619711172568e-001,0.8028650683649344,1995.392,2016_yk_237,Yukon,2016
1905,998.22,7.0817696252069495e-001,0.8111413702047969,1996.44,2016_yk_237,Yukon,2016
1906,998.744,7.1003329603257437e-001,0.8174156996501876,1997.488,2016_yk_237,Yukon,2016
1907,999.268,7.0823728731704150e-001,0.7860529112622733,1998.536,2016_yk_237,Yukon,2016
1908,999.792,7.1000425672916179e-001,0.7952109420258525,1999.584,2016_yk_237,Yukon,2016
1909,1000.316,7.1060810276979414e-001,0.8237076292247427,2000.632,2016_yk_237,Yukon,2016
1910,1000.84,7.1117956666708748e-001,0.8265874216844364,2001.68,2016_yk_237,Yukon,2016
1911,1001.364,7.0765502114991496e-001,0.8231802052787854,2002.728,2016_yk_237,Yukon,2016
1912,1001.888,7.0984048890051388e-001,0.7881506999739579,2003.776,2016_yk_237,Yukon,2016
1913,1002.412,7.0774958599950055e-001,0.7857655594967867,2004.824,2016_yk_237,Yukon,2016
1914,1002.936,7.0894766895998074e-001,0.7723418460260953,2005.872,2016_yk_237,Yukon,2016
1915,1003.46,7.0858634709552326e-001,0.7858743427506887,2006.92,2016_yk_237,Yukon,2016
1916,1003.984,7.0965550030884905e-001,0.808906153668248,2007.968,2016_yk_237,Yukon,2016
1917,1004.508,7.1070916466537226e-001,0.8129334764829719,2009.016,2016_yk_237,Yukon,2016
1918,1005.032,7.0741222985749708e-001,0.8179696957608805,2010.064,2016_yk_237,Yukon,2016
1919,1005.556,7.0861114694217742e-001,0.8235839650710464,2011.112,2016_yk_237,Yukon,2016
1920,1006.08,7.0843635756390422e-001,0.8395090514607,2012.16,2016_yk_237,Yukon,2016
1921,1006.604,7.0817358722825419e-001,0.8583547541207333,2013.208,2016_yk_237,Yukon,2016
1922,1007.128,7.0866571392133115e-001,0.8705090281659726,2014.256,2016_yk_237,Yukon,2016
1923,1007.652,7.1057269875575924e-001,0.8699760129158984,2015.304,2016_yk_237,Yukon,2016
1924,1008.176,7.0965199443302485e-001,0.8432866013766713,2016.352,2016_yk_237,Yukon,2016
1925,1008.7,7.0783465485453090e-001,0.8448505864780492,2017.4,2016_yk_237,Yukon,2016
1926,1009.224,7.0882359557931074e-001,0.8330229568942179,2018.448,2016_yk_237,Yukon,2016
1927,1009.748,7.0831128492387874e-001,0.8068440619668361,2019.496,2016_yk_237,Yukon,2016
1928,1010.272,7.0913787988061872e-001,0.7959325329208714,2020.544,2016_yk_237,Yukon,2016
1929,1010.796,7.0922498778707166e-001,0.8050219791095221,2021.592,2016_yk_237,Yukon,2016
1930,1011.32,7.0941881994801481e-001,0.8320478983086317,2022.64,2016_yk_237,Yukon,2016
1931,1011.844,7.1005006875832100e-001,0.8278963525058919,2023.688,2016_yk_237,Yukon,2016
1932,1012.368,7.0789803291539377e-001,0.8368077394567235,2024.736,2016_yk_237,Yukon,2016
1933,1012.892,7.0959957951726282e-001,0.8285900655237989,2025.784,2016_yk_237,Yukon,2016
1934,1013.416,7.0832819909025058e-001,0.7492807043471464,2026.832,2016_yk_237,Yukon,2016
1935,1013.94,7.0824351142628472e-001,0.37912293336099,2027.88,2016_yk_237,Yukon,2016
