Cycle,Time,Iso,Sr88,Microns,Fish_id,Watershed,Year,Iso_MA,Sr88_MA,Sr88_MA_Gradient,natal_microns_start,natal_microns_end,marine_start,natal_origin_iso,Core
70,36.68,0.710174405921313,0.369918086018585,73.36,2017_yk_110,Yukon,2016,NA,NA,NA,397.2035493,601.9176221,990.36,0.721971073,136.75468570654385
71,37.204,0.713659550706538,1.01584803287359,74.408,2017_yk_110,Yukon,2016,NA,NA,NA,397.2035493,601.9176221,990.36,0.721971073,136.75468570654385
72,37.728,0.713158322147033,1.13062928794537,75.456,2017_yk_110,Yukon,2016,NA,NA,NA,397.2035493,601.9176221,990.36,0.721971073,136.75468570654385
73,38.252,0.713332232163476,1.06461941528046,76.504,2017_yk_110,Yukon,2016,NA,NA,NA,397.2035493,601.9176221,990.36,0.721971073,136.75468570654385
74,38.776,0.711861641812721,1.02160345748021,77.552,2017_yk_110,Yukon,2016,NA,NA,NA,397.2035493,601.9176221,990.36,0.721971073,136.75468570654385
75,39.3,0.71263618347993,0.983981479192094,78.6,2017_yk_110,Yukon,2016,NA,NA,NA,397.2035493,601.9176221,990.36,0.721971073,136.75468570654385
76,39.824,0.712532398586754,0.952473515452502,79.648,2017_yk_110,Yukon,2016,NA,NA,NA,397.2035493,601.9176221,990.36,0.721971073,136.75468570654385
77,40.348,0.711845881913197,0.945230208941964,80.696,2017_yk_110,Yukon,2016,NA,NA,NA,397.2035493,601.9176221,990.36,0.721971073,136.75468570654385
78,40.872,0.711731113586954,0.893184347051615,81.744,2017_yk_110,Yukon,2016,NA,NA,NA,397.2035493,601.9176221,990.36,0.721971073,136.75468570654385
79,41.396,0.713096296791991,0.896604823287535,82.792,2017_yk_110,Yukon,2016,NA,NA,NA,397.2035493,601.9176221,990.36,0.721971073,136.75468570654385
80,41.92,0.712023528233304,0.933972098591675,83.84,2017_yk_110,Yukon,2016,NA,NA,NA,397.2035493,601.9176221,990.36,0.721971073,136.75468570654385
81,42.444,0.712174805919211,0.97291879367657,84.888,2017_yk_110,Yukon,2016,NA,NA,NA,397.2035493,601.9176221,990.36,0.721971073,136.75468570654385
82,42.968,0.713099878013173,0.937724228807498,85.936,2017_yk_110,Yukon,2016,NA,NA,NA,397.2035493,601.9176221,990.36,0.721971073,136.75468570654385
83,43.492,0.711942096618516,0.95975756231558,86.984,2017_yk_110,Yukon,2016,NA,NA,NA,397.2035493,601.9176221,990.36,0.721971073,136.75468570654385
84,44.016,0.712566962217449,1.00605989441196,88.032,2017_yk_110,Yukon,2016,NA,NA,NA,397.2035493,601.9176221,990.36,0.721971073,136.75468570654385
85,44.54,0.712584768379021,0.994598894360853,89.08,2017_yk_110,Yukon,2016,NA,NA,NA,397.2035493,601.9176221,990.36,0.721971073,136.75468570654385
86,45.064,0.710927741701237,0.957394764139028,90.128,2017_yk_110,Yukon,2016,NA,NA,NA,397.2035493,601.9176221,990.36,0.721971073,136.75468570654385
87,45.588,0.712158872329608,1.0000496709923,91.176,2017_yk_110,Yukon,2016,NA,NA,NA,397.2035493,601.9176221,990.36,0.721971073,136.75468570654385
88,46.112,0.712240154330812,1.02373542541848,92.224,2017_yk_110,Yukon,2016,NA,NA,NA,397.2035493,601.9176221,990.36,0.721971073,136.75468570654385
89,46.636,0.713065965072977,1.01597866472129,93.272,2017_yk_110,Yukon,2016,NA,NA,NA,397.2035493,601.9176221,990.36,0.721971073,136.75468570654385
90,47.16,0.713321905076691,0.958622224883532,94.32,2017_yk_110,Yukon,2016,NA,NA,NA,397.2035493,601.9176221,990.36,0.721971073,136.75468570654385
91,47.684,0.712525275927417,0.959483919757957,95.368,2017_yk_110,Yukon,2016,NA,NA,NA,397.2035493,601.9176221,990.36,0.721971073,136.75468570654385
92,48.208,0.711457185144261,0.993825454079086,96.416,2017_yk_110,Yukon,2016,NA,NA,NA,397.2035493,601.9176221,990.36,0.721971073,136.75468570654385
93,48.732,0.711002083173926,0.986619142238206,97.464,2017_yk_110,Yukon,2016,NA,NA,NA,397.2035493,601.9176221,990.36,0.721971073,136.75468570654385
94,49.256,0.711695886181984,0.956352430305296,98.512,2017_yk_110,Yukon,2016,NA,NA,NA,397.2035493,601.9176221,990.36,0.721971073,136.75468570654385
95,49.78,0.71230804488638,0.975005867406845,99.56,2017_yk_110,Yukon,2016,NA,NA,NA,397.2035493,601.9176221,990.36,0.721971073,136.75468570654385
96,50.304,0.712200988339367,0.982107377450321,100.608,2017_yk_110,Yukon,2016,NA,NA,NA,397.2035493,601.9176221,990.36,0.721971073,136.75468570654385
97,50.828,0.712594743281991,0.957371585346389,101.656,2017_yk_110,Yukon,2016,NA,NA,NA,397.2035493,601.9176221,990.36,0.721971073,136.75468570654385
98,51.352,0.712041135620441,0.936860223215482,102.704,2017_yk_110,Yukon,2016,NA,NA,NA,397.2035493,601.9176221,990.36,0.721971073,136.75468570654385
99,51.876,0.712217908358488,0.932842893493935,103.752,2017_yk_110,Yukon,2016,0.712069896521997,0.923846685832744,NA,397.2035493,601.9176221,990.36,0.721971073,136.75468570654385
100,52.4,0.711881701294559,0.929646630544617,104.8,2017_yk_110,Yukon,2016,0.712084328357123,0.931437732913353,0.00759104708060865,397.2035493,601.9176221,990.36,0.721971073,136.75468570654385
101,52.924,0.71355859489831,0.938897275223536,105.848,2017_yk_110,Yukon,2016,0.712046177937952,0.928161787353436,-0.00327594555991684,397.2035493,601.9176221,990.36,0.721971073,136.75468570654385
102,53.448,0.713054076723802,0.928828246281122,106.896,2017_yk_110,Yukon,2016,0.712013629911403,0.923243290158885,-0.00491849719455129,397.2035493,601.9176221,990.36,0.721971073,136.75468570654385
103,53.972,0.711310163522318,0.933872827273513,107.944,2017_yk_110,Yukon,2016,0.711968276945824,0.91931714076033,-0.00392614939855485,397.2035493,601.9176221,990.36,0.721971073,136.75468570654385
104,54.496,0.711324662485941,0.952744809444241,108.992,2017_yk_110,Yukon,2016,0.711954329944918,0.915936601597032,-0.00338053916329761,397.2035493,601.9176221,990.36,0.721971073,136.75468570654385
105,55.02,0.712034735168511,0.928823380457751,110.04,2017_yk_110,Yukon,2016,0.711934085582956,0.912729629760125,-0.00320697183690688,397.2035493,601.9176221,990.36,0.721971073,136.75468570654385
106,55.544,0.712561137584009,0.897634048275177,111.088,2017_yk_110,Yukon,2016,0.711921094215435,0.910496000190798,-0.00223362956932671,397.2035493,601.9176221,990.36,0.721971073,136.75468570654385
107,56.068,0.711687015902735,0.922136603417432,112.136,2017_yk_110,Yukon,2016,0.711916432849723,0.908306411278174,-0.00218958891262433,397.2035493,601.9176221,990.36,0.721971073,136.75468570654385
108,56.592,0.712422324400016,0.937534857054543,113.184,2017_yk_110,Yukon,2016,0.711905709953642,0.906305371484932,-0.0020010397932424,397.2035493,601.9176221,990.36,0.721971073,136.75468570654385
109,57.116,0.710871381507048,0.920181567547177,114.232,2017_yk_110,Yukon,2016,0.711898638317723,0.904451539728195,-0.00185383175673681,397.2035493,601.9176221,990.36,0.721971073,136.75468570654385
110,57.64,0.711540505473515,0.922211529372616,115.28,2017_yk_110,Yukon,2016,0.711894313369493,0.902342380300953,-0.0021091594272421,397.2035493,601.9176221,990.36,0.721971073,136.75468570654385
111,58.164,0.711769103090328,0.909979967435631,116.328,2017_yk_110,Yukon,2016,0.711879759194507,0.899670717710689,-0.00267166259026397,397.2035493,601.9176221,990.36,0.721971073,136.75468570654385
112,58.688,0.713058927688348,0.921832429775847,117.376,2017_yk_110,Yukon,2016,0.711870187210504,0.896726258194348,-0.00294445951634059,397.2035493,601.9176221,990.36,0.721971073,136.75468570654385
113,59.212,0.711654651530796,0.946401675691482,118.424,2017_yk_110,Yukon,2016,0.711885515871918,0.893349220060298,-0.00337703813405033,397.2035493,601.9176221,990.36,0.721971073,136.75468570654385
114,59.736,0.711331423566878,0.888933269091818,119.472,2017_yk_110,Yukon,2016,0.711895062849185,0.889381945352545,-0.00396727470775315,397.2035493,601.9176221,990.36,0.721971073,136.75468570654385
115,60.26,0.711420206907495,0.875547055684605,120.52,2017_yk_110,Yukon,2016,0.711889486335576,0.885749290802596,-0.00363265454994854,397.2035493,601.9176221,990.36,0.721971073,136.75468570654385
116,60.784,0.711153063803252,0.89745805952602,121.568,2017_yk_110,Yukon,2016,0.711908851769185,0.882480133307633,-0.00326915749496293,397.2035493,601.9176221,990.36,0.721971073,136.75468570654385
117,61.308,0.710990888088302,0.903595760300716,122.616,2017_yk_110,Yukon,2016,0.711896098220546,0.878340619127169,-0.00413951418046465,397.2035493,601.9176221,990.36,0.721971073,136.75468570654385
118,61.832,0.711619367736262,0.867597023195605,123.664,2017_yk_110,Yukon,2016,0.711889312026306,0.873998699172035,-0.00434191995513322,397.2035493,601.9176221,990.36,0.721971073,136.75468570654385
119,62.356,0.71067268652755,0.868242214957985,124.712,2017_yk_110,Yukon,2016,0.711878988930552,0.870078133305349,-0.00392056586668676,397.2035493,601.9176221,990.36,0.721971073,136.75468570654385
120,62.88,0.712691660327788,0.872881737325263,125.76,2017_yk_110,Yukon,2016,0.711826407006287,0.866259948728927,-0.00381818457642147,397.2035493,601.9176221,990.36,0.721971073,136.75468570654385
121,63.404,0.711331806911475,0.865225759511837,126.808,2017_yk_110,Yukon,2016,0.711780304399806,0.862644897175236,-0.00361505155369168,397.2035493,601.9176221,990.36,0.721971073,136.75468570654385
122,63.928,0.71082863386704,0.819885322728245,127.856,2017_yk_110,Yukon,2016,0.7117936864686,0.858992425245488,-0.00365247192974771,397.2035493,601.9176221,990.36,0.721971073,136.75468570654385
123,64.452,0.712911968840421,0.839594691426942,128.904,2017_yk_110,Yukon,2016,0.711814362952321,0.85507819042897,-0.00391423481651831,397.2035493,601.9176221,990.36,0.721971073,136.75468570654385
124,64.976,0.711031121848972,0.866529284886487,129.952,2017_yk_110,Yukon,2016,0.711823774268867,0.851051834460059,-0.0040263559689101,397.2035493,601.9176221,990.36,0.721971073,136.75468570654385
125,65.5,0.71276328985246,0.854213071670598,131,2017_yk_110,Yukon,2016,0.711821145382467,0.846850166680677,-0.0042016677793828,397.2035493,601.9176221,990.36,0.721971073,136.75468570654385
126,66.024,0.711917608077428,0.813185791539065,132.048,2017_yk_110,Yukon,2016,0.711826596523526,0.842630691720747,-0.0042194749599298,397.2035493,601.9176221,990.36,0.721971073,136.75468570654385
127,66.548,0.713279751056463,0.824582465637021,133.096,2017_yk_110,Yukon,2016,0.711805064066799,0.838440532296697,-0.00419015942404954,397.2035493,601.9176221,990.36,0.721971073,136.75468570654385
128,67.072,0.711922076997277,0.839557266691634,134.144,2017_yk_110,Yukon,2016,0.711828172397314,0.834028117824769,-0.00441241447192864,397.2035493,601.9176221,990.36,0.721971073,136.75468570654385
129,67.596,0.711421299724366,0.827672758859881,135.192,2017_yk_110,Yukon,2016,0.711820181734109,0.830197962444048,-0.00383015538072085,397.2035493,601.9176221,990.36,0.721971073,136.75468570654385
130,68.12,0.7110403160289,0.825380910855106,136.24,2017_yk_110,Yukon,2016,0.711834636957852,0.826780541044644,-0.00341742139940382,397.2035493,601.9176221,990.36,0.721971073,136.75468570654385
131,68.644,0.711370525556229,0.819291299278582,137.288,2017_yk_110,Yukon,2016,0.711781146235692,0.823662182436931,-0.00311835860771281,397.2035493,601.9176221,990.36,0.721971073,136.75468570654385
132,69.168,0.711205440554115,0.835519456272297,138.336,2017_yk_110,Yukon,2016,0.711772850429674,0.819995203414346,-0.00366697902258495,397.2035493,601.9176221,990.36,0.721971073,136.75468570654385
133,69.692,0.710611054228749,0.829050451367169,139.384,2017_yk_110,Yukon,2016,0.711772759062563,0.816011827932445,-0.0039833754819012,397.2035493,601.9176221,990.36,0.721971073,136.75468570654385
134,70.216,0.711024821758383,0.818771107682349,140.432,2017_yk_110,Yukon,2016,0.711803456896526,0.81243159775943,-0.00358023017301501,397.2035493,601.9176221,990.36,0.721971073,136.75468570654385
135,70.74,0.711421521762177,0.791563168977678,141.48,2017_yk_110,Yukon,2016,0.711813940027557,0.808784420776993,-0.00364717698243711,397.2035493,601.9176221,990.36,0.721971073,136.75468570654385
136,71.264,0.711752916535522,0.818455741292898,142.528,2017_yk_110,Yukon,2016,0.711787715053994,0.805194678191472,-0.00358974258552114,397.2035493,601.9176221,990.36,0.721971073,136.75468570654385
137,71.788,0.711566199970447,0.813854874184504,143.576,2017_yk_110,Yukon,2016,0.711776242152566,0.802018795106747,-0.00317588308472438,397.2035493,601.9176221,990.36,0.721971073,136.75468570654385
138,72.312,0.711087739822073,0.773121959457068,144.624,2017_yk_110,Yukon,2016,0.711770404367544,0.798447366380127,-0.00357142872661986,397.2035493,601.9176221,990.36,0.721971073,136.75468570654385
139,72.836,0.712671998636876,0.785374917883329,145.672,2017_yk_110,Yukon,2016,0.711812435777378,0.795039041352767,-0.0034083250273601,397.2035493,601.9176221,990.36,0.721971073,136.75468570654385
140,73.36,0.711764031339524,0.807422532957146,146.72,2017_yk_110,Yukon,2016,0.711826692983696,0.791032546712401,-0.00400649464036618,397.2035493,601.9176221,990.36,0.721971073,136.75468570654385
141,73.884,0.711301555420021,0.812619038260725,147.768,2017_yk_110,Yukon,2016,0.711841167991622,0.788022144586321,-0.00301040212608006,397.2035493,601.9176221,990.36,0.721971073,136.75468570654385
142,74.408,0.712525558972981,0.761056657827066,148.816,2017_yk_110,Yukon,2016,0.711832393894569,0.784989701957986,-0.0030324426283348,397.2035493,601.9176221,990.36,0.721971073,136.75468570654385
143,74.932,0.712861816303398,0.757135274272564,149.864,2017_yk_110,Yukon,2016,0.711847060030577,0.781525405196149,-0.00346429676183702,397.2035493,601.9176221,990.36,0.721971073,136.75468570654385
144,75.456,0.713139780853472,0.768023411946772,150.912,2017_yk_110,Yukon,2016,0.711848215853999,0.778254191170876,-0.00327121402527286,397.2035493,601.9176221,990.36,0.721971073,136.75468570654385
145,75.98,0.712250177562487,0.776639621363935,151.96,2017_yk_110,Yukon,2016,0.711854387343053,0.77531062235753,-0.00294356881334656,397.2035493,601.9176221,990.36,0.721971073,136.75468570654385
146,76.504,0.71208966771777,0.76124531444126,153.008,2017_yk_110,Yukon,2016,0.711872584679229,0.772361717436482,-0.0029489049210476,397.2035493,601.9176221,990.36,0.721971073,136.75468570654385
147,77.028,0.711393659411249,0.751678820164415,154.056,2017_yk_110,Yukon,2016,0.711874595673991,0.768448058884925,-0.0039136585515569,397.2035493,601.9176221,990.36,0.721971073,136.75468570654385
148,77.552,0.711832982676392,0.763220228110484,155.104,2017_yk_110,Yukon,2016,0.711889421220717,0.764713814087703,-0.00373424479722273,397.2035493,601.9176221,990.36,0.721971073,136.75468570654385
149,78.076,0.712446579327763,0.780744712720085,156.152,2017_yk_110,Yukon,2016,0.711884810926346,0.76110266525377,-0.00361114883393243,397.2035493,601.9176221,990.36,0.721971073,136.75468570654385
150,78.6,0.710166989620776,0.729531150298242,157.2,2017_yk_110,Yukon,2016,0.711871548945894,0.757733965976082,-0.00336869927768868,397.2035493,601.9176221,990.36,0.721971073,136.75468570654385
151,79.124,0.709759119538559,0.74258082653646,158.248,2017_yk_110,Yukon,2016,0.711920094285698,0.754779517817632,-0.00295444815844936,397.2035493,601.9176221,990.36,0.721971073,136.75468570654385
152,79.648,0.712260109271934,0.774677138294223,159.296,2017_yk_110,Yukon,2016,0.711933420841904,0.752441862663522,-0.00233765515411011,397.2035493,601.9176221,990.36,0.721971073,136.75468570654385
153,80.172,0.712242672197161,0.751765053247107,160.344,2017_yk_110,Yukon,2016,0.711919157081773,0.750445244367269,-0.00199661829625275,397.2035493,601.9176221,990.36,0.721971073,136.75468570654385
154,80.696,0.712260565174763,0.714771072170689,161.392,2017_yk_110,Yukon,2016,0.711956966547446,0.747920990029048,-0.00252425433822101,397.2035493,601.9176221,990.36,0.721971073,136.75468570654385
155,81.22,0.712150311702358,0.722905800643883,162.44,2017_yk_110,Yukon,2016,0.711932392477721,0.74465611098166,-0.00326487904738804,397.2035493,601.9176221,990.36,0.721971073,136.75468570654385
156,81.744,0.712528056802918,0.728938879854532,163.488,2017_yk_110,Yukon,2016,0.711936055015262,0.741775584712632,-0.00288052626902802,397.2035493,601.9176221,990.36,0.721971073,136.75468570654385
157,82.268,0.711302795878391,0.705962019903409,164.536,2017_yk_110,Yukon,2016,0.711903704883708,0.739678558325803,-0.00209702638682951,397.2035493,601.9176221,990.36,0.721971073,136.75468570654385
158,82.792,0.713427635451329,0.672115354899767,165.584,2017_yk_110,Yukon,2016,0.711872838783481,0.737767487841777,-0.00191107048402561,397.2035493,601.9176221,990.36,0.721971073,136.75468570654385
159,83.316,0.71173846856617,0.703033570650682,166.632,2017_yk_110,Yukon,2016,0.71184642437239,0.735317924989333,-0.00244956285244369,397.2035493,601.9176221,990.36,0.721971073,136.75468570654385
160,83.84,0.712749014719168,0.724601346580392,167.68,2017_yk_110,Yukon,2016,0.711879072011181,0.732177111947432,-0.00314081304190195,397.2035493,601.9176221,990.36,0.721971073,136.75468570654385
161,84.364,0.710349151568694,0.751795758760761,168.728,2017_yk_110,Yukon,2016,0.7119067675961,0.728960354761114,-0.0032167571863172,397.2035493,601.9176221,990.36,0.721971073,136.75468570654385
162,84.888,0.712556328362736,0.708809504926033,169.776,2017_yk_110,Yukon,2016,0.711928132902478,0.725313416376467,-0.00364693838464769,397.2035493,601.9176221,990.36,0.721971073,136.75468570654385
163,85.412,0.711304681495618,0.694870298359435,170.824,2017_yk_110,Yukon,2016,0.712001203269738,0.721675617605279,-0.00363779877118753,397.2035493,601.9176221,990.36,0.721971073,136.75468570654385
164,85.936,0.713166532523757,0.737930999063347,171.872,2017_yk_110,Yukon,2016,0.712006435922316,0.718516089571584,-0.00315952803369479,397.2035493,601.9176221,990.36,0.721971073,136.75468570654385
165,86.46,0.712663723030357,0.709992761511522,172.92,2017_yk_110,Yukon,2016,0.712009825943171,0.716484572355917,-0.00203151721566686,397.2035493,601.9176221,990.36,0.721971073,136.75468570654385
166,86.984,0.71098763917021,0.682249493143913,173.968,2017_yk_110,Yukon,2016,0.712011709401002,0.714405970967347,-0.00207860138857052,397.2035493,601.9176221,990.36,0.721971073,136.75468570654385
167,87.508,0.710998641817063,0.73158361833397,175.016,2017_yk_110,Yukon,2016,0.712000169719252,0.711571897083287,-0.0028340738840601,397.2035493,601.9176221,990.36,0.721971073,136.75468570654385
168,88.032,0.712072057298715,0.723249133457351,176.064,2017_yk_110,Yukon,2016,0.71199963525541,0.708804490185738,-0.00276740689754873,397.2035493,601.9176221,990.36,0.721971073,136.75468570654385
169,88.556,0.713393266097079,0.715682065905569,177.112,2017_yk_110,Yukon,2016,0.711998505815958,0.706736943087513,-0.00206754709822488,397.2035493,601.9176221,990.36,0.721971073,136.75468570654385
170,89.08,0.712395937852623,0.681821850950644,178.16,2017_yk_110,Yukon,2016,0.711990230868252,0.705018304117281,-0.00171863897023239,397.2035493,601.9176221,990.36,0.721971073,136.75468570654385
171,89.604,0.712637603565881,0.729355839870829,179.208,2017_yk_110,Yukon,2016,0.712035762111853,0.702650387113513,-0.00236791700376748,397.2035493,601.9176221,990.36,0.721971073,136.75468570654385
172,90.128,0.712532481865148,0.739885872075764,180.256,2017_yk_110,Yukon,2016,0.712007062524182,0.700943238406548,-0.00170714870696487,397.2035493,601.9176221,990.36,0.721971073,136.75468570654385
173,90.652,0.712534619691295,0.738543869981264,181.304,2017_yk_110,Yukon,2016,0.712025747768529,0.700130675054536,-8.1256335201207e-4,397.2035493,601.9176221,990.36,0.721971073,136.75468570654385
174,91.176,0.711400772972186,0.692660427575441,182.352,2017_yk_110,Yukon,2016,0.712002265042077,0.698811467502587,-0.00131920755194914,397.2035493,601.9176221,990.36,0.721971073,136.75468570654385
175,91.7,0.71179049625075,0.698932926883811,183.4,2017_yk_110,Yukon,2016,0.712022070663765,0.696598128699918,-0.0022133388026695,397.2035493,601.9176221,990.36,0.721971073,136.75468570654385
176,92.224,0.712244903973759,0.72052376426317,184.448,2017_yk_110,Yukon,2016,0.712069071881285,0.694374781041191,-0.00222334765872645,397.2035493,601.9176221,990.36,0.721971073,136.75468570654385
177,92.748,0.71111154777407,0.668776247207306,185.496,2017_yk_110,Yukon,2016,0.712062912129625,0.692919304202679,-0.00145547683851277,397.2035493,601.9176221,990.36,0.721971073,136.75468570654385
178,93.272,0.712508900539795,0.643542335362242,186.544,2017_yk_110,Yukon,2016,0.712080058132434,0.691384233342058,-0.0015350708606201,397.2035493,601.9176221,990.36,0.721971073,136.75468570654385
179,93.796,0.71039606886532,0.651573284922039,187.592,2017_yk_110,Yukon,2016,0.71210327540804,0.689404041581645,-0.00198019176041375,397.2035493,601.9176221,990.36,0.721971073,136.75468570654385
180,94.32,0.711895941500666,0.670759780663936,188.64,2017_yk_110,Yukon,2016,0.712119257079694,0.687994009661866,-0.00141003191977918,397.2035493,601.9176221,990.36,0.721971073,136.75468570654385
181,94.844,0.714244527299688,0.687958870004875,189.688,2017_yk_110,Yukon,2016,0.712183724217907,0.686314589933006,-0.00167941972885954,397.2035493,601.9176221,990.36,0.721971073,136.75468570654385
182,95.368,0.711628227239418,0.679626013481639,190.736,2017_yk_110,Yukon,2016,0.712163392740837,0.684634694919952,-0.0016798950130541,397.2035493,601.9176221,990.36,0.721971073,136.75468570654385
183,95.892,0.712056143232579,0.719797593651777,191.784,2017_yk_110,Yukon,2016,0.712171469606023,0.683204205117162,-0.00143048980278992,397.2035493,601.9176221,990.36,0.721971073,136.75468570654385
184,96.416,0.713299689789334,0.715074024593227,192.832,2017_yk_110,Yukon,2016,0.712166531462281,0.681761692481393,-0.00144251263576911,397.2035493,601.9176221,990.36,0.721971073,136.75468570654385
185,96.94,0.711288845668938,0.658320328827311,193.88,2017_yk_110,Yukon,2016,0.712171411081884,0.679987914536093,-0.0017737779453002,397.2035493,601.9176221,990.36,0.721971073,136.75468570654385
186,97.464,0.71213736032992,0.640354215397383,194.928,2017_yk_110,Yukon,2016,0.712157739543727,0.678867786536863,-0.00112012799923011,397.2035493,601.9176221,990.36,0.721971073,136.75468570654385
187,97.988,0.711338743163203,0.698760882427254,195.976,2017_yk_110,Yukon,2016,0.712183489488337,0.677972964786372,-8.948217504906e-4,397.2035493,601.9176221,990.36,0.721971073,136.75468570654385
188,98.512,0.710070110983659,0.724893037650094,197.024,2017_yk_110,Yukon,2016,0.712174471083418,0.677367177751354,-6.0578703501801e-4,397.2035493,601.9176221,990.36,0.721971073,136.75468570654385
189,99.036,0.70983643505889,0.680698987713258,198.072,2017_yk_110,Yukon,2016,0.712183684874309,0.677154612975469,-2.1256477588493e-4,397.2035493,601.9176221,990.36,0.721971073,136.75468570654385
190,99.56,0.712999174356397,0.636932128340988,199.12,2017_yk_110,Yukon,2016,0.712183594851476,0.67729620823418,1.4159525871138e-4,397.2035493,601.9176221,990.36,0.721971073,136.75468570654385
191,100.084,0.71303226065133,0.626285868099549,200.168,2017_yk_110,Yukon,2016,0.712190429930155,0.676975604373308,-3.2060386087251e-4,397.2035493,601.9176221,990.36,0.721971073,136.75468570654385
192,100.608,0.712487358936807,0.616703153193431,201.216,2017_yk_110,Yukon,2016,0.712188370672258,0.676462151405739,-5.1345296756921e-4,397.2035493,601.9176221,990.36,0.721971073,136.75468570654385
193,101.132,0.714995276264358,0.610782525095923,202.264,2017_yk_110,Yukon,2016,0.71220687379816106,0.67653231842537,7.0167019631695e-5,397.2035493,601.9176221,990.36,0.721971073,136.75468570654385
194,101.656,0.711338780913074,0.629199425660658,203.312,2017_yk_110,Yukon,2016,0.71219378759158,0.676175009458137,-3.5730896723296e-4,397.2035493,601.9176221,990.36,0.721971073,136.75468570654385
195,102.18,0.711624923013476,0.669672136037673,204.36,2017_yk_110,Yukon,2016,0.712168777183553,0.675306715464826,-8.6829399331123e-4,397.2035493,601.9176221,990.36,0.721971073,136.75468570654385
196,102.704,0.71186592400538,0.693739657978668,205.408,2017_yk_110,Yukon,2016,0.712212349823824,0.674793998445146,-5.1271701968003e-4,397.2035493,601.9176221,990.36,0.721971073,136.75468570654385
197,103.228,0.71087381906544,0.643810441140896,206.456,2017_yk_110,Yukon,2016,0.712232196139327,0.674020915839917,-7.730826052289e-4,397.2035493,601.9176221,990.36,0.721971073,136.75468570654385
198,103.752,0.711055671991573,0.607077545604147,207.504,2017_yk_110,Yukon,2016,0.712217361658324,0.673282103853506,-7.3881198641156e-4,397.2035493,601.9176221,990.36,0.721971073,136.75468570654385
199,104.276,0.71260423226971,0.661322091989836,208.552,2017_yk_110,Yukon,2016,0.712197645768195,0.671986511755284,-0.00129559209822161,397.2035493,601.9176221,990.36,0.721971073,136.75468570654385
200,104.8,0.71126753447719,0.704304194743197,209.6,2017_yk_110,Yukon,2016,0.712200812569709,0.670737870499827,-0.00124864125545687,397.2035493,601.9176221,990.36,0.721971073,136.75468570654385
201,105.324,0.714033430036109,0.67054401803468,210.648,2017_yk_110,Yukon,2016,0.712213022763162,0.669712960124144,-0.00102491037568331,397.2035493,601.9176221,990.36,0.721971073,136.75468570654385
202,105.848,0.710803583712711,0.658627735409175,211.696,2017_yk_110,Yukon,2016,0.712206439971928,0.668806348152625,-9.0661197151897e-4,397.2035493,601.9176221,990.36,0.721971073,136.75468570654385
203,106.372,0.713982930964173,0.708381473151837,212.744,2017_yk_110,Yukon,2016,0.712179559850441,0.667222053861706,-0.00158429429091855,397.2035493,601.9176221,990.36,0.721971073,136.75468570654385
204,106.896,0.71173081726639,0.688870958829824,213.792,2017_yk_110,Yukon,2016,0.712207719993513,0.666699258524478,-5.2279533722876e-4,397.2035493,601.9176221,990.36,0.721971073,136.75468570654385
205,107.42,0.713438514863747,0.643839293203761,214.84,2017_yk_110,Yukon,2016,0.712223894247682,0.666234665466089,-4.645930583883e-4,397.2035493,601.9176221,990.36,0.721971073,136.75468570654385
206,107.944,0.714909740768958,0.627844454917679,215.888,2017_yk_110,Yukon,2016,0.712214156952798,0.665526557260042,-7.0810820604749e-4,397.2035493,601.9176221,990.36,0.721971073,136.75468570654385
207,108.468,0.71102407431165,0.664350209853644,216.936,2017_yk_110,Yukon,2016,0.712221656753813,0.665128050379779,-3.9850688026277e-4,397.2035493,601.9176221,990.36,0.721971073,136.75468570654385
208,108.992,0.712861742844959,0.671115976473283,217.984,2017_yk_110,Yukon,2016,0.712186042531043,0.665197502925824,6.9452546045512e-5,397.2035493,601.9176221,990.36,0.721971073,136.75468570654385
209,109.516,0.71383961586408,0.66193320709526,219.032,2017_yk_110,Yukon,2016,0.712237699983751,0.665613090346216,4.1558742039149e-4,397.2035493,601.9176221,990.36,0.721971073,136.75468570654385
210,110.04,0.711125889920041,0.644929235111491,220.08,2017_yk_110,Yukon,2016,0.712257287218439,0.665732099937815,1.1900959159871e-4,397.2035493,601.9176221,990.36,0.721971073,136.75468570654385
211,110.564,0.713627147831323,0.641815642804883,221.128,2017_yk_110,Yukon,2016,0.712227313023641,0.664858024270645,-8.7407566716923e-4,397.2035493,601.9176221,990.36,0.721971073,136.75468570654385
212,111.088,0.711040220647729,0.673883437510981,222.176,2017_yk_110,Yukon,2016,0.712256869107899,0.664254346122674,-6.0367814797157e-4,397.2035493,601.9176221,990.36,0.721971073,136.75468570654385
213,111.612,0.712727284108354,0.665935665079706,223.224,2017_yk_110,Yukon,2016,0.712265867542208,0.663306970853885,-9.4737526878918e-4,397.2035493,601.9176221,990.36,0.721971073,136.75468570654385
214,112.136,0.711964276550228,0.628220314024546,224.272,2017_yk_110,Yukon,2016,0.712239569643809,0.662813454317759,-4.935165361255e-4,397.2035493,601.9176221,990.36,0.721971073,136.75468570654385
215,112.66,0.712443088878525,0.616479123925874,225.32,2017_yk_110,Yukon,2016,0.712236972277063,0.662807864553634,-5.58976412501355e-6,397.2035493,601.9176221,990.36,0.721971073,136.75468570654385
216,113.184,0.711707764513542,0.661731199900718,226.368,2017_yk_110,Yukon,2016,0.71223550045109,0.662979179548966,1.7131499533173e-4,397.2035493,601.9176221,990.36,0.721971073,136.75468570654385
217,113.708,0.712847792554945,0.652272714873971,227.416,2017_yk_110,Yukon,2016,0.712289909461309,0.662571888112893,-4.0729143607265e-4,397.2035493,601.9176221,990.36,0.721971073,136.75468570654385
218,114.232,0.712886531156199,0.635768132798691,228.464,2017_yk_110,Yukon,2016,0.712326681548665,0.661705944975578,-8.6594313731547e-4,397.2035493,601.9176221,990.36,0.721971073,136.75468570654385
219,114.756,0.712291296019646,0.69027968409758,229.512,2017_yk_110,Yukon,2016,0.71240038763793,0.660735989684493,-9.6995529108512e-4,397.2035493,601.9176221,990.36,0.721971073,136.75468570654385
220,115.28,0.712743613349218,0.733097062103079,230.56,2017_yk_110,Yukon,2016,0.712388844984377,0.660615597605664,-1.2039207882819e-4,397.2035493,601.9176221,990.36,0.721971073,136.75468570654385
221,115.804,0.710759256289388,0.732559527108408,231.608,2017_yk_110,Yukon,2016,0.712396560698185,0.660694277812249,7.8680206584747e-5,397.2035493,601.9176221,990.36,0.721971073,136.75468570654385
222,116.328,0.712432772888923,0.678002326871875,232.656,2017_yk_110,Yukon,2016,0.712387836342632,0.661075237208423,3.8095939617421e-4,397.2035493,601.9176221,990.36,0.721971073,136.75468570654385
223,116.852,0.712414869049817,0.699080319537338,233.704,2017_yk_110,Yukon,2016,0.71236252218141,0.66103267999053394,-4.25572178889277e-5,397.2035493,601.9176221,990.36,0.721971073,136.75468570654385
224,117.376,0.712381360128884,0.716492461029364,234.752,2017_yk_110,Yukon,2016,0.712406321697579,0.660809146574936,-2.235334155981e-4,397.2035493,601.9176221,990.36,0.721971073,136.75468570654385
225,117.9,0.71116309854872,0.657895121912848,235.8,2017_yk_110,Yukon,2016,0.712426595890838,0.660054111662618,-7.5503491231843e-4,397.2035493,601.9176221,990.36,0.721971073,136.75468570654385
226,118.424,0.713601997586504,0.651486471963112,236.848,2017_yk_110,Yukon,2016,0.712455655250988,0.659392953506824,-6.6115815579392e-4,397.2035493,601.9176221,990.36,0.721971073,136.75468570654385
227,118.948,0.71218942074723,0.685198662020238,237.896,2017_yk_110,Yukon,2016,0.712498774188844,0.659127726269958,-2.6522723686617e-4,397.2035493,601.9176221,990.36,0.721971073,136.75468570654385
228,119.472,0.711181988438537,0.678920414272656,238.944,2017_yk_110,Yukon,2016,0.712525562264646,0.659437560725655,3.0983445569721e-4,397.2035493,601.9176221,990.36,0.721971073,136.75468570654385
229,119.996,0.712210312689338,0.637946540012276,239.992,2017_yk_110,Yukon,2016,0.712535563866299,0.658774416423583,-6.6314430207248e-4,397.2035493,601.9176221,990.36,0.721971073,136.75468570654385
230,120.52,0.712585945943455,0.60690337562323,241.04,2017_yk_110,Yukon,2016,0.712550855717905,0.657760710230054,-0.00101370619352859,397.2035493,601.9176221,990.36,0.721971073,136.75468570654385
231,121.044,0.713370215173058,0.667861217329834,242.088,2017_yk_110,Yukon,2016,0.712557050376543,0.656776905685232,-9.8380454482216e-4,397.2035493,601.9176221,990.36,0.721971073,136.75468570654385
232,121.568,0.71213751439114,0.685489153784627,243.136,2017_yk_110,Yukon,2016,0.712638134680132,0.65586277446519,-9.1413122004169e-4,397.2035493,601.9176221,990.36,0.721971073,136.75468570654385
233,122.092,0.710921812402056,0.643486212526152,244.184,2017_yk_110,Yukon,2016,0.712625017310884,0.654642395138027,-0.00122037932716335,397.2035493,601.9176221,990.36,0.721971073,136.75468570654385
234,122.616,0.713090381556486,0.661292707341714,245.232,2017_yk_110,Yukon,2016,0.71263135430418,0.654210711242203,-4.3168389582382e-4,397.2035493,601.9176221,990.36,0.721971073,136.75468570654385
235,123.14,0.712760951500914,0.671057343380514,246.28,2017_yk_110,Yukon,2016,0.712637710048867,0.65390593397549,-3.0477726671285e-4,397.2035493,601.9176221,990.36,0.721971073,136.75468570654385
236,123.664,0.711660666280724,0.678037271900312,247.328,2017_yk_110,Yukon,2016,0.712610147699224,0.653866906644077,-3.9027331413255e-5,397.2035493,601.9176221,990.36,0.721971073,136.75468570654385
237,124.188,0.711561535834974,0.644865834391541,248.376,2017_yk_110,Yukon,2016,0.712652658148363,0.653433171303066,-4.3373534101043e-4,397.2035493,601.9176221,990.36,0.721971073,136.75468570654385
238,124.712,0.710372047173583,0.647709488124978,249.424,2017_yk_110,Yukon,2016,0.71267180384062,0.652758224866324,-6.7494643674204e-4,397.2035493,601.9176221,990.36,0.721971073,136.75468570654385
239,125.236,0.71349551602778,0.676508530145529,250.472,2017_yk_110,Yukon,2016,0.712716301104196,0.651572730407038,-0.00118549445928606,397.2035493,601.9176221,990.36,0.721971073,136.75468570654385
240,125.76,0.713071175581967,0.67790035615986,251.52,2017_yk_110,Yukon,2016,0.712742154097519,0.650910196002228,-6.6253440481056e-4,397.2035493,601.9176221,990.36,0.721971073,136.75468570654385
241,126.284,0.71244607561181,0.635514329974726,252.568,2017_yk_110,Yukon,2016,0.712744329205806,0.650791215283384,-1.1898071884397e-4,397.2035493,601.9176221,990.36,0.721971073,136.75468570654385
242,126.808,0.71340159229487,0.643405324603348,253.616,2017_yk_110,Yukon,2016,0.712791928059344,0.650359663116666,-4.3155216671797e-4,397.2035493,601.9176221,990.36,0.721971073,136.75468570654385
243,127.332,0.712596049291151,0.66295507752442,254.664,2017_yk_110,Yukon,2016,0.71282903718223,0.64976101269969,-5.9865041697637e-4,397.2035493,601.9176221,990.36,0.721971073,136.75468570654385
244,127.856,0.71172181588537,0.685463032425698,255.712,2017_yk_110,Yukon,2016,0.712843858946038,0.649507906480923,-2.5310621876595e-4,397.2035493,601.9176221,990.36,0.721971073,136.75468570654385
245,128.38,0.711133003664225,0.657984942979805,256.76,2017_yk_110,Yukon,2016,0.712841923703459,0.649624637808639,1.1673132771516e-4,397.2035493,601.9176221,990.36,0.721971073,136.75468570654385
246,128.904,0.712049050771502,0.650633115117293,257.808,2017_yk_110,Yukon,2016,0.712851606354846,0.648929880579953,-6.9475722868528e-4,397.2035493,601.9176221,990.36,0.721971073,136.75468570654385
247,129.428,0.714603283776352,0.674323396262898,258.856,2017_yk_110,Yukon,2016,0.712898724961504,0.648091189953693,-8.3869062626007e-4,397.2035493,601.9176221,990.36,0.721971073,136.75468570654385
248,129.952,0.712276436224999,0.672936449411163,259.904,2017_yk_110,Yukon,2016,0.712899444602541,0.647441660797904,-6.4952915578908e-4,397.2035493,601.9176221,990.36,0.721971073,136.75468570654385
249,130.476,0.714258800414832,0.622501670248151,260.952,2017_yk_110,Yukon,2016,0.712928385131927,0.646147497738643,-0.00129416305926133,397.2035493,601.9176221,990.36,0.721971073,136.75468570654385
250,131,0.71230661514322,0.629708603611301,262,2017_yk_110,Yukon,2016,0.71297462782572,0.644516045976047,-0.00163145176259616,397.2035493,601.9176221,990.36,0.721971073,136.75468570654385
251,131.524,0.71349520347976,0.631006680494632,263.048,2017_yk_110,Yukon,2016,0.713028815282773,0.642510884406771,-0.00200516156927566,397.2035493,601.9176221,990.36,0.721971073,136.75468570654385
252,132.048,0.711963897603651,0.639560716963881,264.096,2017_yk_110,Yukon,2016,0.713077204482964,0.641275836782877,-0.00123504762389393,397.2035493,601.9176221,990.36,0.721971073,136.75468570654385
253,132.572,0.713476426591013,0.60822909202259,265.144,2017_yk_110,Yukon,2016,0.713110692801393,0.640197758679413,-0.00107807810346439,397.2035493,601.9176221,990.36,0.721971073,136.75468570654385
254,133.096,0.713966751883263,0.615787420724769,266.192,2017_yk_110,Yukon,2016,0.713123373001011,0.638769233632081,-0.00142852504733193,397.2035493,601.9176221,990.36,0.721971073,136.75468570654385
255,133.62,0.712841374608986,0.624370041298569,267.24,2017_yk_110,Yukon,2016,0.713165517719806,0.637768367367589,-0.0010008662644915799,397.2035493,601.9176221,990.36,0.721971073,136.75468570654385
256,134.144,0.713609485614368,0.654070168631033,268.288,2017_yk_110,Yukon,2016,0.713170943427709,0.636917327750322,-8.5103961726695e-4,397.2035493,601.9176221,990.36,0.721971073,136.75468570654385
257,134.668,0.713460955336833,0.627896806928924,269.336,2017_yk_110,Yukon,2016,0.71322494732635,0.635783365891191,-0.00113396185913106,397.2035493,601.9176221,990.36,0.721971073,136.75468570654385
258,135.192,0.71266295653966,0.625667612945982,270.384,2017_yk_110,Yukon,2016,0.713250098763386,0.634972537967231,-8.1082792396025e-4,397.2035493,601.9176221,990.36,0.721971073,136.75468570654385
259,135.716,0.71320432836891,0.621533433865484,271.432,2017_yk_110,Yukon,2016,0.713268506834999,0.634751715519263,-2.2082244796806e-4,397.2035493,601.9176221,990.36,0.721971073,136.75468570654385
260,136.24,0.712185045573565,0.643481823131481,272.48,2017_yk_110,Yukon,2016,0.713271946716564,0.634805253799641,5.35382803783513e-5,397.2035493,601.9176221,990.36,0.721971073,136.75468570654385
261,136.764,0.714405109554361,0.611515745345347,273.528,2017_yk_110,Yukon,2016,0.713290190170268,0.634230905298703,-5.7434850093796e-4,397.2035493,601.9176221,990.36,0.721971073,136.75468570654385
262,137.288,0.715668641928059,0.603779862206678,274.576,2017_yk_110,Yukon,2016,0.713326238254753,0.633179355441358,-0.00105154985734579,397.2035493,601.9176221,990.36,0.721971073,136.75468570654385
263,137.812,0.713195888809286,0.635158713522036,275.624,2017_yk_110,Yukon,2016,0.713384977542905,0.632100341829572,-0.00107901361178531,397.2035493,601.9176221,990.36,0.721971073,136.75468570654385
264,138.336,0.712111036864178,0.662969925080386,276.672,2017_yk_110,Yukon,2016,0.71345037837891,0.630823088825316,-0.0012772530042563,397.2035493,601.9176221,990.36,0.721971073,136.75468570654385
265,138.86,0.713819859544952,0.62555265720099,277.72,2017_yk_110,Yukon,2016,0.713486665876951,0.629451413889188,-0.00137167493612789,397.2035493,601.9176221,990.36,0.721971073,136.75468570654385
266,139.384,0.713255999790415,0.625502815032891,278.768,2017_yk_110,Yukon,2016,0.71353713012619,0.628082889981094,-0.00136852390809361,397.2035493,601.9176221,990.36,0.721971073,136.75468570654385
267,139.908,0.713574701259986,0.638326089393018,279.816,2017_yk_110,Yukon,2016,0.713596438442832,0.627448914079027,-6.3397590206759e-4,397.2035493,601.9176221,990.36,0.721971073,136.75468570654385
268,140.432,0.714010484380326,0.630619190268754,280.864,2017_yk_110,Yukon,2016,0.713724854602578,0.626493624455259,-9.5528962376811e-4,397.2035493,601.9176221,990.36,0.721971073,136.75468570654385
269,140.956,0.716509451678701,0.590803539538099,281.912,2017_yk_110,Yukon,2016,0.713765302625543,0.625274573862586,-0.00121905059267313,397.2035493,601.9176221,990.36,0.721971073,136.75468570654385
270,141.48,0.712677069519365,0.605177170822854,282.96,2017_yk_110,Yukon,2016,0.713796896188181,0.624140215804589,-0.00113435805799678,397.2035493,601.9176221,990.36,0.721971073,136.75468570654385
271,142.004,0.713757654328562,0.634676799674245,284.008,2017_yk_110,Yukon,2016,0.713853896785409,0.62361907682016,-5.2113898442829e-4,397.2035493,601.9176221,990.36,0.721971073,136.75468570654385
272,142.528,0.713896151860047,0.647990307507902,285.056,2017_yk_110,Yukon,2016,0.713865742231929,0.622839611338472,-7.7946548168828e-4,397.2035493,601.9176221,990.36,0.721971073,136.75468570654385
273,143.052,0.714953831481481,0.630016640061117,286.104,2017_yk_110,Yukon,2016,0.713910877786785,0.621830145240228,-0.0010094660982447,397.2035493,601.9176221,990.36,0.721971073,136.75468570654385
274,143.576,0.712853582378734,0.613033940898589,287.152,2017_yk_110,Yukon,2016,0.713939912892374,0.620802935807012,-0.00102720943321555,397.2035493,601.9176221,990.36,0.721971073,136.75468570654385
275,144.1,0.712326974323753,0.623483003588783,288.2,2017_yk_110,Yukon,2016,0.714026301819665,0.619580055557536,-0.00122288024947637,397.2035493,601.9176221,990.36,0.721971073,136.75468570654385
276,144.624,0.712288723596748,0.620045766179604,289.248,2017_yk_110,Yukon,2016,0.714059781048623,0.618386188140418,-0.00119386741711724,397.2035493,601.9176221,990.36,0.721971073,136.75468570654385
277,145.148,0.715674908954449,0.601951277298364,290.296,2017_yk_110,Yukon,2016,0.714078952292496,0.61670280688162,-0.00168338125879874,397.2035493,601.9176221,990.36,0.721971073,136.75468570654385
278,145.672,0.712929709618398,0.596796383451347,291.344,2017_yk_110,Yukon,2016,0.71415295040857,0.615525919539746,-0.00117688734187404,397.2035493,601.9176221,990.36,0.721971073,136.75468570654385
279,146.196,0.714027727782806,0.612629900541901,292.392,2017_yk_110,Yukon,2016,0.71419004566766,0.614597577676782,-9.2834186296331e-4,397.2035493,601.9176221,990.36,0.721971073,136.75468570654385
280,146.72,0.715518174976811,0.635209956347302,293.44,2017_yk_110,Yukon,2016,0.714205579882862,0.613828620109856,-7.6895756692663e-4,397.2035493,601.9176221,990.36,0.721971073,136.75468570654385
281,147.244,0.714010503712553,0.612249832951865,294.488,2017_yk_110,Yukon,2016,0.714249949294931,0.613231203946067,-5.9741616378872e-4,397.2035493,601.9176221,990.36,0.721971073,136.75468570654385
282,147.768,0.715336124900432,0.603899469438241,295.536,2017_yk_110,Yukon,2016,0.714281117334453,0.612190440055555,-0.00104076389051166,397.2035493,601.9176221,990.36,0.721971073,136.75468570654385
283,148.292,0.714424168155539,0.634395633329475,296.584,2017_yk_110,Yukon,2016,0.714325325979746,0.611452015312619,-7.3842474293639e-4,397.2035493,601.9176221,990.36,0.721971073,136.75468570654385
284,148.816,0.713142172105955,0.630780958189453,297.632,2017_yk_110,Yukon,2016,0.714352704756147,0.61059783794894,-0.00085417736367920005,397.2035493,601.9176221,990.36,0.721971073,136.75468570654385
285,149.34,0.713691781676405,0.597843146043349,298.68,2017_yk_110,Yukon,2016,0.714435216629475,0.609696414790211,-9.0142315872821e-4,397.2035493,601.9176221,990.36,0.721971073,136.75468570654385
286,149.864,0.713927540060668,0.600424094927102,299.728,2017_yk_110,Yukon,2016,0.714469723010037,0.608042865215604,-0.00165354957460706,397.2035493,601.9176221,990.36,0.721971073,136.75468570654385
287,150.388,0.715429654665745,0.617160950472373,300.776,2017_yk_110,Yukon,2016,0.714513453856983,0.606236078605423,-0.00180678661018163,397.2035493,601.9176221,990.36,0.721971073,136.75468570654385
288,150.912,0.712691074660686,0.630270738835039,301.824,2017_yk_110,Yukon,2016,0.714577291154327,0.604708742336341,-0.0015273362690813,397.2035493,601.9176221,990.36,0.721971073,136.75468570654385
289,151.436,0.713314796986089,0.62469719313419,302.872,2017_yk_110,Yukon,2016,0.714616136158066,0.603135349800535,-0.00157339253580691,397.2035493,601.9176221,990.36,0.721971073,136.75468570654385
290,151.96,0.712792338837359,0.610115672445931,303.92,2017_yk_110,Yukon,2016,0.714672195668348,0.601760200784846,-0.00137514901568869,397.2035493,601.9176221,990.36,0.721971073,136.75468570654385
291,152.484,0.71446482239529,0.633400307273554,304.968,2017_yk_110,Yukon,2016,0.714699209428665,0.600614617001161,-0.00114558378368468,397.2035493,601.9176221,990.36,0.721971073,136.75468570654385
292,153.008,0.714300399460238,0.622396162343882,306.016,2017_yk_110,Yukon,2016,0.714693735656546,0.59969689041224306,-9.1772658891797e-4,397.2035493,601.9176221,990.36,0.721971073,136.75468570654385
293,153.532,0.714446169691213,0.578745395819036,307.064,2017_yk_110,Yukon,2016,0.714753702180613,0.598066838532243,-0.00163005187999976,397.2035493,601.9176221,990.36,0.721971073,136.75468570654385
294,154.056,0.717014431716755,0.584657527086331,308.112,2017_yk_110,Yukon,2016,0.714861806865381,0.596189570141728,-0.00187726839051561,397.2035493,601.9176221,990.36,0.721971073,136.75468570654385
295,154.58,0.714938201383398,0.588756847212843,309.16,2017_yk_110,Yukon,2016,0.714925656577208,0.594522546685946,-0.00166702345578162,397.2035493,601.9176221,990.36,0.721971073,136.75468570654385
296,155.104,0.714688521235007,0.595925837414698,310.208,2017_yk_110,Yukon,2016,0.714995438375722,0.593054750530502,-0.00146779615544401,397.2035493,601.9176221,990.36,0.721971073,136.75468570654385
297,155.628,0.715120034833548,0.606827280267486,311.256,2017_yk_110,Yukon,2016,0.715064701356706,0.591531499702378,-0.00152325082812443,397.2035493,601.9176221,990.36,0.721971073,136.75468570654385
298,156.152,0.718077016758308,0.590392110698892,312.304,2017_yk_110,Yukon,2016,0.715141305319314,0.59031215306627,-0.00121934663610801,397.2035493,601.9176221,990.36,0.721971073,136.75468570654385
299,156.676,0.715922397405686,0.603365494585142,313.352,2017_yk_110,Yukon,2016,0.715175053013394,0.589799313760239,-5.1283930603107e-4,397.2035493,601.9176221,990.36,0.721971073,136.75468570654385
300,157.2,0.714966789340272,0.609838872680052,314.4,2017_yk_110,Yukon,2016,0.715259257505734,0.588951560735402,-8.477530248363e-4,397.2035493,601.9176221,990.36,0.721971073,136.75468570654385
301,157.724,0.715866111445453,0.604245990909025,315.448,2017_yk_110,Yukon,2016,0.715318873037027,0.587473040345306,-0.00147852039009666,397.2035493,601.9176221,990.36,0.721971073,136.75468570654385
302,158.248,0.714112319086113,0.596637395702054,316.496,2017_yk_110,Yukon,2016,0.715381191402786,0.585937013965189,-0.00153602638011674,397.2035493,601.9176221,990.36,0.721971073,136.75468570654385
303,158.772,0.715304182582485,0.602387111629739,317.544,2017_yk_110,Yukon,2016,0.715443562090633,0.584854735581138,-0.00108227838405139,397.2035493,601.9176221,990.36,0.721971073,136.75468570654385
304,159.296,0.713463922220717,0.623830466432766,318.592,2017_yk_110,Yukon,2016,0.715533236425051,0.584130606802507,-7.2412877863059e-4,397.2035493,601.9176221,990.36,0.721971073,136.75468570654385
305,159.82,0.716316339301709,0.584612128011222,319.64,2017_yk_110,Yukon,2016,0.715657179205115,0.583183784374597,-9.4682242790999e-4,397.2035493,601.9176221,990.36,0.721971073,136.75468570654385
306,160.344,0.714057804508934,0.579001070090265,320.688,2017_yk_110,Yukon,2016,0.715752126166514,0.582325384821303,-8.5839955329436e-4,397.2035493,601.9176221,990.36,0.721971073,136.75468570654385
307,160.868,0.715753558408768,0.573320520734974,321.736,2017_yk_110,Yukon,2016,0.71579555622064,0.581707859725981,-6.1752509532131e-4,397.2035493,601.9176221,990.36,0.721971073,136.75468570654385
308,161.392,0.716716323189405,0.602323208898721,322.784,2017_yk_110,Yukon,2016,0.715907681750236,0.581177710276055,-5.3014944992668e-4,397.2035493,601.9176221,990.36,0.721971073,136.75468570654385
309,161.916,0.716484515960274,0.566801158470353,323.832,2017_yk_110,Yukon,2016,0.715976027237678,0.580767405293939,-4.103049821158e-4,397.2035493,601.9176221,990.36,0.721971073,136.75468570654385
310,162.44,0.713238668055294,0.583571149595707,324.88,2017_yk_110,Yukon,2016,0.716058486828178,0.579920683108242,-8.4672218569692e-4,397.2035493,601.9176221,990.36,0.721971073,136.75468570654385
311,162.964,0.716157368203905,0.59516171066731,325.928,2017_yk_110,Yukon,2016,0.71614628988015006,0.578805753280917,-0.00111492982732497,397.2035493,601.9176221,990.36,0.721971073,136.75468570654385
312,163.488,0.713833979975016,0.577114883533177,326.976,2017_yk_110,Yukon,2016,0.716201369395171,0.578209628802835,-5.9612447808177e-4,397.2035493,601.9176221,990.36,0.721971073,136.75468570654385
313,164.012,0.716128945308549,0.563923607446403,328.024,2017_yk_110,Yukon,2016,0.716282981657508,0.577270899831604,-9.3872897123104e-4,397.2035493,601.9176221,990.36,0.721971073,136.75468570654385
314,164.536,0.715609478467339,0.56453677890402,329.072,2017_yk_110,Yukon,2016,0.716396718082726,0.576267767777596,-0.00100313205400815,397.2035493,601.9176221,990.36,0.721971073,136.75468570654385
315,165.06,0.717792087008685,0.570284651774874,330.12,2017_yk_110,Yukon,2016,0.716491252575564,0.575444352203532,-8.2341557406417e-4,397.2035493,601.9176221,990.36,0.721971073,136.75468570654385
316,165.584,0.715679868448075,0.554857194154604,331.168,2017_yk_110,Yukon,2016,0.716580407177743,0.574923292930644,-5.2105927288792e-4,397.2035493,601.9176221,990.36,0.721971073,136.75468570654385
317,166.108,0.716084806153594,0.519489610318026,332.216,2017_yk_110,Yukon,2016,0.716638754127889,0.574308756725449,-6.1453620519524e-4,397.2035493,601.9176221,990.36,0.721971073,136.75468570654385
318,166.632,0.716493194380308,0.534027436801106,333.264,2017_yk_110,Yukon,2016,0.716745302481211,0.573231812403725,-0.00107694432172323,397.2035493,601.9176221,990.36,0.721971073,136.75468570654385
319,167.156,0.715535028593266,0.527129881717072,334.312,2017_yk_110,Yukon,2016,0.716838644579604,0.57198747508859,-0.00124433731513507,397.2035493,601.9176221,990.36,0.721971073,136.75468570654385
320,167.68,0.715548616190451,0.56097288219016594,335.36,2017_yk_110,Yukon,2016,0.716964661980026,0.571319853949485,-6.676211391049e-4,397.2035493,601.9176221,990.36,0.721971073,136.75468570654385
321,168.204,0.71602593517339,0.542780718324266,336.408,2017_yk_110,Yukon,2016,0.717067322722582,0.57034547298792,-9.7438096156521e-4,397.2035493,601.9176221,990.36,0.721971073,136.75468570654385
322,168.728,0.715340215600916,0.548716266871597,337.456,2017_yk_110,Yukon,2016,0.717131486742939,0.569159576738351,-0.00118589624956911,397.2035493,601.9176221,990.36,0.721971073,136.75468570654385
323,169.252,0.716793880253324,0.537355600722048,338.504,2017_yk_110,Yukon,2016,0.717275844726757,0.568598701983215,-5.608747551361e-4,397.2035493,601.9176221,990.36,0.721971073,136.75468570654385
324,169.776,0.718597317950249,0.550333821649448,339.552,2017_yk_110,Yukon,2016,0.717340892452463,0.568100280463605,-4.9842151960977e-4,397.2035493,601.9176221,990.36,0.721971073,136.75468570654385
325,170.3,0.717650842254569,0.525531249854097,340.6,2017_yk_110,Yukon,2016,0.717396644180529,0.56742208885185,-6.781916117553e-4,397.2035493,601.9176221,990.36,0.721971073,136.75468570654385
326,170.824,0.71744290770127,0.537435045706249,341.648,2017_yk_110,Yukon,2016,0.717483173880199,0.566469694188605,-9.5239466324503e-4,397.2035493,601.9176221,990.36,0.721971073,136.75468570654385
327,171.348,0.717730480119018,0.546931039705558,342.696,2017_yk_110,Yukon,2016,0.717557062333035,0.565435802950739,-0.00103389123786624,397.2035493,601.9176221,990.36,0.721971073,136.75468570654385
328,171.872,0.718606722136809,0.557458392102268,343.744,2017_yk_110,Yukon,2016,0.717591861266668,0.565371353822696,-6.44491280425985e-5,397.2035493,601.9176221,990.36,0.721971073,136.75468570654385
329,172.396,0.718534313323529,0.560033181176233,344.792,2017_yk_110,Yukon,2016,0.717653906864624,0.565249244056888,-1.2210976580839e-4,397.2035493,601.9176221,990.36,0.721971073,136.75468570654385
330,172.92,0.717729339059742,0.554311989332674,345.84,2017_yk_110,Yukon,2016,0.717766849493027,0.564477934248501,-7.7130980838646e-4,397.2035493,601.9176221,990.36,0.721971073,136.75468570654385
331,173.444,0.717334586206138,0.545965576268447,346.888,2017_yk_110,Yukon,2016,0.717884761653806,0.563039944628579,-0.00143798961992203,397.2035493,601.9176221,990.36,0.721971073,136.75468570654385
332,173.968,0.717635253805586,0.555828724700892,347.936,2017_yk_110,Yukon,2016,0.717995700816621,0.561955331487838,-0.00108461314074149,397.2035493,601.9176221,990.36,0.721971073,136.75468570654385
333,174.492,0.718696072752313,0.565079937018037,348.984,2017_yk_110,Yukon,2016,0.718054201768986,0.560907820167489,-0.00104751132034842,397.2035493,601.9176221,990.36,0.721971073,136.75468570654385
334,175.016,0.718234042443806,0.569586214180752,350.032,2017_yk_110,Yukon,2016,0.718154164400998,0.559546507533135,-0.00136131263435424,397.2035493,601.9176221,990.36,0.721971073,136.75468570654385
335,175.54,0.719763541127617,0.566673657914182,351.08,2017_yk_110,Yukon,2016,0.718221747535527,0.558465282731336,-0.00108122480179895,397.2035493,601.9176221,990.36,0.721971073,136.75468570654385
336,176.064,0.71798554128067,0.568541792981943,352.128,2017_yk_110,Yukon,2016,0.71840506113367,0.557927442134026,-5.3784059730999e-4,397.2035493,601.9176221,990.36,0.721971073,136.75468570654385
337,176.588,0.718280712201999,0.564899771579089,353.176,2017_yk_110,Yukon,2016,0.718524262648804,0.55734891086652,-5.7853126750617e-4,397.2035493,601.9176221,990.36,0.721971073,136.75468570654385
338,177.112,0.71965724139415,0.564987416455743,354.224,2017_yk_110,Yukon,2016,0.718610749862862,0.556404230860059,-9.4468000646041e-4,397.2035493,601.9176221,990.36,0.721971073,136.75468570654385
339,177.636,0.718128457029352,0.588011601614954,355.272,2017_yk_110,Yukon,2016,0.71870281619541,0.555601023012961,-8.0320784709797e-4,397.2035493,601.9176221,990.36,0.721971073,136.75468570654385
340,178.16,0.720465750406803,0.584406625205485,356.32,2017_yk_110,Yukon,2016,0.718832007678556,0.554880112947942,-7.209100650195e-4,397.2035493,601.9176221,990.36,0.721971073,136.75468570654385
341,178.684,0.719278686830884,0.545354043312361,357.368,2017_yk_110,Yukon,2016,0.718912020255636,0.553622688040931,-0.00125742490701053,397.2035493,601.9176221,990.36,0.721971073,136.75468570654385
342,179.208,0.718640895801688,0.568132000753341,358.416,2017_yk_110,Yukon,2016,0.719005978823,0.552421853295445,-0.00120083474548627,397.2035493,601.9176221,990.36,0.721971073,136.75468570654385
343,179.732,0.71932090389577,0.57807189505561,359.464,2017_yk_110,Yukon,2016,0.719083366224404,0.551493835741433,-9.2801755401206e-4,397.2035493,601.9176221,990.36,0.721971073,136.75468570654385
344,180.256,0.719966357619021,0.570593034948963,360.512,2017_yk_110,Yukon,2016,0.7191912389708,0.550888215540055,-6.0562020137766e-4,397.2035493,601.9176221,990.36,0.721971073,136.75468570654385
345,180.78,0.719363851246683,0.548438211599498,361.56,2017_yk_110,Yukon,2016,0.719262770588749,0.550503170827343,-3.8504471271261e-4,397.2035493,601.9176221,990.36,0.721971073,136.75468570654385
346,181.304,0.719276816191394,0.569160538553829,362.608,2017_yk_110,Yukon,2016,0.719327660594892,0.550015433258396,-4.8773756894715e-4,397.2035493,601.9176221,990.36,0.721971073,136.75468570654385
347,181.828,0.718930471674489,0.580288778160655,363.656,2017_yk_110,Yukon,2016,0.719356437791412,0.550183668746714,1.6823548831823e-4,397.2035493,601.9176221,990.36,0.721971073,136.75468570654385
348,182.352,0.719083975860023,0.565654079531651,364.704,2017_yk_110,Yukon,2016,0.719441722666481,0.550490447540112,3.0677879339791e-4,397.2035493,601.9176221,990.36,0.721971073,136.75468570654385
349,182.876,0.718915322889661,0.550036954226084,365.752,2017_yk_110,Yukon,2016,0.719524662095791,0.55096466567441,4.7421813429782e-4,397.2035493,601.9176221,990.36,0.721971073,136.75468570654385
350,183.4,0.720353382862695,0.570058404099639,366.8,2017_yk_110,Yukon,2016,0.71965184485348,0.550493494015997,-4.7117165841215e-4,397.2035493,601.9176221,990.36,0.721971073,136.75468570654385
351,183.924,0.720624466948627,0.574937449579645,367.848,2017_yk_110,Yukon,2016,0.719739567308526,0.549931835141942,-5.6165887405501e-4,397.2035493,601.9176221,990.36,0.721971073,136.75468570654385
352,184.448,0.718150240681673,0.551242387369739,368.896,2017_yk_110,Yukon,2016,0.719848826400252,0.549608230657845,-3.2360448409707e-4,397.2035493,601.9176221,990.36,0.721971073,136.75468570654385
353,184.972,0.723107648720278,0.545092910510872,369.944,2017_yk_110,Yukon,2016,0.719916733507744,0.54942831920357,-1.7991145427565e-4,397.2035493,601.9176221,990.36,0.721971073,136.75468570654385
354,185.496,0.720917295259145,0.554752235909743,370.992,2017_yk_110,Yukon,2016,0.719957014656626,0.548759084518558,-6.6923468501123e-4,397.2035493,601.9176221,990.36,0.721971073,136.75468570654385
355,186.02,0.718283305067315,0.54806535050753,372.04,2017_yk_110,Yukon,2016,0.720056560024142,0.548606986216472,-1.5209830208695e-4,397.2035493,601.9176221,990.36,0.721971073,136.75468570654385
356,186.544,0.719880303215246,0.538782157619993,373.088,2017_yk_110,Yukon,2016,0.720150132916515,0.548663872535152,5.68863186809487e-5,397.2035493,601.9176221,990.36,0.721971073,136.75468570654385
357,187.068,0.719553342003703,0.544793805995515,374.136,2017_yk_110,Yukon,2016,0.720208140134808,0.5487351688666,7.12963314475346e-5,397.2035493,601.9176221,990.36,0.721971073,136.75468570654385
358,187.592,0.720164952776274,0.58652516301633,375.184,2017_yk_110,Yukon,2016,0.7202650848529,0.548540888429648,-1.9428043695168e-4,397.2035493,601.9176221,990.36,0.721971073,136.75468570654385
359,188.116,0.719645133283079,0.59603890863664,376.232,2017_yk_110,Yukon,2016,0.7203083373712,0.54802410565367,-5.167827759781e-4,397.2035493,601.9176221,990.36,0.721971073,136.75468570654385
360,188.64,0.721743347044407,0.563560284176866,377.28,2017_yk_110,Yukon,2016,0.72034995719811,0.54798033090943,-4.37747442403325e-5,397.2035493,601.9176221,990.36,0.721971073,136.75468570654385
361,189.164,0.722940841092213,0.517966613713704,378.328,2017_yk_110,Yukon,2016,0.720389141803873,0.548454296497492,4.7396558806256e-4,397.2035493,601.9176221,990.36,0.721971073,136.75468570654385
362,189.688,0.720768668855009,0.531560607257568,379.376,2017_yk_110,Yukon,2016,0.720455219153701,0.54853935897836,8.50624808677036e-5,397.2035493,601.9176221,990.36,0.721971073,136.75468570654385
363,190.212,0.718814239724386,0.539536432408833,380.424,2017_yk_110,Yukon,2016,0.720539081858613,0.548346503340426,-1.9285563793414e-4,397.2035493,601.9176221,990.36,0.721971073,136.75468570654385
364,190.736,0.719461680141416,0.542151708371516,381.472,2017_yk_110,Yukon,2016,0.720625635692936,0.548315895570276,-3.06077701500707e-5,397.2035493,601.9176221,990.36,0.721971073,136.75468570654385
365,191.26,0.720371327373481,0.519738639903287,382.52,2017_yk_110,Yukon,2016,0.720628382455969,0.548291479366095,-2.44162041805884e-5,397.2035493,601.9176221,990.36,0.721971073,136.75468570654385
366,191.784,0.725056620397476,0.54673063425166,383.568,2017_yk_110,Yukon,2016,0.720688823371189,0.54787250110104,-0.00041897826505575997,397.2035493,601.9176221,990.36,0.721971073,136.75468570654385
367,192.308,0.722905649316852,0.538608644684608,384.616,2017_yk_110,Yukon,2016,0.72076113670229,0.5474865816147,-3.859194863397e-4,397.2035493,601.9176221,990.36,0.721971073,136.75468570654385
368,192.832,0.721905556032873,0.545642408511099,385.664,2017_yk_110,Yukon,2016,0.720816478425485,0.547619211726644,1.3263011194442e-4,397.2035493,601.9176221,990.36,0.721971073,136.75468570654385
369,193.356,0.722008495913134,0.518608687644472,386.712,2017_yk_110,Yukon,2016,0.72090005391723,0.547342102610504,-2.7710911613998e-4,397.2035493,601.9176221,990.36,0.721971073,136.75468570654385
370,193.88,0.720990157044042,0.540316545694537,387.76,2017_yk_110,Yukon,2016,0.720892774112025,0.547141870636819,-2.0023197368512e-4,397.2035493,601.9176221,990.36,0.721971073,136.75468570654385
371,194.404,0.720958122828756,0.519716216246678,388.808,2017_yk_110,Yukon,2016,0.720917404903312,0.547574089396012,4.3221875919252e-4,397.2035493,601.9176221,990.36,0.721971073,136.75468570654385
372,194.928,0.719471494016843,0.505064798803997,389.856,2017_yk_110,Yukon,2016,0.72095015853763,0.54821313956209194,6.3905016608023e-4,397.2035493,601.9176221,990.36,0.721971073,136.75468570654385
373,195.452,0.720772189392794,0.508242554205685,390.904,2017_yk_110,Yukon,2016,0.720986249351314,0.549058507513302,8.4536795120993e-4,397.2035493,601.9176221,990.36,0.721971073,136.75468570654385
374,195.976,0.72208184325106,0.528199566821359,391.952,2017_yk_110,Yukon,2016,0.721040619499458,0.549390151143608,3.3164363030613e-4,397.2035493,601.9176221,990.36,0.721971073,136.75468570654385
375,196.5,0.722083984085623,0.547181969012116,393,2017_yk_110,Yukon,2016,0.721058566051702,0.549728126254879,3.3797511127131e-4,397.2035493,601.9176221,990.36,0.721971073,136.75468570654385
376,197.024,0.719573268816696,0.525592940017772,394.048,2017_yk_110,Yukon,2016,0.72111176367498,0.549983812354214,2.5568609933512e-4,397.2035493,601.9176221,990.36,0.721971073,136.75468570654385
377,197.548,0.717811437944778,0.529583739617124,395.096,2017_yk_110,Yukon,2016,0.721172938328819,0.550052668049959,6.8855695744996e-5,397.2035493,601.9176221,990.36,0.721971073,136.75468570654385
378,198.072,0.721610286884426,0.552434164404983,396.144,2017_yk_110,Yukon,2016,0.721271635216257,0.549602377694125,-4.5029035583477e-4,397.2035493,601.9176221,990.36,0.721971073,136.75468570654385
379,198.596,0.720511394351883,0.555582969774936,397.192,2017_yk_110,Yukon,2016,0.721308207119987,0.549401029720739,-2.0134797338611e-4,397.2035493,601.9176221,990.36,0.721971073,136.75468570654385
380,199.12,0.723179581651827,0.532702582685442,398.24,2017_yk_110,Yukon,2016,0.721339621958385,0.54967322633412,2.7219661338151e-4,397.2035493,601.9176221,990.36,0.721971073,136.75468570654385
381,199.644,0.721289282476132,0.509081185880968,399.288,2017_yk_110,Yukon,2016,0.721359347652602,0.549932212142335,2.5898580821537e-4,397.2035493,601.9176221,990.36,0.721971073,136.75468570654385
382,200.168,0.721895761104441,0.529299997825769,400.336,2017_yk_110,Yukon,2016,0.721421098027713,0.550046516397201,1.1430425486569e-4,397.2035493,601.9176221,990.36,0.721971073,136.75468570654385
383,200.692,0.720868306702854,0.526560913465512,401.384,2017_yk_110,Yukon,2016,0.721383821571894,0.55048557268156,4.3905628435858e-4,397.2035493,601.9176221,990.36,0.721971073,136.75468570654385
384,201.216,0.721014186883176,0.510179740548771,402.432,2017_yk_110,Yukon,2016,0.721404680149234,0.551290979731352,8.0540704979259e-4,397.2035493,601.9176221,990.36,0.721971073,136.75468570654385
385,201.74,0.72362356430555,0.516405351728876,403.48,2017_yk_110,Yukon,2016,0.721467996596398,0.552236073779223,9.450940478709e-4,397.2035493,601.9176221,990.36,0.721971073,136.75468570654385
386,202.264,0.723057281243641,0.540848224827105,404.528,2017_yk_110,Yukon,2016,0.721506905540377,0.553143212496376,9.0713871715253e-4,397.2035493,601.9176221,990.36,0.721971073,136.75468570654385
387,202.788,0.721210913216611,0.551208819592415,405.576,2017_yk_110,Yukon,2016,0.721539859906315,0.553824746844784,6.8153434840856e-4,397.2035493,601.9176221,990.36,0.721971073,136.75468570654385
388,203.312,0.722023405222317,0.545801565885162,406.624,2017_yk_110,Yukon,2016,0.72158915173787,0.553751216740089,-7.35301046949077e-5,397.2035493,601.9176221,990.36,0.721971073,136.75468570654385
389,203.836,0.721129464421527,0.529026214617549,407.672,2017_yk_110,Yukon,2016,0.721646172207734,0.553741282501325,-9.93423876416433e-6,397.2035493,601.9176221,990.36,0.721971073,136.75468570654385
390,204.36,0.720226528674302,0.551685504678251,408.72,2017_yk_110,Yukon,2016,0.721645856453972,0.553951466655169,2.1018415384377e-4,397.2035493,601.9176221,990.36,0.721971073,136.75468570654385
391,204.884,0.719685662551953,0.574403511552201,409.768,2017_yk_110,Yukon,2016,0.721650792829776,0.554464555341466,5.130886862974e-4,397.2035493,601.9176221,990.36,0.721971073,136.75468570654385
392,205.408,0.721599894795287,0.56093247355296,410.816,2017_yk_110,Yukon,2016,0.721646449330887,0.555047830606955,5.8327526548807e-4,397.2035493,601.9176221,990.36,0.721971073,136.75468570654385
393,205.932,0.723727835046999,0.553508598741991,411.864,2017_yk_110,Yukon,2016,0.721716373760984,0.555855268972187,8.0743836523233e-4,397.2035493,601.9176221,990.36,0.721971073,136.75468570654385
394,206.456,0.723427272503199,0.567749747971748,412.912,2017_yk_110,Yukon,2016,0.721774398790088,0.556477526750632,6.222577784456e-4,397.2035493,601.9176221,990.36,0.721971073,136.75468570654385
395,206.98,0.719928346909623,0.565208685663346,413.96,2017_yk_110,Yukon,2016,0.721809309283888,0.557282488597113,8.049618464806e-4,397.2035493,601.9176221,990.36,0.721971073,136.75468570654385
396,207.504,0.721611996193849,0.543403097078601,415.008,2017_yk_110,Yukon,2016,0.721765348147558,0.557841316440904,5.5882784379091e-4,397.2035493,601.9176221,990.36,0.721971073,136.75468570654385
397,208.028,0.722619512068084,0.541744602398704,416.056,2017_yk_110,Yukon,2016,0.721784620721193,0.558873698191123,0.00103238175021925,397.2035493,601.9176221,990.36,0.721971073,136.75468570654385
398,208.552,0.722977744785834,0.572945223172412,417.104,2017_yk_110,Yukon,2016,0.721734414130369,0.559486527943541,6.1282975241805e-4,397.2035493,601.9176221,990.36,0.721971073,136.75468570654385
399,209.076,0.723142986534039,0.571385054646556,418.152,2017_yk_110,Yukon,2016,0.721697469362267,0.560071056257831,5.8452831429001e-4,397.2035493,601.9176221,990.36,0.721971073,136.75468570654385
400,209.6,0.720028962094488,0.572392706784375,419.2,2017_yk_110,Yukon,2016,0.721733846375394,0.56036450306294,2.9344680510912e-4,397.2035493,601.9176221,990.36,0.721971073,136.75468570654385
401,210.124,0.720756534308097,0.571287168863912,420.248,2017_yk_110,Yukon,2016,0.721813411512563,0.560960691609752,5.9618854681131e-4,397.2035493,601.9176221,990.36,0.721971073,136.75468570654385
402,210.648,0.720606113860789,0.606475010718153,421.296,2017_yk_110,Yukon,2016,0.721866989326013,0.561696903002757,7.3621139300483e-4,397.2035493,601.9176221,990.36,0.721971073,136.75468570654385
403,211.172,0.72148635271683,0.628793972128212,422.344,2017_yk_110,Yukon,2016,0.721878060092022,0.562363229705451,6.6632670269462e-4,397.2035493,601.9176221,990.36,0.721971073,136.75468570654385
404,211.696,0.723228566507655,0.590491652767324,423.392,2017_yk_110,Yukon,2016,0.721874445655855,0.563283928723217,9.2069901776625e-4,397.2035493,601.9176221,990.36,0.721971073,136.75468570654385
405,212.22,0.720440644381338,0.568716718275785,424.44,2017_yk_110,Yukon,2016,0.721872222449028,0.56420900592633,9.2507720311285e-4,397.2035493,601.9176221,990.36,0.721971073,136.75468570654385
406,212.744,0.722468673588083,0.584501704513933,425.488,2017_yk_110,Yukon,2016,0.721888042186333,0.565310467035864,0.00110146110953335,397.2035493,601.9176221,990.36,0.721971073,136.75468570654385
407,213.268,0.722600950904805,0.584420119905355,426.536,2017_yk_110,Yukon,2016,0.72194574541701,0.566158393457148,8.479264212845e-4,397.2035493,601.9176221,990.36,0.721971073,136.75468570654385
408,213.792,0.725005789106281,0.538636658181563,427.584,2017_yk_110,Yukon,2016,0.721943713399672,0.566635443761482,4.7705030433364e-4,397.2035493,601.9176221,990.36,0.721971073,136.75468570654385
409,214.316,0.721109637113478,0.537956075822917,428.632,2017_yk_110,Yukon,2016,0.721998327644901,0.567249252430125,6.1380866864357e-4,397.2035493,601.9176221,990.36,0.721971073,136.75468570654385
410,214.84,0.722238273166554,0.586390200902531,429.68,2017_yk_110,Yukon,2016,0.721986864392584,0.567469436422841,2.2018399271606e-4,397.2035493,601.9176221,990.36,0.721971073,136.75468570654385
411,215.364,0.721808008601687,0.590476598072565,430.728,2017_yk_110,Yukon,2016,0.721975064360267,0.568168322772402,6.9888634956016e-4,397.2035493,601.9176221,990.36,0.721971073,136.75468570654385
412,215.888,0.721855263188293,0.558100642661684,431.776,2017_yk_110,Yukon,2016,0.721972550588297,0.568842255577722,6.7393280532057e-4,397.2035493,601.9176221,990.36,0.721971073,136.75468570654385
413,216.412,0.720871061371168,0.571436287572385,432.824,2017_yk_110,Yukon,2016,0.721967474838125,0.569787691323752,9.4543574603001e-4,397.2035493,601.9176221,990.36,0.721971073,136.75468570654385
414,216.936,0.722168809899515,0.6030766588973,433.872,2017_yk_110,Yukon,2016,0.721989858939256,0.570893124756409,0.0011054334326569,397.2035493,601.9176221,990.36,0.721971073,136.75468570654385
415,217.46,0.722082291897168,0.604770993379782,434.92,2017_yk_110,Yukon,2016,0.721966990109854,0.571774852578532,8.8172782212281e-4,397.2035493,601.9176221,990.36,0.721971073,136.75468570654385
416,217.984,0.722214839853994,0.59321048064914506,435.968,2017_yk_110,Yukon,2016,0.721928176242107,0.572211829678983,4.3697710045087e-4,397.2035493,601.9176221,990.36,0.721971073,136.75468570654385
417,218.508,0.721530603959961,0.585685866900032,437.016,2017_yk_110,Yukon,2016,0.721984169552452,0.572686511813038,4.7468213405477e-4,397.2035493,601.9176221,990.36,0.721971073,136.75468570654385
418,219.032,0.723122462669598,0.582113356734634,438.064,2017_yk_110,Yukon,2016,0.721995240369943,0.572794769858426,1.0825804538894e-4,397.2035493,601.9176221,990.36,0.721971073,136.75468570654385
419,219.556,0.723066361474936,0.595442854310783,439.112,2017_yk_110,Yukon,2016,0.722011460158349,0.573258830377381,4.6406051895453e-4,397.2035493,601.9176221,990.36,0.721971073,136.75468570654385
420,220.08,0.72172440181867,0.576171333407491,440.16,2017_yk_110,Yukon,2016,0.722028757129898,0.573717816530863,4.5898615348161e-4,397.2035493,601.9176221,990.36,0.721971073,136.75468570654385
421,220.604,0.723237023640457,0.548751934891549,441.208,2017_yk_110,Yukon,2016,0.722082948321155,0.573865053405819,1.4723687495654e-4,397.2035493,601.9176221,990.36,0.721971073,136.75468570654385
422,221.128,0.720508058921647,0.566557123186853,442.256,2017_yk_110,Yukon,2016,0.722060648714226,0.574437968109313,5.7291470349396e-4,397.2035493,601.9176221,990.36,0.721971073,136.75468570654385
423,221.652,0.723009705530234,0.587982734322774,443.304,2017_yk_110,Yukon,2016,0.722029691776382,0.574944523170281,5.0655506096797e-4,397.2035493,601.9176221,990.36,0.721971073,136.75468570654385
424,222.176,0.722943181887613,0.579487175078252,444.352,2017_yk_110,Yukon,2016,0.722002253696669,0.575306740080196,3.6221690991511e-4,397.2035493,601.9176221,990.36,0.721971073,136.75468570654385
425,222.7,0.722465957001528,0.568036350692114,445.4,2017_yk_110,Yukon,2016,0.721981458434542,0.575751516585939,4.447765057427e-4,397.2035493,601.9176221,990.36,0.721971073,136.75468570654385
426,223.224,0.72241895221764,0.580260304879121,446.448,2017_yk_110,Yukon,2016,0.721981217066269,0.576059796600692,3.0828001475269e-4,397.2035493,601.9176221,990.36,0.721971073,136.75468570654385
427,223.748,0.724062003734943,0.600551549697763,447.496,2017_yk_110,Yukon,2016,0.721972285663853,0.576318835852088,2.5903925139669e-4,397.2035493,601.9176221,990.36,0.721971073,136.75468570654385
428,224.272,0.718893160583479,0.582412193656182,448.544,2017_yk_110,Yukon,2016,0.721928398736826,0.576499776399347,1.8094054725881e-4,397.2035493,601.9176221,990.36,0.721971073,136.75468570654385
429,224.796,0.719791809826967,0.553680386501875,449.592,2017_yk_110,Yukon,2016,0.721923340973748,0.576917484260893,4.1770786154582e-4,397.2035493,601.9176221,990.36,0.721971073,136.75468570654385
430,225.32,0.723172777831655,0.557923354001083,450.64,2017_yk_110,Yukon,2016,0.72197385372308,0.577146175582489,2.286913215963e-4,397.2035493,601.9176221,990.36,0.721971073,136.75468570654385
431,225.844,0.725732031058936,0.555487529055358,451.688,2017_yk_110,Yukon,2016,0.72199044244424,0.577467131088245,3.2095550575583e-4,397.2035493,601.9176221,990.36,0.721971073,136.75468570654385
432,226.368,0.722686162823844,0.549237482384292,452.736,2017_yk_110,Yukon,2016,0.72200255986346,0.577220926717749,-2.4620437049649e-4,397.2035493,601.9176221,990.36,0.721971073,136.75468570654385
433,226.892,0.721436435353339,0.548222156367366,453.784,2017_yk_110,Yukon,2016,0.721985790683474,0.576700961918944,-5.1996479880489e-4,397.2035493,601.9176221,990.36,0.721971073,136.75468570654385
434,227.416,0.721864977081009,0.583441507887331,454.832,2017_yk_110,Yukon,2016,0.721984837654691,0.576654888643937,-4.60732750071635e-5,397.2035493,601.9176221,990.36,0.721971073,136.75468570654385
435,227.94,0.72195059167602,0.60268660119889,455.88,2017_yk_110,Yukon,2016,0.722037922476398,0.576959488873624,3.046002296877e-4,397.2035493,601.9176221,990.36,0.721971073,136.75468570654385
436,228.464,0.720522453054978,0.591680606589768,456.928,2017_yk_110,Yukon,2016,0.722043770125916,0.577190042893438,2.3055401981364e-4,397.2035493,601.9176221,990.36,0.721971073,136.75468570654385
437,228.988,0.721273631785417,0.580459324894201,457.976,2017_yk_110,Yukon,2016,0.722045439466293,0.577499734279117,3.096913856796e-4,397.2035493,601.9176221,990.36,0.721971073,136.75468570654385
438,229.512,0.721488365844153,0.581057182664996,459.024,2017_yk_110,Yukon,2016,0.72198890975625,0.578183615811862,6.8388153274467e-4,397.2035493,601.9176221,990.36,0.721971073,136.75468570654385
439,230.036,0.723788249065626,0.592411489893551,460.072,2017_yk_110,Yukon,2016,0.722011458631351,0.57887671874927,6.9310293740765e-4,397.2035493,601.9176221,990.36,0.721971073,136.75468570654385
440,230.56,0.722491786512816,0.545913622248402,461.12,2017_yk_110,Yukon,2016,0.722037793937447,0.578768053985248,-1.0866476402193e-4,397.2035493,601.9176221,990.36,0.721971073,136.75468570654385
441,231.084,0.720581280537121,0.551014366854583,462.168,2017_yk_110,Yukon,2016,0.72204606523128,0.578597246657108,-1.7080732813967e-4,397.2035493,601.9176221,990.36,0.721971073,136.75468570654385
442,231.608,0.721744934786199,0.569735966144995,463.216,2017_yk_110,Yukon,2016,0.722040098727469,0.578810182627991,2.1293597088267e-4,397.2035493,601.9176221,990.36,0.721971073,136.75468570654385
443,232.132,0.720563761692517,0.583287058227318,464.264,2017_yk_110,Yukon,2016,0.722039195473578,0.578793908841314,-1.62737866772344e-5,397.2035493,601.9176221,990.36,0.721971073,136.75468570654385
444,232.656,0.722357232951043,0.576505746508182,465.312,2017_yk_110,Yukon,2016,0.722017866897797,0.578638031197386,-1.5587764392732e-4,397.2035493,601.9176221,990.36,0.721971073,136.75468570654385
445,233.18,0.72225143454143,0.569309021056248,466.36,2017_yk_110,Yukon,2016,0.722018099800869,0.578350136439777,-2.8789475760937e-4,397.2035493,601.9176221,990.36,0.721971073,136.75468570654385
446,233.704,0.720728449178865,0.567066850854158,467.408,2017_yk_110,Yukon,2016,0.722045648031224,0.578112782778106,-2.3735366167143e-4,397.2035493,601.9176221,990.36,0.721971073,136.75468570654385
447,234.228,0.724570511837315,0.579689747635704,468.456,2017_yk_110,Yukon,2016,0.722059575062214,0.577929673366947,-1.8310941115851e-4,397.2035493,601.9176221,990.36,0.721971073,136.75468570654385
448,234.752,0.722687654271736,0.552297048608497,469.504,2017_yk_110,Yukon,2016,0.722048951862738,0.578139870448879,2.1019708193215e-4,397.2035493,601.9176221,990.36,0.721971073,136.75468570654385
449,235.276,0.722102651725883,0.556869845754822,470.552,2017_yk_110,Yukon,2016,0.72203143205682,0.578339557858686,1.9968740980635e-4,397.2035493,601.9176221,990.36,0.721971073,136.75468570654385
450,235.8,0.721264346967259,0.579224673887148,471.6,2017_yk_110,Yukon,2016,0.722023058404383,0.578586363017107,2.4680515842134e-4,397.2035493,601.9176221,990.36,0.721971073,136.75468570654385
451,236.324,0.722937134027379,0.583237724049593,472.648,2017_yk_110,Yukon,2016,0.721964367712949,0.579490241030572,9.0387801346503e-4,397.2035493,601.9176221,990.36,0.721971073,136.75468570654385
452,236.848,0.720261918379526,0.595307355762598,473.696,2017_yk_110,Yukon,2016,0.721990104909017,0.57990038242953,4.1014139895856e-4,397.2035493,601.9176221,990.36,0.721971073,136.75468570654385
453,237.372,0.721870418776376,0.583901902400074,474.744,2017_yk_110,Yukon,2016,0.721991705887138,0.580109020072131,2.0863764260015e-4,397.2035493,601.9176221,990.36,0.721971073,136.75468570654385
454,237.896,0.721780987720449,0.589482762566658,475.792,2017_yk_110,Yukon,2016,0.721963115857961,0.58039501634671,2.8599627457981e-4,397.2035493,601.9176221,990.36,0.721971073,136.75468570654385
455,238.42,0.718680631181978,0.591895276007904,476.84,2017_yk_110,Yukon,2016,0.721941304556863,0.580779602263173,3.8458591646306e-4,397.2035493,601.9176221,990.36,0.721971073,136.75468570654385
456,238.944,0.721597514097473,0.561899897963762,477.888,2017_yk_110,Yukon,2016,0.721931636617098,0.581604848405714,8.2524614254087e-4,397.2035493,601.9176221,990.36,0.721971073,136.75468570654385
457,239.468,0.72208362792311,0.557286957482508,478.936,2017_yk_110,Yukon,2016,0.721902695274603,0.582001657272886,3.9680886717175e-4,397.2035493,601.9176221,990.36,0.721971073,136.75468570654385
458,239.992,0.720344529164231,0.583801656007943,479.984,2017_yk_110,Yukon,2016,0.72194878450781,0.582160185391778,1.5852811889194e-4,397.2035493,601.9176221,990.36,0.721971073,136.75468570654385
459,240.516,0.722839520749345,0.596447526339301,481.032,2017_yk_110,Yukon,2016,0.721975925382633,0.583101207008543,9.4102161676457e-4,397.2035493,601.9176221,990.36,0.721971073,136.75468570654385
460,241.04,0.723059727054414,0.58611418608015,482.08,2017_yk_110,Yukon,2016,0.721957799670942,0.584051281893865,9.5007488532228e-4,397.2035493,601.9176221,990.36,0.721971073,136.75468570654385
461,241.564,0.721751857577721,0.590544499209263,483.128,2017_yk_110,Yukon,2016,0.721928656998904,0.584908846825842,8.575649319773e-4,397.2035493,601.9176221,990.36,0.721971073,136.75468570654385
462,242.088,0.721333159013987,0.591702748488365,484.176,2017_yk_110,Yukon,2016,0.721903864869701,0.585667211125473,7.5836429963083e-4,397.2035493,601.9176221,990.36,0.721971073,136.75468570654385
463,242.612,0.720480201917668,0.59759608419991594,485.224,2017_yk_110,Yukon,2016,0.721900519671488,0.586446191439369,7.7898031389633e-4,397.2035493,601.9176221,990.36,0.721971073,136.75468570654385
464,243.136,0.723171384780649,0.58772725626689,486.272,2017_yk_110,Yukon,2016,0.721938176158828,0.586757089764817,3.1089832544783e-4,397.2035493,601.9176221,990.36,0.721971073,136.75468570654385
465,243.66,0.723625733683766,0.586992732057044,487.32,2017_yk_110,Yukon,2016,0.721956319087073,0.586592603199436,-1.6448656538115e-4,397.2035493,601.9176221,990.36,0.721971073,136.75468570654385
466,244.184,0.722819532559159,0.598334945702751,488.368,2017_yk_110,Yukon,2016,0.722003454428986,0.586279364707764,-3.1323849167164e-4,397.2035493,601.9176221,990.36,0.721971073,136.75468570654385
467,244.708,0.722701111327445,0.603001603046131,489.416,2017_yk_110,Yukon,2016,0.722027208455457,0.586414599528711,1.3523482094679e-4,397.2035493,601.9176221,990.36,0.721971073,136.75468570654385
468,245.232,0.721614006503701,0.57966955014624,490.464,2017_yk_110,Yukon,2016,0.722016816724744,0.586891843608195,4.7724407948424e-4,397.2035493,601.9176221,990.36,0.721971073,136.75468570654385
469,245.756,0.722462569619505,0.57954225206738,491.512,2017_yk_110,Yukon,2016,0.721982815429003,0.586805540983191,-8.63026250046417e-5,397.2035493,601.9176221,990.36,0.721971073,136.75468570654385
470,246.28,0.723818391532332,0.579870315061213,492.56,2017_yk_110,Yukon,2016,0.721947737838408,0.587475826367405,6.7028538421376e-4,397.2035493,601.9176221,990.36,0.721971073,136.75468570654385
471,246.804,0.722304286231661,0.58022815838419,493.608,2017_yk_110,Yukon,2016,0.721965518838605,0.58812363435121,6.4780798380548e-4,397.2035493,601.9176221,990.36,0.721971073,136.75468570654385
472,247.328,0.721497272959633,0.570876800914641,494.656,2017_yk_110,Yukon,2016,0.721958851416026,0.588723359144672,5.9972479346182e-4,397.2035493,601.9176221,990.36,0.721971073,136.75468570654385
473,247.852,0.720816866137689,0.570459860371752,495.704,2017_yk_110,Yukon,2016,0.721978839083708,0.588854227689347,1.3086854467536e-4,397.2035493,601.9176221,990.36,0.721971073,136.75468570654385
474,248.376,0.720889095352686,0.593724000261664,496.752,2017_yk_110,Yukon,2016,0.7219607510415,0.588894424793787,4.01971044400318e-5,397.2035493,601.9176221,990.36,0.721971073,136.75468570654385
475,248.9,0.722096266081495,0.587497307923213,497.8,2017_yk_110,Yukon,2016,0.721982701822025,0.589642581566802,7.4815677301487e-4,397.2035493,601.9176221,990.36,0.721971073,136.75468570654385
476,249.424,0.723867733675257,0.578969260948856,498.848,2017_yk_110,Yukon,2016,0.722027958569705,0.59057359796309,9.3101639628734e-4,397.2035493,601.9176221,990.36,0.721971073,136.75468570654385
477,249.948,0.722366225819378,0.574699302230523,499.896,2017_yk_110,Yukon,2016,0.722011717264909,0.590854907987014,2.8131002392461e-4,397.2035493,601.9176221,990.36,0.721971073,136.75468570654385
478,250.472,0.722485070701023,0.59472518165056,500.944,2017_yk_110,Yukon,2016,0.721990485108167,0.591097931446375,2.4302345936044e-4,397.2035493,601.9176221,990.36,0.721971073,136.75468570654385
479,250.996,0.722015173119895,0.607424098899169,501.992,2017_yk_110,Yukon,2016,0.721975485126039,0.591559009414488,4.6107796811323e-4,397.2035493,601.9176221,990.36,0.721971073,136.75468570654385
480,251.52,0.721221982672413,0.59097964291277,503.04,2017_yk_110,Yukon,2016,0.721987684913716,0.591657856320728,9.88469062399577e-5,397.2035493,601.9176221,990.36,0.721971073,136.75468570654385
481,252.044,0.719715582154423,0.602984615699456,504.088,2017_yk_110,Yukon,2016,0.72195937350142,0.591686760758519,2.89044377907999e-5,397.2035493,601.9176221,990.36,0.721971073,136.75468570654385
482,252.568,0.722052290685768,0.591165607124364,505.136,2017_yk_110,Yukon,2016,0.721989170272902,0.591332229347473,-3.5453141104546e-4,397.2035493,601.9176221,990.36,0.721971073,136.75468570654385
483,253.092,0.723105764217458,0.600500992878779,506.184,2017_yk_110,Yukon,2016,0.721970603852041,0.591195344633314,-1.368847141594e-4,397.2035493,601.9176221,990.36,0.721971073,136.75468570654385
484,253.616,0.721227780136983,0.596646951553044,507.232,2017_yk_110,Yukon,2016,0.721963218136494,0.591152540011447,-4.28046218666767e-5,397.2035493,601.9176221,990.36,0.721971073,136.75468570654385
485,254.14,0.721157278935638,0.591111505679894,508.28,2017_yk_110,Yukon,2016,0.72202384121073,0.590828992683484,-3.235473279628e-4,397.2035493,601.9176221,990.36,0.721971073,136.75468570654385
486,254.664,0.721838875831742,0.629775073431574,509.328,2017_yk_110,Yukon,2016,0.722041479712938,0.591039919705575,2.1092702209057e-4,397.2035493,601.9176221,990.36,0.721971073,136.75468570654385
487,255.188,0.722325523185278,0.624360081728064,510.376,2017_yk_110,Yukon,2016,0.722033080950689,0.591624554219905,5.8463451433066e-4,397.2035493,601.9176221,990.36,0.721971073,136.75468570654385
488,255.712,0.721658514575875,0.591923880789703,511.424,2017_yk_110,Yukon,2016,0.722082994733293,0.591924337430585,2.9978321067936e-4,397.2035493,601.9176221,990.36,0.721971073,136.75468570654385
489,256.236,0.721420262316337,0.610141683507749,512.472,2017_yk_110,Yukon,2016,0.722058195598841,0.591730393894692,-1.9394353589297e-4,397.2035493,601.9176221,990.36,0.721971073,136.75468570654385
490,256.76,0.722085235130201,0.614927847120421,513.52,2017_yk_110,Yukon,2016,0.722041726110727,0.591690661316473,-3.97325782186542e-5,397.2035493,601.9176221,990.36,0.721971073,136.75468570654385
491,257.284,0.723983470736674,0.606941424973998,514.568,2017_yk_110,Yukon,2016,0.722060426513214,0.591757928420407,6.726710393401e-5,397.2035493,601.9176221,990.36,0.721971073,136.75468570654385
492,257.808,0.72119863507164,0.594739340362141,515.616,2017_yk_110,Yukon,2016,0.722074405095959,0.591852747244404,9.48188239967562e-5,397.2035493,601.9176221,990.36,0.721971073,136.75468570654385
493,258.332,0.721235723460587,0.594960975201148,516.664,2017_yk_110,Yukon,2016,0.722141457176255,0.591636322412516,-2.1642483188777e-4,397.2035493,601.9176221,990.36,0.721971073,136.75468570654385
494,258.856,0.724124366321395,0.602095407414209,517.712,2017_yk_110,Yukon,2016,0.72216557260005,0.591380695722561,-2.556266899556e-4,397.2035493,601.9176221,990.36,0.721971073,136.75468570654385
495,259.38,0.723039167370759,0.592817407276014,518.76,2017_yk_110,Yukon,2016,0.722112244295089,0.59125124338211,-1.2945234045047e-4,397.2035493,601.9176221,990.36,0.721971073,136.75468570654385
496,259.904,0.723350573569709,0.572886297089472,519.808,2017_yk_110,Yukon,2016,0.722078772227404,0.591119267304574,-1.319760775359e-4,397.2035493,601.9176221,990.36,0.721971073,136.75468570654385
497,260.428,0.722698873373715,0.588573414151005,520.856,2017_yk_110,Yukon,2016,0.722077074076154,0.591036702782337,-8.25645222369831e-5,397.2035493,601.9176221,990.36,0.721971073,136.75468570654385
498,260.952,0.720864862001348,0.609691827434044,521.904,2017_yk_110,Yukon,2016,0.722068787946292,0.5910766522244,3.99494420623148e-5,397.2035493,601.9176221,990.36,0.721971073,136.75468570654385
499,261.476,0.721748171321204,0.587233332393275,522.952,2017_yk_110,Yukon,2016,0.722032629506961,0.591058845925138,-1.78062992614025e-5,397.2035493,601.9176221,990.36,0.721971073,136.75468570654385
500,262,0.720387131077112,0.586130745301231,524,2017_yk_110,Yukon,2016,0.72202663388249,0.591122242952754,6.33970276159301e-5,397.2035493,601.9176221,990.36,0.721971073,136.75468570654385
501,262.524,0.721648140548937,0.589882845882915,525.048,2017_yk_110,Yukon,2016,0.721984543868828,0.591349680393716,2.2743744096209e-4,397.2035493,601.9176221,990.36,0.721971073,136.75468570654385
502,263.048,0.721344889431409,0.605719453752703,526.096,2017_yk_110,Yukon,2016,0.722004432558927,0.591477827011734,1.2814661801774e-4,397.2035493,601.9176221,990.36,0.721971073,136.75468570654385
503,263.572,0.721763021753448,0.591139170907837,527.144,2017_yk_110,Yukon,2016,0.721978359345803,0.591589070322143,1.1124331040868e-4,397.2035493,601.9176221,990.36,0.721971073,136.75468570654385
504,264.096,0.721271950418586,0.578917572774585,528.192,2017_yk_110,Yukon,2016,0.72201965772422,0.590952159375212,-6.3691094693063e-4,397.2035493,601.9176221,990.36,0.721971073,136.75468570654385
505,264.62,0.723568481372937,0.614198427437143,529.24,2017_yk_110,Yukon,2016,0.721998017949629,0.59034668090833,-6.0547846688163e-4,397.2035493,601.9176221,990.36,0.721971073,136.75468570654385
506,265.144,0.723443854039637,0.622927834631398,530.288,2017_yk_110,Yukon,2016,0.721976714076711,0.589676730161374,-6.6995074695619e-4,397.2035493,601.9176221,990.36,0.721971073,136.75468570654385
507,265.668,0.723596033549562,0.596568349071183,531.336,2017_yk_110,Yukon,2016,0.721941792832268,0.589219090615638,-4.5763954573641e-4,397.2035493,601.9176221,990.36,0.721971073,136.75468570654385
508,266.192,0.72141372486721,0.566878456170125,532.384,2017_yk_110,Yukon,2016,0.721928790603094,0.588671070154387,-5.4802046125046e-4,397.2035493,601.9176221,990.36,0.721971073,136.75468570654385
509,266.716,0.721202652798228,0.584534523841616,533.432,2017_yk_110,Yukon,2016,0.721971357254897,0.587627241998838,-0.00104382815554904,397.2035493,601.9176221,990.36,0.721971073,136.75468570654385
510,267.24,0.721996334227867,0.58515548826154,534.48,2017_yk_110,Yukon,2016,0.721969671734507,0.586495999710174,-0.00113124228866401,397.2035493,601.9176221,990.36,0.721971073,136.75468570654385
511,267.764,0.721238449289632,0.584971990317044,535.528,2017_yk_110,Yukon,2016,0.722001041569498,0.585892947161564,-6.0305254861026e-4,397.2035493,601.9176221,990.36,0.721971073,136.75468570654385
512,268.288,0.722049724668411,0.574035471099864,536.576,2017_yk_110,Yukon,2016,0.721977629885876,0.585647077420539,-2.4586974102502e-4,397.2035493,601.9176221,990.36,0.721971073,136.75468570654385
513,268.812,0.720756433524761,0.575688819550516,537.624,2017_yk_110,Yukon,2016,0.72193959599017,0.585281874801782,-3.6520261875727e-4,397.2035493,601.9176221,990.36,0.721971073,136.75468570654385
514,269.336,0.721337844787569,0.586914485254656,538.672,2017_yk_110,Yukon,2016,0.721930146774557,0.58483798997504,-4.4388482674107e-4,397.2035493,601.9176221,990.36,0.721971073,136.75468570654385
515,269.86,0.722318015636188,0.572482436330131,539.72,2017_yk_110,Yukon,2016,0.721951664915729,0.584445110218769,-3.9287975627144e-4,397.2035493,601.9176221,990.36,0.721971073,136.75468570654385
516,270.384,0.722655824229928,0.574555519289197,540.768,2017_yk_110,Yukon,2016,0.721958242951812,0.583477463580398,-9.6764663837145e-4,397.2035493,601.9176221,990.36,0.721971073,136.75468570654385
517,270.908,0.721579702188164,0.592365028342344,541.816,2017_yk_110,Yukon,2016,0.721946569214897,0.582376595830019,-0.00110086775037876,397.2035493,601.9176221,990.36,0.721971073,136.75468570654385
518,271.432,0.72333935612048,0.601788648648701,542.864,2017_yk_110,Yukon,2016,0.721967913782306,0.581613373053293,-7.6322277672591e-4,397.2035493,601.9176221,990.36,0.721971073,136.75468570654385
519,271.956,0.721351572682242,0.584810914185727,543.912,2017_yk_110,Yukon,2016,0.721996181222054,0.580370958822224,-0.00124241423106852,397.2035493,601.9176221,990.36,0.721971073,136.75468570654385
520,272.48,0.722071557767547,0.58373023138703,544.96,2017_yk_110,Yukon,2016,0.722006895082406,0.579002594648433,-0.00136836417379149,397.2035493,601.9176221,990.36,0.721971073,136.75468570654385
521,273.004,0.722873881726954,0.59458052544531,546.008,2017_yk_110,Yukon,2016,0.721966819806303,0.577673196852721,-0.00132939779571162,397.2035493,601.9176221,990.36,0.721971073,136.75468570654385
522,273.528,0.722171873978675,0.597391877928168,547.056,2017_yk_110,Yukon,2016,0.721980276349258,0.576538977784802,-0.00113421906791911,397.2035493,601.9176221,990.36,0.721971073,136.75468570654385
523,274.052,0.724503326735424,0.584610594286651,548.104,2017_yk_110,Yukon,2016,0.722012012112052,0.57591975660921,-6.1922117559265e-4,397.2035493,601.9176221,990.36,0.721971073,136.75468570654385
524,274.576,0.724618310208375,0.572389654869549,549.152,2017_yk_110,Yukon,2016,0.722008559101708,0.575282556504457,-6.3720010475265e-4,397.2035493,601.9176221,990.36,0.721971073,136.75468570654385
525,275.1,0.720426035386085,0.579225591630013,550.2,2017_yk_110,Yukon,2016,0.721977230794285,0.574768318749,-5.14237755457e-4,397.2035493,601.9176221,990.36,0.721971073,136.75468570654385
526,275.624,0.720811208498093,0.590416381050602,551.248,2017_yk_110,Yukon,2016,0.721945244541181,0.574261374524877,-5.0694422412289e-4,397.2035493,601.9176221,990.36,0.721971073,136.75468570654385
527,276.148,0.722599222252422,0.598047731711905,552.296,2017_yk_110,Yukon,2016,0.721921807051145,0.57370367749847,-5.5769702640684e-4,397.2035493,601.9176221,990.36,0.721971073,136.75468570654385
528,276.672,0.721116838711982,0.582066516669978,553.344,2017_yk_110,Yukon,2016,0.721940520781126,0.573128173587043,-5.7550391142724e-4,397.2035493,601.9176221,990.36,0.721971073,136.75468570654385
529,277.196,0.720293063259636,0.5784738741117,554.392,2017_yk_110,Yukon,2016,0.721946872858022,0.572636431211948,-4.9174237509519e-4,397.2035493,601.9176221,990.36,0.721971073,136.75468570654385
530,277.72,0.723458654064059,0.58367413671817,555.44,2017_yk_110,Yukon,2016,0.721997251690929,0.571856383029811,-7.8004818213661e-4,397.2035493,601.9176221,990.36,0.721971073,136.75468570654385
531,278.244,0.719778885411993,0.593874404841916,556.488,2017_yk_110,Yukon,2016,0.722037026177252,0.571206430216801,-6.4995281300983e-4,397.2035493,601.9176221,990.36,0.721971073,136.75468570654385
532,278.768,0.722690594365518,0.578565597995708,557.536,2017_yk_110,Yukon,2016,0.722044047292349,0.570314074418067,-8.9235579873381e-4,397.2035493,601.9176221,990.36,0.721971073,136.75468570654385
533,279.292,0.71925247335026,0.577134458996271,558.584,2017_yk_110,Yukon,2016,0.72204607423898,0.569650000011022,-6.6407440704541e-4,397.2035493,601.9176221,990.36,0.721971073,136.75468570654385
534,279.816,0.723366998057735,0.555509343445826,559.632,2017_yk_110,Yukon,2016,0.722052045100401,0.569103277142921,-5.4672286810098e-4,397.2035493,601.9176221,990.36,0.721971073,136.75468570654385
535,280.34,0.720797879606011,0.551168599910311,560.68,2017_yk_110,Yukon,2016,0.72200830858786,0.56816530360058,-9.3797354234126e-4,397.2035493,601.9176221,990.36,0.721971073,136.75468570654385
536,280.864,0.722589501300198,0.538772216131485,561.728,2017_yk_110,Yukon,2016,0.722003579376217,0.566905026371082,-0.00126027722949773,397.2035493,601.9176221,990.36,0.721971073,136.75468570654385
537,281.388,0.720270951152814,0.547240929486337,562.776,2017_yk_110,Yukon,2016,0.722003502358406,0.565976940151101,-9.2808621998108e-4,397.2035493,601.9176221,990.36,0.721971073,136.75468570654385
538,281.912,0.721704936950536,0.561843953975536,563.824,2017_yk_110,Yukon,2016,0.722025862357706,0.565345274898976,-6.3166525212488e-4,397.2035493,601.9176221,990.36,0.721971073,136.75468570654385
539,282.436,0.724569172228111,0.544794409566223,564.872,2017_yk_110,Yukon,2016,0.722027694366793,0.564512860224529,-8.3241467444694e-4,397.2035493,601.9176221,990.36,0.721971073,136.75468570654385
540,282.96,0.721120851449022,0.523105105592935,565.92,2017_yk_110,Yukon,2016,0.722007213535366,0.563821086224045,-6.9177400048392e-4,397.2035493,601.9176221,990.36,0.721971073,136.75468570654385
541,283.484,0.721597772253858,0.566801462782839,566.968,2017_yk_110,Yukon,2016,0.722011281518001,0.562979465994387,-8.416202296585e-4,397.2035493,601.9176221,990.36,0.721971073,136.75468570654385
542,284.008,0.72064758966846,0.576413422662863,568.016,2017_yk_110,Yukon,2016,0.721979572732852,0.562363125124318,-6.1634087006867e-4,397.2035493,601.9176221,990.36,0.721971073,136.75468570654385
543,284.532,0.720823730475083,0.578588835753346,569.064,2017_yk_110,Yukon,2016,0.721967322769408,0.561988507070925,-3.7461805339311e-4,397.2035493,601.9176221,990.36,0.721971073,136.75468570654385
544,285.056,0.720660827200226,0.570013861948578,570.112,2017_yk_110,Yukon,2016,0.721974532085839,0.56156790846181,-4.2059860911458e-4,397.2035493,601.9176221,990.36,0.721971073,136.75468570654385
545,285.58,0.722448367405956,0.567538720303609,571.16,2017_yk_110,Yukon,2016,0.721978526538947,0.560750990390935,-8.1691807087547e-4,397.2035493,601.9176221,990.36,0.721971073,136.75468570654385
546,286.104,0.722233557996674,0.571716275129287,572.208,2017_yk_110,Yukon,2016,0.721983142445333,0.559885073897103,-8.6591649383172e-4,397.2035493,601.9176221,990.36,0.721971073,136.75468570654385
547,286.628,0.721625098970411,0.558308016705342,573.256,2017_yk_110,Yukon,2016,0.721985214883722,0.558987753636524,-8.9732026057876e-4,397.2035493,601.9176221,990.36,0.721971073,136.75468570654385
548,287.152,0.722939188620443,0.546130514186151,574.304,2017_yk_110,Yukon,2016,0.721969551093375,0.558078498997346,-9.0925463917834e-4,397.2035493,601.9176221,990.36,0.721971073,136.75468570654385
549,287.676,0.723116308701203,0.535596829643638,575.352,2017_yk_110,Yukon,2016,0.722033303070521,0.557053037461074,-0.00102546153627225,397.2035493,601.9176221,990.36,0.721971073,136.75468570654385
550,288.2,0.722728066751319,0.532825996692929,576.4,2017_yk_110,Yukon,2016,0.722030124383045,0.556341887944878,-7.1114951619621e-4,397.2035493,601.9176221,990.36,0.721971073,136.75468570654385
551,288.724,0.72157895417051,0.527177557231303,577.448,2017_yk_110,Yukon,2016,0.722035996490098,0.555388976772664,-9.5291117221318e-4,397.2035493,601.9176221,990.36,0.721971073,136.75468570654385
552,289.248,0.722006027648925,0.526686196286994,578.496,2017_yk_110,Yukon,2016,0.722035613694783,0.554413548999055,-9.7542777360937e-4,397.2035493,601.9176221,990.36,0.721971073,136.75468570654385
553,289.772,0.723139869228238,0.557807704665585,579.544,2017_yk_110,Yukon,2016,0.72198182148434,0.553513890396167,-8.9965860288776e-4,397.2035493,601.9176221,990.36,0.721971073,136.75468570654385
554,290.296,0.72391718570071,0.563863401129051,580.592,2017_yk_110,Yukon,2016,0.721945125282036,0.55291964044106,-5.942499551077e-4,397.2035493,601.9176221,990.36,0.721971073,136.75468570654385
555,290.82,0.721159468925397,0.561963141948592,581.64,2017_yk_110,Yukon,2016,0.721972498035684,0.552388579356204,-5.3106108485534e-4,397.2035493,601.9176221,990.36,0.721971073,136.75468570654385
556,291.344,0.721431398383459,0.542469643642099,582.688,2017_yk_110,Yukon,2016,0.721992435383336,0.551748561278013,-6.4001807819102e-4,397.2035493,601.9176221,990.36,0.721971073,136.75468570654385
557,291.868,0.721292623971575,0.555111592566598,583.736,2017_yk_110,Yukon,2016,0.721958407287543,0.550698721374806,-0.00104983990320728,397.2035493,601.9176221,990.36,0.721971073,136.75468570654385
558,292.392,0.721987685800214,0.575161592748408,584.784,2017_yk_110,Yukon,2016,0.722009334685116,0.549988766321555,-7.0995505325133e-4,397.2035493,601.9176221,990.36,0.721971073,136.75468570654385
559,292.916,0.72212929593493,0.557728789887559,585.832,2017_yk_110,Yukon,2016,0.722012989293061,0.549757465086787,-2.3130123476766e-4,397.2035493,601.9176221,990.36,0.721971073,136.75468570654385
560,293.44,0.723409861051563,0.539327854373035,586.88,2017_yk_110,Yukon,2016,0.721978164036679,0.549312824862491,-4.4464022429635e-4,397.2035493,601.9176221,990.36,0.721971073,136.75468570654385
561,293.964,0.724034609728284,0.55088567710232506,587.928,2017_yk_110,Yukon,2016,0.722029867116109,0.548408066177546,-9.0475868494455e-4,397.2035493,601.9176221,990.36,0.721971073,136.75468570654385
562,294.488,0.721766156337241,0.552178105828673,588.976,2017_yk_110,Yukon,2016,0.721996160756289,0.547924067777388,-4.83998400158e-4,397.2035493,601.9176221,990.36,0.721971073,136.75468570654385
563,295.012,0.721884638551344,0.551294706485117,590.024,2017_yk_110,Yukon,2016,0.722021794331561,0.547533358468192,-3.9070930919626e-4,397.2035493,601.9176221,990.36,0.721971073,136.75468570654385
564,295.536,0.721630202103825,0.546114200688528,591.072,2017_yk_110,Yukon,2016,0.721984879538133,0.547602810992088,6.94525238958965e-5,397.2035493,601.9176221,990.36,0.721971073,136.75468570654385
565,296.06,0.720944290620476,0.557920014896661,592.12,2017_yk_110,Yukon,2016,0.721959256997332,0.547718891520664,1.1608052857636e-4,397.2035493,601.9176221,990.36,0.721971073,136.75468570654385
566,296.584,0.723160101341049,0.547311200861535,593.168,2017_yk_110,Yukon,2016,0.721949391773207,0.54818918535376,4.7029383309604e-4,397.2035493,601.9176221,990.36,0.721971073,136.75468570654385
567,297.108,0.723591412480917,0.540883175872314,594.216,2017_yk_110,Yukon,2016,0.721967822194893,0.548638700675256,4.4951532149573e-4,397.2035493,601.9176221,990.36,0.721971073,136.75468570654385
568,297.632,0.722755324825171,0.528978541042636,595.264,2017_yk_110,Yukon,2016,0.72198770029547,0.548721041798917,8.23411236612337e-5,397.2035493,601.9176221,990.36,0.721971073,136.75468570654385
569,298.156,0.721312573343475,0.534589643374798,596.312,2017_yk_110,Yukon,2016,0.721937344178775,0.549072626196008,3.5158439709093e-4,397.2035493,601.9176221,990.36,0.721971073,136.75468570654385
570,298.68,0.720767484342236,0.543649048232501,597.36,2017_yk_110,Yukon,2016,0.721937921236836,0.549875497955957,8.0287175994897e-4,397.2035493,601.9176221,990.36,0.721971073,136.75468570654385
571,299.204,0.721482528247746,0.534474776537537,598.408,2017_yk_110,Yukon,2016,0.721954748011232,0.550071663699504,1.9616574354752e-4,397.2035493,601.9176221,990.36,0.721971073,136.75468570654385
572,299.728,0.720147197559485,0.537055018895747,599.456,2017_yk_110,Yukon,2016,0.721996293444161,0.550259367913423,1.87704213919e-4,397.2035493,601.9176221,990.36,0.721971073,136.75468570654385
573,300.252,0.720021435718122,0.553211736346923,600.504,2017_yk_110,Yukon,2016,0.722030488349009,0.550158332201079,-1.0103571234465e-4,397.2035493,601.9176221,990.36,0.721971073,136.75468570654385
574,300.776,0.721770403773407,0.561678568707782,601.552,2017_yk_110,Yukon,2016,0.722043708725478,0.550346840308217,1.8850810713855e-4,397.2035493,601.9176221,990.36,0.721971073,136.75468570654385
575,301.3,0.722557682822676,0.523467352077607,602.6,2017_yk_110,Yukon,2016,0.722046755168586,0.550701090325343,3.5425001712574e-4,397.2035493,601.9176221,990.36,0.721971073,136.75468570654385
576,301.824,0.72293277861307,0.522600529659294,603.648,2017_yk_110,Yukon,2016,0.722019235842071,0.550959927904608,2.5883757926537e-4,397.2035493,601.9176221,990.36,0.721971073,136.75468570654385
577,302.348,0.721704048491495,0.538525812707619,604.696,2017_yk_110,Yukon,2016,0.722024199778941,0.551382987768951,4.230598643421e-4,397.2035493,601.9176221,990.36,0.721971073,136.75468570654385
578,302.872,0.722399528699704,0.547233370297994,605.744,2017_yk_110,Yukon,2016,0.722021335265911,0.551957461924036,5.7447415508571e-4,397.2035493,601.9176221,990.36,0.721971073,136.75468570654385
579,303.396,0.72517669131099,0.52328322200939,606.792,2017_yk_110,Yukon,2016,0.721983156761884,0.553012278480276,0.0010548165562394,397.2035493,601.9176221,990.36,0.721971073,136.75468570654385
580,303.92,0.721880836518956,0.541061260415257,607.84,2017_yk_110,Yukon,2016,0.721975060672584,0.554022278719054,0.00101000023877851,397.2035493,601.9176221,990.36,0.721971073,136.75468570654385
581,304.444,0.723226208150149,0.537405855112519,608.888,2017_yk_110,Yukon,2016,0.721943336798255,0.554651606140354,6.2932742129961e-4,397.2035493,601.9176221,990.36,0.721971073,136.75468570654385
582,304.968,0.722148906259791,0.538866211511614,609.936,2017_yk_110,Yukon,2016,0.721959192044922,0.555530928917562,8.7932277720814e-4,397.2035493,601.9176221,990.36,0.721971073,136.75468570654385
583,305.492,0.721275794108861,0.530631078113379,610.984,2017_yk_110,Yukon,2016,0.721922348566017,0.556346334051405,0.00081540513384315005,397.2035493,601.9176221,990.36,0.721971073,136.75468570654385
584,306.016,0.722416538070115,0.536734657563089,612.032,2017_yk_110,Yukon,2016,0.721877476074361,0.55731399206974,9.676580183352e-4,397.2035493,601.9176221,990.36,0.721971073,136.75468570654385
585,306.54,0.722068400604924,0.547361926538689,613.08,2017_yk_110,Yukon,2016,0.721901083172267,0.558135529422616,8.2153735287549e-4,397.2035493,601.9176221,990.36,0.721971073,136.75468570654385
586,307.064,0.722007449357251,0.552015296359141,614.128,2017_yk_110,Yukon,2016,0.721906386252373,0.559462602070407,0.00132707264779108,397.2035493,601.9176221,990.36,0.721971073,136.75468570654385
587,307.588,0.720557536504822,0.535057337519464,615.176,2017_yk_110,Yukon,2016,0.721919455618442,0.560959175673479,0.00149657360307232,397.2035493,601.9176221,990.36,0.721971073,136.75468570654385
588,308.112,0.724172482566369,0.539469213474897,616.224,2017_yk_110,Yukon,2016,0.721904274526735,0.561961346194962,0.00100217052148299,397.2035493,601.9176221,990.36,0.721971073,136.75468570654385
589,308.636,0.72051233973634,0.564595800025643,617.272,2017_yk_110,Yukon,2016,0.721878413053016,0.563023818720783,0.00106247252582059,397.2035493,601.9176221,990.36,0.721971073,136.75468570654385
590,309.16,0.72136913868113,0.556995723260392,618.32,2017_yk_110,Yukon,2016,0.721854659403097,0.564411688272503,0.00138786955172021,397.2035493,601.9176221,990.36,0.721971073,136.75468570654385
591,309.684,0.722881070177815,0.539588883745245,619.368,2017_yk_110,Yukon,2016,0.721811313906016,0.566361834701376,0.00195014642887303,397.2035493,601.9176221,990.36,0.721971073,136.75468570654385
592,310.208,0.720668212776284,0.549525693986227,620.416,2017_yk_110,Yukon,2016,0.72177656083494,0.56789569497164,0.0015338602702637,397.2035493,601.9176221,990.36,0.721971073,136.75468570654385
593,310.732,0.720790487866604,0.553691900444491,621.464,2017_yk_110,Yukon,2016,0.721776491443501,0.569122421839247,0.00122672686760716,397.2035493,601.9176221,990.36,0.721971073,136.75468570654385
594,311.256,0.72115211045203,0.559676494879585,622.512,2017_yk_110,Yukon,2016,0.721749995023124,0.570735200623979,0.00161277878473232,397.2035493,601.9176221,990.36,0.721971073,136.75468570654385
595,311.78,0.71926052715798094,0.558133431624893,623.56,2017_yk_110,Yukon,2016,0.721762825449218,0.572298353334613,0.00156315271063401,397.2035493,601.9176221,990.36,0.721971073,136.75468570654385
596,312.304,0.721997587852669,0.566989846117244,624.608,2017_yk_110,Yukon,2016,0.721755898920102,0.573856798073747,0.00155844473913425,397.2035493,601.9176221,990.36,0.721971073,136.75468570654385
597,312.828,0.721376776453995,0.57421184877608,625.656,2017_yk_110,Yukon,2016,0.721708100427858,0.575362194215547,0.00150539614179934,397.2035493,601.9176221,990.36,0.721971073,136.75468570654385
598,313.352,0.72289762298515,0.566784421395206,626.704,2017_yk_110,Yukon,2016,0.721666267299526,0.577639786557995,0.00227759234244829,397.2035493,601.9176221,990.36,0.721971073,136.75468570654385
599,313.876,0.721547805226416,0.565889473391679,627.752,2017_yk_110,Yukon,2016,0.721628492592764,0.579795143011549,0.00215535645355347,397.2035493,601.9176221,990.36,0.721971073,136.75468570654385
600,314.4,0.721155474932672,0.571277411189871,628.8,2017_yk_110,Yukon,2016,0.721633163622631,0.581943317094338,0.00214817408278933,397.2035493,601.9176221,990.36,0.721971073,136.75468570654385
601,314.924,0.722607378717641,0.578571407395688,629.848,2017_yk_110,Yukon,2016,0.721630820203423,0.584075327724253,0.00213201062991486,397.2035493,601.9176221,990.36,0.721971073,136.75468570654385
602,315.448,0.723140315644203,0.58767567549801,630.896,2017_yk_110,Yukon,2016,0.721626023625197,0.586314928321845,0.00223960059759232,397.2035493,601.9176221,990.36,0.721971073,136.75468570654385
603,315.972,0.72287542476597,0.572526693012667,631.944,2017_yk_110,Yukon,2016,0.721631289232016,0.588526455067095,0.00221152674524949,397.2035493,601.9176221,990.36,0.721971073,136.75468570654385
604,316.496,0.721454049788327,0.58132434837689,632.992,2017_yk_110,Yukon,2016,0.721616185169204,0.590568759063097,0.00204230399600225,397.2035493,601.9176221,990.36,0.721971073,136.75468570654385
605,317.02,0.722631153992442,0.588793721331151,634.04,2017_yk_110,Yukon,2016,0.721561320278054,0.592629517644761,0.00206075858166388,397.2035493,601.9176221,990.36,0.721971073,136.75468570654385
606,317.544,0.720582398405786,0.587246529885212,635.088,2017_yk_110,Yukon,2016,0.721528623826194,0.595725663217566,0.0030961455728058,397.2035493,601.9176221,990.36,0.721971073,136.75468570654385
607,318.068,0.721922935182612,0.583691608565868,636.136,2017_yk_110,Yukon,2016,0.721502351892927,0.598131875276357,0.00240621205879055,397.2035493,601.9176221,990.36,0.721971073,136.75468570654385
608,318.592,0.722767317838628,0.580598963491298,637.184,2017_yk_110,Yukon,2016,0.721464827739302,0.600025814168236,0.00189393889187883,397.2035493,601.9176221,990.36,0.721971073,136.75468570654385
609,319.116,0.72082559845956,0.598885823018003,638.232,2017_yk_110,Yukon,2016,0.721383606799746,0.601958936388036,0.00193312221980024,397.2035493,601.9176221,990.36,0.721971073,136.75468570654385
610,319.64,0.722242301393329,0.593426011019636,639.28,2017_yk_110,Yukon,2016,0.721386013891785,0.603944975591037,0.00198603920300133,397.2035493,601.9176221,990.36,0.721971073,136.75468570654385
611,320.164,0.719675521710766,0.564937202509283,640.328,2017_yk_110,Yukon,2016,0.721366660822571,0.606031734986807,0.00208675939576985,397.2035493,601.9176221,990.36,0.721971073,136.75468570654385
612,320.688,0.722957342448983,0.57944556291948,641.376,2017_yk_110,Yukon,2016,0.721344206937124,0.608163495769163,0.00213176078235588,397.2035493,601.9176221,990.36,0.721971073,136.75468570654385
613,321.212,0.720929260493939,0.60673201269618,642.424,2017_yk_110,Yukon,2016,0.721319315375837,0.61027149569161,0.00210799992244703,397.2035493,601.9176221,990.36,0.721971073,136.75468570654385
614,321.736,0.721224836201313,0.621922882229162,643.472,2017_yk_110,Yukon,2016,0.72131269252387,0.612256578209059,0.00198508251744889,397.2035493,601.9176221,990.36,0.721971073,136.75468570654385
615,322.26,0.722575894799793,0.611255383121123,644.52,2017_yk_110,Yukon,2016,0.721316531486666,0.614074226202371,0.00181764799331152,397.2035493,601.9176221,990.36,0.721971073,136.75468570654385
616,322.784,0.721749583189813,0.622094002509562,645.568,2017_yk_110,Yukon,2016,0.721253835139471,0.615507384272498,0.00143315807012689,397.2035493,601.9176221,990.36,0.721971073,136.75468570654385
617,323.308,0.722076785935733,0.644906008750938,646.616,2017_yk_110,Yukon,2016,0.721255577424736,0.61741738353348,0.0019099992609829,397.2035493,601.9176221,990.36,0.721971073,136.75468570654385
618,323.832,0.721076820297794,0.635291824037387,647.664,2017_yk_110,Yukon,2016,0.721198461718933,0.619651511031967,0.00223412749848684,397.2035493,601.9176221,990.36,0.721971073,136.75468570654385
619,324.356,0.720577607511763,0.621477141436798,648.712,2017_yk_110,Yukon,2016,0.72118065215688,0.621811522161382,0.00216001112941433,397.2035493,601.9176221,990.36,0.721971073,136.75468570654385
620,324.88,0.721984642056405,0.622600027476248,649.76,2017_yk_110,Yukon,2016,0.721144222693003,0.624129980794974,0.00231845863359237,397.2035493,601.9176221,990.36,0.721971073,136.75468570654385
621,325.404,0.721433879903451,0.667894462834712,650.808,2017_yk_110,Yukon,2016,0.721093365954936,0.626596087928995,0.00246610713402151,397.2035493,601.9176221,990.36,0.721971073,136.75468570654385
622,325.928,0.719680972072705,0.644209722044491,651.856,2017_yk_110,Yukon,2016,0.721097533942816,0.629099613246147,0.00250352531715181,397.2035493,601.9176221,990.36,0.721971073,136.75468570654385
623,326.452,0.721880475064991,0.624898318541549,652.904,2017_yk_110,Yukon,2016,0.72111431555968,0.631684842375032,0.00258522912888481,397.2035493,601.9176221,990.36,0.721971073,136.75468570654385
624,326.976,0.720040416881198,0.642880927772463,653.952,2017_yk_110,Yukon,2016,0.721095346733861,0.634300870094954,0.0026160277199222,397.2035493,601.9176221,990.36,0.721971073,136.75468570654385
625,327.5,0.721714116186132,0.6517091775347,655,2017_yk_110,Yukon,2016,0.721108810734231,0.636690613749809,0.00238974365485445,397.2035493,601.9176221,990.36,0.721971073,136.75468570654385
626,328.024,0.722744509594089,0.640817885209595,656.048,2017_yk_110,Yukon,2016,0.721089194898295,0.639300960436955,0.00261034668714644,397.2035493,601.9176221,990.36,0.721971073,136.75468570654385
627,328.548,0.720723502946252,0.631206944380274,657.096,2017_yk_110,Yukon,2016,0.721061505146022,0.641780603200404,0.0024796427634492502,397.2035493,601.9176221,990.36,0.721971073,136.75468570654385
628,329.072,0.720245337125232,0.665634081589532,658.144,2017_yk_110,Yukon,2016,0.721010312285489,0.644198082308778,0.00241747910837375,397.2035493,601.9176221,990.36,0.721971073,136.75468570654385
629,329.596,0.7190460909378,0.663911030588008,659.192,2017_yk_110,Yukon,2016,0.720997559500103,0.646221050433485,0.00202296812470681,397.2035493,601.9176221,990.36,0.721971073,136.75468570654385
630,330.12,0.721047746134249,0.672539493199865,660.24,2017_yk_110,Yukon,2016,0.72096799438491,0.648197564256913,0.00197651382342823,397.2035493,601.9176221,990.36,0.721971073,136.75468570654385
631,330.644,0.721341923095217,0.662395414332427,661.288,2017_yk_110,Yukon,2016,0.720934693765948,0.650285899768815,0.00208833551190157,397.2035493,601.9176221,990.36,0.721971073,136.75468570654385
632,331.168,0.719859402865959,0.671431054751285,662.336,2017_yk_110,Yukon,2016,0.720902227505488,0.652519154149603,0.00223325438078847,397.2035493,601.9176221,990.36,0.721971073,136.75468570654385
633,331.692,0.72033737212728,0.685903341061896,663.384,2017_yk_110,Yukon,2016,0.720864953884232,0.65479407534138,0.00227492119177697,397.2035493,601.9176221,990.36,0.721971073,136.75468570654385
634,332.216,0.720864160004659,0.684216808467923,664.432,2017_yk_110,Yukon,2016,0.720849395505294,0.656588740694449,0.00179466535306849,397.2035493,601.9176221,990.36,0.721971073,136.75468570654385
635,332.74,0.719265789353658,0.647112866977433,665.48,2017_yk_110,Yukon,2016,0.72079137148677,0.658217258307451,0.00162851761300231,397.2035493,601.9176221,990.36,0.721971073,136.75468570654385
636,333.264,0.720970991501485,0.708369264027649,666.528,2017_yk_110,Yukon,2016,0.720792901228359,0.659817582990077,0.00160032468262639,397.2035493,601.9176221,990.36,0.721971073,136.75468570654385
637,333.788,0.720127732495459,0.682898536235055,667.576,2017_yk_110,Yukon,2016,0.72075549260064,0.661475261489979,0.00165767849990117,397.2035493,601.9176221,990.36,0.721971073,136.75468570654385
638,334.312,0.720148079482192,0.660869703810727,668.624,2017_yk_110,Yukon,2016,0.720720231857303,0.663688042106558,0.00221278061657959,397.2035493,601.9176221,990.36,0.721971073,136.75468570654385
639,334.836,0.720303434937645,0.639270555197403,669.672,2017_yk_110,Yukon,2016,0.720734060179555,0.665494042641903,0.00180600053534463,397.2035493,601.9176221,990.36,0.721971073,136.75468570654385
640,335.36,0.722025262041336,0.660223612595333,670.72,2017_yk_110,Yukon,2016,0.720711979409181,0.667408901410279,0.00191485876837649,397.2035493,601.9176221,990.36,0.721971073,136.75468570654385
641,335.884,0.7220650239973,0.662611418858714,671.768,2017_yk_110,Yukon,2016,0.720718508909723,0.669305252157194,0.00189635074691508,397.2035493,601.9176221,990.36,0.721971073,136.75468570654385
642,336.408,0.720801673132943,0.666771858452966,672.816,2017_yk_110,Yukon,2016,0.720681080198135,0.671313528080961,0.00200827592376673,397.2035493,601.9176221,990.36,0.721971073,136.75468570654385
643,336.932,0.719782300431661,0.657111073460204,673.864,2017_yk_110,Yukon,2016,0.720670206402173,0.672735206432976,0.00142167835201468,397.2035493,601.9176221,990.36,0.721971073,136.75468570654385
644,337.456,0.7220191669521,0.655839608610018,674.912,2017_yk_110,Yukon,2016,0.720665853460253,0.67341068543998,6.7547900700404e-4,397.2035493,601.9176221,990.36,0.721971073,136.75468570654385
645,337.98,0.722298738372653,0.656420806137384,675.96,2017_yk_110,Yukon,2016,0.720640594729612,0.674171824540181,7.6113910020103e-4,397.2035493,601.9176221,990.36,0.721971073,136.75468570654385
646,338.504,0.718245668525599,0.638004780566754,677.008,2017_yk_110,Yukon,2016,0.72064050833192,0.675195997677835,0.00102417313765446,397.2035493,601.9176221,990.36,0.721971073,136.75468570654385
647,339.028,0.720662073620682,0.64965729317844,678.056,2017_yk_110,Yukon,2016,0.720616639420497,0.676040701861305,8.4470418346982e-4,397.2035493,601.9176221,990.36,0.721971073,136.75468570654385
648,339.552,0.720745540218225,0.673516863384102,679.104,2017_yk_110,Yukon,2016,0.72058797264571,0.67641941428585906,3.7871242455367e-4,397.2035493,601.9176221,990.36,0.721971073,136.75468570654385
649,340.076,0.719443766013106,0.694196467790507,680.152,2017_yk_110,Yukon,2016,0.720606783923944,0.67736752681767,9.4811253181126e-4,397.2035493,601.9176221,990.36,0.721971073,136.75468570654385
650,340.6,0.719183370848512,0.696103241275933,681.2,2017_yk_110,Yukon,2016,0.720581457466051,0.678373887010835,0.00100636019316469,397.2035493,601.9176221,990.36,0.721971073,136.75468570654385
651,341.124,0.719829665893792,0.68755531178654,682.248,2017_yk_110,Yukon,2016,0.720556944949184,0.678799974348545,4.260873377101e-4,397.2035493,601.9176221,990.36,0.721971073,136.75468570654385
652,341.648,0.720918292049111,0.699737213015334,683.296,2017_yk_110,Yukon,2016,0.72059370528716,0.678836135533181,3.61611846362297e-5,397.2035493,601.9176221,990.36,0.721971073,136.75468570654385
653,342.172,0.721797384878464,0.70880564817758,684.344,2017_yk_110,Yukon,2016,0.720578046385709,0.679314673947237,4.7853841405565e-4,397.2035493,601.9176221,990.36,0.721971073,136.75468570654385
654,342.696,0.720013980902873,0.716638158074916,685.392,2017_yk_110,Yukon,2016,0.720591547638977,0.679848266491732,5.3359254449481e-4,397.2035493,601.9176221,990.36,0.721971073,136.75468570654385
655,343.22,0.720068367180165,0.701518050916164,686.44,2017_yk_110,Yukon,2016,0.720568917544665,0.680434490322195,5.8622383046358e-4,397.2035493,601.9176221,990.36,0.721971073,136.75468570654385
656,343.744,0.72082063769654,0.723610647346027,687.488,2017_yk_110,Yukon,2016,0.720556540845339,0.68083581048174,4.0132015954508e-4,397.2035493,601.9176221,990.36,0.721971073,136.75468570654385
657,344.268,0.719715391317584,0.722990414583035,688.536,2017_yk_110,Yukon,2016,0.72055530751546,0.681177430479162,3.4161999742155e-4,397.2035493,601.9176221,990.36,0.721971073,136.75468570654385
658,344.792,0.719826051353145,0.711833167897634,689.584,2017_yk_110,Yukon,2016,0.720578111179734,0.681330592452172,1.5316197301007e-4,397.2035493,601.9176221,990.36,0.721971073,136.75468570654385
659,345.316,0.720782638103264,0.687267560874087,690.632,2017_yk_110,Yukon,2016,0.720585012941657,0.681681883226848,3.5129077467621e-4,397.2035493,601.9176221,990.36,0.721971073,136.75468570654385
660,345.84,0.719381568021087,0.689868240595571,691.68,2017_yk_110,Yukon,2016,0.720576304197517,0.681593133678853,-8.87495479952038e-5,397.2035493,601.9176221,990.36,0.721971073,136.75468570654385
661,346.364,0.720609341579921,0.703871538109781,692.728,2017_yk_110,Yukon,2016,0.720569988228772,0.681353320829344,-2.3981284950891e-4,397.2035493,601.9176221,990.36,0.721971073,136.75468570654385
662,346.888,0.721192340016661,0.721670938345315,693.776,2017_yk_110,Yukon,2016,0.720596198449354,0.681224683766459,-1.2863706288479e-4,397.2035493,601.9176221,990.36,0.721971073,136.75468570654385
663,347.412,0.720639007490601,0.709021964519288,694.824,2017_yk_110,Yukon,2016,0.720615294519773,0.680734264470419,-4.9041929603987e-4,397.2035493,601.9176221,990.36,0.721971073,136.75468570654385
664,347.936,0.720520547052032,0.689004269560995,695.872,2017_yk_110,Yukon,2016,0.72064814781796,0.679879371517473,-8.5489295294671e-4,397.2035493,601.9176221,990.36,0.721971073,136.75468570654385
665,348.46,0.719149712881028,0.686504778111295,696.92,2017_yk_110,Yukon,2016,0.720673331055785,0.679626473904248,-2.5289761322444e-4,397.2035493,601.9176221,990.36,0.721971073,136.75468570654385
666,348.984,0.720674182901119,0.683266010842794,697.968,2017_yk_110,Yukon,2016,0.720700525368361,0.67878908337896,-8.3739052528819e-4,397.2035493,601.9176221,990.36,0.721971073,136.75468570654385
667,349.508,0.719678417519441,0.683152318559938,699.016,2017_yk_110,Yukon,2016,0.720723167141863,0.678278605815489,-5.1047756347077e-4,397.2035493,601.9176221,990.36,0.721971073,136.75468570654385
668,350.032,0.720651673238446,0.713365800486076,700.064,2017_yk_110,Yukon,2016,0.720723681484174,0.677839768966915,-4.3883684857459e-4,397.2035493,601.9176221,990.36,0.721971073,136.75468570654385
669,350.556,0.72165529779467,0.707245855138681,701.112,2017_yk_110,Yukon,2016,0.720737735297792,0.677251842675435,-5.8792629147996e-4,397.2035493,601.9176221,990.36,0.721971073,136.75468570654385
670,351.08,0.72091745517086,0.708317537122226,702.16,2017_yk_110,Yukon,2016,0.720713673896239,0.676913628959253,-3.3821371618125e-4,397.2035493,601.9176221,990.36,0.721971073,136.75468570654385
671,351.604,0.720067291743317,0.67871824732419,703.208,2017_yk_110,Yukon,2016,0.720717023716676,0.676933102687019,1.94737277657842e-5,397.2035493,601.9176221,990.36,0.721971073,136.75468570654385
672,352.128,0.720711619753684,0.699942118345482,704.256,2017_yk_110,Yukon,2016,0.720746148481137,0.676391549727362,-5.4155295965696e-4,397.2035493,601.9176221,990.36,0.721971073,136.75468570654385
673,352.652,0.720276832736222,0.692032713817067,705.304,2017_yk_110,Yukon,2016,0.720744386097188,0.676061492321403,-3.3005740595892e-4,397.2035493,601.9176221,990.36,0.721971073,136.75468570654385
674,353.176,0.720963659686107,0.662451622649403,706.352,2017_yk_110,Yukon,2016,0.720724472883134,0.675726139362746,-3.353529586576e-4,397.2035493,601.9176221,990.36,0.721971073,136.75468570654385
675,353.7,0.721060370961308,0.65692372913318,707.4,2017_yk_110,Yukon,2016,0.720719203222229,0.675379641104545,-3.4649825820076e-4,397.2035493,601.9176221,990.36,0.721971073,136.75468570654385
676,354.224,0.721744399328287,0.683544390768832,708.448,2017_yk_110,Yukon,2016,0.720755074678193,0.674803941717771,-5.7569938677359e-4,397.2035493,601.9176221,990.36,0.721971073,136.75468570654385
677,354.748,0.720644651250377,0.69558825975913,709.496,2017_yk_110,Yukon,2016,0.720744358174825,0.67409847178083,-7.054699369412e-4,397.2035493,601.9176221,990.36,0.721971073,136.75468570654385
678,355.272,0.719356813810583,0.65801456951061,710.544,2017_yk_110,Yukon,2016,0.72075494747212,0.673268306755943,-8.3016502488753e-4,397.2035493,601.9176221,990.36,0.721971073,136.75468570654385
679,355.796,0.721706284205825,0.678363893345467,711.592,2017_yk_110,Yukon,2016,0.720800129671226,0.671899004282574,-0.00136930247336808,397.2035493,601.9176221,990.36,0.721971073,136.75468570654385
680,356.32,0.72046505458281,0.682981639066133,712.64,2017_yk_110,Yukon,2016,0.720832491194205,0.669751051082449,-0.00214795320012562,397.2035493,601.9176221,990.36,0.721971073,136.75468570654385
681,356.844,0.719963128891411,0.693459703097317,713.688,2017_yk_110,Yukon,2016,0.720848389933343,0.668061132293378,-0.00168991878907077,397.2035493,601.9176221,990.36,0.721971073,136.75468570654385
682,357.368,0.721886592351275,0.64637939312266,714.736,2017_yk_110,Yukon,2016,0.720886890865935,0.666500047685199,-0.0015610846081795,397.2035493,601.9176221,990.36,0.721971073,136.75468570654385
683,357.892,0.720940940977919,0.653610623384885,715.784,2017_yk_110,Yukon,2016,0.720880602511388,0.66482140587897,-0.00167864180622868,397.2035493,601.9176221,990.36,0.721971073,136.75468570654385
684,358.416,0.72085049207728,0.674896480442153,716.832,2017_yk_110,Yukon,2016,0.720888331779648,0.66238076909153,-0.00244063678743989,397.2035493,601.9176221,990.36,0.721971073,136.75468570654385
685,358.94,0.72035631052743,0.686882607362514,717.88,2017_yk_110,Yukon,2016,0.720904990011441,0.66027309250904,-0.00210767658248945,397.2035493,601.9176221,990.36,0.721971073,136.75468570654385
686,359.464,0.722001907634528,0.664897094782301,718.928,2017_yk_110,Yukon,2016,0.720915951868453,0.658347241448991,-0.00192585106004983,397.2035493,601.9176221,990.36,0.721971073,136.75468570654385
687,359.988,0.720649503153484,0.65170414422557,719.976,2017_yk_110,Yukon,2016,0.720941065770955,0.656377267774507,-0.00196997367448337,397.2035493,601.9176221,990.36,0.721971073,136.75468570654385
688,360.512,0.721613556981706,0.674823799970133,721.024,2017_yk_110,Yukon,2016,0.720942443004505,0.653979364692002,-0.00239790308250565,397.2035493,601.9176221,990.36,0.721971073,136.75468570654385
689,361.036,0.719460196653147,0.684988477068581,722.072,2017_yk_110,Yukon,2016,0.720962207067635,0.652075819327489,-0.00190354536451298,397.2035493,601.9176221,990.36,0.721971073,136.75468570654385
690,361.56,0.720525221485867,0.667214520320153,723.12,2017_yk_110,Yukon,2016,0.720984516807431,0.650349273554653,-0.00172654577283593,397.2035493,601.9176221,990.36,0.721971073,136.75468570654385
691,362.084,0.720962964970544,0.648006643361895,724.168,2017_yk_110,Yukon,2016,0.721009820017654,0.64843039321657,-0.00191888033808274,397.2035493,601.9176221,990.36,0.721971073,136.75468570654385
692,362.608,0.721432016100837,0.663712830978195,725.216,2017_yk_110,Yukon,2016,0.721022742370128,0.646073891207896,-0.00235650200867432,397.2035493,601.9176221,990.36,0.721971073,136.75468570654385
693,363.132,0.721483136352441,0.656478183299497,726.264,2017_yk_110,Yukon,2016,0.721053706164161,0.644068171807158,-0.00200571940073802,397.2035493,601.9176221,990.36,0.721971073,136.75468570654385
694,363.656,0.722835357895838,0.632923231291121,727.312,2017_yk_110,Yukon,2016,0.72106178844384,0.642163719957732,-0.00190445184942578,397.2035493,601.9176221,990.36,0.721971073,136.75468570654385
695,364.18,0.720776783623158,0.631939010183969,728.36,2017_yk_110,Yukon,2016,0.721052646282605,0.640275941354006,-0.00188777860372558,397.2035493,601.9176221,990.36,0.721971073,136.75468570654385
696,364.704,0.722602650256097,0.658125832510352,729.408,2017_yk_110,Yukon,2016,0.721045316783931,0.638457120814855,-0.00181882053915106,397.2035493,601.9176221,990.36,0.721971073,136.75468570654385
697,365.228,0.721486238905568,0.652269882426809,730.456,2017_yk_110,Yukon,2016,0.721049318937512,0.636950241131624,-0.00150687968323104,397.2035493,601.9176221,990.36,0.721971073,136.75468570654385
698,365.752,0.72017894002085,0.634539492896255,731.504,2017_yk_110,Yukon,2016,0.7210834276849,0.634923307811595,-0.00202693332002879,397.2035493,601.9176221,990.36,0.721971073,136.75468570654385
699,366.276,0.721146663754741,0.603994977708599,732.552,2017_yk_110,Yukon,2016,0.721056990241324,0.632541162675021,-0.00238214513657431,397.2035493,601.9176221,990.36,0.721971073,136.75468570654385
700,366.8,0.720581577948142,0.639930789624462,733.6,2017_yk_110,Yukon,2016,0.721066467426593,0.630087347828862,-0.00245381484615947,397.2035493,601.9176221,990.36,0.721971073,136.75468570654385
701,367.324,0.722266013223526,0.663779842524657,734.648,2017_yk_110,Yukon,2016,0.721077761352518,0.62818476955735,-0.00190257827151175,397.2035493,601.9176221,990.36,0.721971073,136.75468570654385
702,367.848,0.722549159000593,0.634278680873547,735.696,2017_yk_110,Yukon,2016,0.721096890568819,0.626203277375099,-0.0019814921822513,397.2035493,601.9176221,990.36,0.721971073,136.75468570654385
703,368.372,0.719676557394683,0.63730762910267,736.744,2017_yk_110,Yukon,2016,0.72114650969888106,0.624529619822314,-0.00167365755278448,397.2035493,601.9176221,990.36,0.721971073,136.75468570654385
704,368.896,0.720824374108861,0.635718431090564,737.792,2017_yk_110,Yukon,2016,0.721157323914797,0.622860650663334,-0.00166896915898029,397.2035493,601.9176221,990.36,0.721971073,136.75468570654385
705,369.42,0.721982558718354,0.635630910645341,738.84,2017_yk_110,Yukon,2016,0.721146345773539,0.621813899467185,-0.00104675119614916,397.2035493,601.9176221,990.36,0.721971073,136.75468570654385
706,369.944,0.720397955883468,0.603462817360341,739.888,2017_yk_110,Yukon,2016,0.721115658489759,0.620489683294073,-0.00132421617311151,397.2035493,601.9176221,990.36,0.721971073,136.75468570654385
707,370.468,0.720019083418575,0.607329096961969,740.936,2017_yk_110,Yukon,2016,0.721125918548603,0.61850450088054,-0.00198518241353318,397.2035493,601.9176221,990.36,0.721971073,136.75468570654385
708,370.992,0.72138089805594,0.623706961890855,741.984,2017_yk_110,Yukon,2016,0.721155970974648,0.617066948396478,-0.00143755248406241,397.2035493,601.9176221,990.36,0.721971073,136.75468570654385
709,371.516,0.722154697959492,0.61203831938842,743.032,2017_yk_110,Yukon,2016,0.721171228630873,0.61549579605826,-0.00157115233821792,397.2035493,601.9176221,990.36,0.721971073,136.75468570654385
710,372.04,0.72112506222725,0.567226049268398,744.08,2017_yk_110,Yukon,2016,0.721195036589384,0.613834132889475,-0.00166166316878424,397.2035493,601.9176221,990.36,0.721971073,136.75468570654385
711,372.564,0.720783590242042,0.58616018444229,745.128,2017_yk_110,Yukon,2016,0.721200384048802,0.611917707501972,-0.0019164253875037,397.2035493,601.9176221,990.36,0.721971073,136.75468570654385
712,373.088,0.723228348004643,0.606072136524565,746.176,2017_yk_110,Yukon,2016,0.721203881871921,0.610446820035189,-0.00147088746678314,397.2035493,601.9176221,990.36,0.721971073,136.75468570654385
713,373.612,0.721420083605665,0.608087139803864,747.224,2017_yk_110,Yukon,2016,0.72120686053572,0.609097105079875,-0.00134971495531311,397.2035493,601.9176221,990.36,0.721971073,136.75468570654385
714,374.136,0.72047773699845,0.570199950828516,748.272,2017_yk_110,Yukon,2016,0.721207443307261,0.60778529264029,-0.00131181243958522,397.2035493,601.9176221,990.36,0.721971073,136.75468570654385
715,374.66,0.721067861087759,0.575057455966802,749.32,2017_yk_110,Yukon,2016,0.721229506693818,0.606200417345618,-0.00158487529467266,397.2035493,601.9176221,990.36,0.721971073,136.75468570654385
716,375.184,0.72147834911727,0.608059583743034,750.368,2017_yk_110,Yukon,2016,0.721214318119801,0.604689952807999,-0.00151046453761849,397.2035493,601.9176221,990.36,0.721971073,136.75468570654385
717,375.708,0.721222225467664,0.604791994114035,751.416,2017_yk_110,Yukon,2016,0.721243888722738,0.60361153667296,-0.00107841613503945,397.2035493,601.9176221,990.36,0.721971073,136.75468570654385
718,376.232,0.719908685366134,0.567958982947296,752.464,2017_yk_110,Yukon,2016,0.721230599265416,0.602275282383829,-0.00133625428913098,397.2035493,601.9176221,990.36,0.721971073,136.75468570654385
719,376.756,0.721968481891095,0.573054839003307,753.512,2017_yk_110,Yukon,2016,0.721248269009054,0.600710825011802,-0.0015644573720266,397.2035493,601.9176221,990.36,0.721971073,136.75468570654385
720,377.28,0.720720152408827,0.586275494225417,754.56,2017_yk_110,Yukon,2016,0.721260017667717,0.598711607851576,-0.00199921716022633,397.2035493,601.9176221,990.36,0.721971073,136.75468570654385
721,377.804,0.722127534193345,0.588738717824816,755.608,2017_yk_110,Yukon,2016,0.721250905482299,0.597912983745585,-7.9862410599107e-4,397.2035493,601.9176221,990.36,0.721971073,136.75468570654385
722,378.328,0.721967681165054,0.580280817824849,756.656,2017_yk_110,Yukon,2016,0.721254941778989,0.59688779119009,-0.00102519255549427,397.2035493,601.9176221,990.36,0.721971073,136.75468570654385
723,378.852,0.722496835132615,0.588678800475007,757.704,2017_yk_110,Yukon,2016,0.721262180621286,0.595703234682002,-0.00118455650808869,397.2035493,601.9176221,990.36,0.721971073,136.75468570654385
724,379.376,0.721005483832748,0.574737158595447,758.752,2017_yk_110,Yukon,2016,0.72125716377014,0.594524017945961,-0.00117921673604038,397.2035493,601.9176221,990.36,0.721971073,136.75468570654385
725,379.9,0.718601183206912,0.573238061887762,759.8,2017_yk_110,Yukon,2016,0.721242500037748,0.593618797418947,-9.0522052701447e-4,397.2035493,601.9176221,990.36,0.721971073,136.75468570654385
726,380.424,0.720234412980709,0.574136778493732,760.848,2017_yk_110,Yukon,2016,0.721232647713673,0.592451567959236,-0.00116722945971082,397.2035493,601.9176221,990.36,0.721971073,136.75468570654385
727,380.948,0.719918546734329,0.592739537566079,761.896,2017_yk_110,Yukon,2016,0.721204959459439,0.591032592921043,-0.00141897503819266,397.2035493,601.9176221,990.36,0.721971073,136.75468570654385
728,381.472,0.722698198081717,0.591749801284345,762.944,2017_yk_110,Yukon,2016,0.721220545983157,0.589472472868584,-0.00156012005245953,397.2035493,601.9176221,990.36,0.721971073,136.75468570654385
729,381.996,0.720069051180115,0.564317146944218,763.992,2017_yk_110,Yukon,2016,0.721244344827964,0.588408334847904,-0.00106413802067973,397.2035493,601.9176221,990.36,0.721971073,136.75468570654385
730,382.52,0.721486086287001,0.561088646352657,765.04,2017_yk_110,Yukon,2016,0.72129338775479,0.587085671346955,-0.00132266350094923,397.2035493,601.9176221,990.36,0.721971073,136.75468570654385
731,383.044,0.720744927298796,0.564563551033486,766.088,2017_yk_110,Yukon,2016,0.721294043682771,0.585032467787257,-0.00205320355969807,397.2035493,601.9176221,990.36,0.721971073,136.75468570654385
732,383.568,0.721859372731758,0.581052587410404,767.136,2017_yk_110,Yukon,2016,0.721278626769667,0.582989563896524,-0.00204290389073281,397.2035493,601.9176221,990.36,0.721971073,136.75468570654385
733,384.092,0.72325398053994,0.591613260650006,768.184,2017_yk_110,Yukon,2016,0.721284863659701,0.581423562535702,-0.00156600136082208,397.2035493,601.9176221,990.36,0.721971073,136.75468570654385
734,384.616,0.721612512641083,0.56231347311058,769.232,2017_yk_110,Yukon,2016,0.72127993811475,0.580137033039776,-0.00128652949592589,397.2035493,601.9176221,990.36,0.721971073,136.75468570654385
735,385.14,0.720401682485802,0.594118657364233,770.28,2017_yk_110,Yukon,2016,0.721316146170678,0.57868930704637,-0.00144772599340615,397.2035493,601.9176221,990.36,0.721971073,136.75468570654385
736,385.664,0.719903162301497,0.604091420382144,771.328,2017_yk_110,Yukon,2016,0.721337682146137,0.577300223588246,-0.00138908345812361,397.2035493,601.9176221,990.36,0.721971073,136.75468570654385
737,386.188,0.721260254780997,0.57647731494714,772.376,2017_yk_110,Yukon,2016,0.72137190232021,0.576174976833125,-0.00112524675512127,397.2035493,601.9176221,990.36,0.721971073,136.75468570654385
738,386.712,0.721159959373275,0.571761420466867,773.424,2017_yk_110,Yukon,2016,0.721396650474488,0.575017742199724,-0.00115723463340089,397.2035493,601.9176221,990.36,0.721971073,136.75468570654385
739,387.236,0.722621743579356,0.584094753052388,774.472,2017_yk_110,Yukon,2016,0.721378120090828,0.573834776149409,-0.00118296605031531,397.2035493,601.9176221,990.36,0.721971073,136.75468570654385
740,387.76,0.721893532093437,0.583281848939076,775.52,2017_yk_110,Yukon,2016,0.721368785054724,0.572681447830083,-0.00115332831932591,397.2035493,601.9176221,990.36,0.721971073,136.75468570654385
741,388.284,0.720283976456479,0.578474179847095,776.568,2017_yk_110,Yukon,2016,0.721352928165762,0.571914305422927,-7.671424071558e-4,397.2035493,601.9176221,990.36,0.721971073,136.75468570654385
742,388.808,0.722096461738457,0.558126145115677,777.616,2017_yk_110,Yukon,2016,0.721332459210113,0.571005890216145,-9.0841520678197e-4,397.2035493,601.9176221,990.36,0.721971073,136.75468570654385
743,389.332,0.72111966080584,0.572627726066092,778.664,2017_yk_110,Yukon,2016,0.721297380155508,0.569742746116963,-0.00126314409918171,397.2035493,601.9176221,990.36,0.721971073,136.75468570654385
744,389.856,0.720885458369715,0.596187734067042,779.712,2017_yk_110,Yukon,2016,0.721306540222354,0.568732540794112,-0.00101020532285134,397.2035493,601.9176221,990.36,0.721971073,136.75468570654385
745,390.38,0.721680113720876,0.59179008968216,780.76,2017_yk_110,Yukon,2016,0.721292232496179,0.56785864268365,-8.7389811046212e-4,397.2035493,601.9176221,990.36,0.721971073,136.75468570654385
746,390.904,0.721090593193509,0.574269222525193,781.808,2017_yk_110,Yukon,2016,0.721293651909702,0.566827448207908,-0.00103119447574207,397.2035493,601.9176221,990.36,0.721971073,136.75468570654385
747,391.428,0.722423739329689,0.5869991761232,782.856,2017_yk_110,Yukon,2016,0.721275100136329,0.565593814835705,-0.00123363337220272,397.2035493,601.9176221,990.36,0.721971073,136.75468570654385
748,391.952,0.720816189542385,0.594648542622276,783.904,2017_yk_110,Yukon,2016,0.72127861970205,0.564750325732069,-8.4348910363618e-4,397.2035493,601.9176221,990.36,0.721971073,136.75468570654385
749,392.476,0.720520381271434,0.591121034746988,784.952,2017_yk_110,Yukon,2016,0.721234572749635,0.563882359224662,-8.6796650740739e-4,397.2035493,601.9176221,990.36,0.721971073,136.75468570654385
750,393,0.721230141005675,0.547261490706577,786,2017_yk_110,Yukon,2016,0.721244852762919,0.562687670910297,-0.00119468831436453,397.2035493,601.9176221,990.36,0.721971073,136.75468570654385
751,393.524,0.720416233845425,0.600089197002422,787.048,2017_yk_110,Yukon,2016,0.721219412517531,0.560896058565594,-0.00179161234470304,397.2035493,601.9176221,990.36,0.721971073,136.75468570654385
752,394.048,0.72167419390223,0.602201277648543,788.096,2017_yk_110,Yukon,2016,0.721156867128639,0.559171645136657,-0.00172441342893681,397.2035493,601.9176221,990.36,0.721971073,136.75468570654385
753,394.572,0.721917466890299,0.58540479281417,789.144,2017_yk_110,Yukon,2016,0.721121400012153,0.55779119532992,-0.00138044980673724,397.2035493,601.9176221,990.36,0.721971073,136.75468570654385
754,395.096,0.722534346827087,0.562170227128701,790.192,2017_yk_110,Yukon,2016,0.721088094047664,0.556643655742067,-0.0011475395878533,397.2035493,601.9176221,990.36,0.721971073,136.75468570654385
755,395.62,0.71989695967963,0.577625778563101,791.24,2017_yk_110,Yukon,2016,0.721110504420828,0.555353732705381,-0.00128992303668551,397.2035493,601.9176221,990.36,0.721971073,136.75468570654385
756,396.144,0.722011510811578,0.588092064927701,792.288,2017_yk_110,Yukon,2016,0.721110291778985,0.553612861576861,-0.00174087112852017,397.2035493,601.9176221,990.36,0.721971073,136.75468570654385
757,396.668,0.719824943651527,0.567131380135245,793.336,2017_yk_110,Yukon,2016,0.721064986896353,0.551772344889132,-0.00184051668772944,397.2035493,601.9176221,990.36,0.721971073,136.75468570654385
758,397.192,0.721114131443959,0.540932289748687,794.384,2017_yk_110,Yukon,2016,0.721063618388008,0.550244902791907,-0.00152744209722422,397.2035493,601.9176221,990.36,0.721971073,136.75468570654385
759,397.716,0.722574594443135,0.54014669646782,795.432,2017_yk_110,Yukon,2016,0.72108505378186,0.548877508344648,-0.00136739444725942,397.2035493,601.9176221,990.36,0.721971073,136.75468570654385
760,398.24,0.723524153557724,0.560570979567506,796.48,2017_yk_110,Yukon,2016,0.721019644208082,0.547299453395779,-0.00157805494886865,397.2035493,601.9176221,990.36,0.721971073,136.75468570654385
761,398.764,0.722305368902361,0.540587628942775,797.528,2017_yk_110,Yukon,2016,0.72099244801883,0.545924726753042,-0.00137472664273741,397.2035493,601.9176221,990.36,0.721971073,136.75468570654385
762,399.288,0.721624144214373,0.511704447429577,798.576,2017_yk_110,Yukon,2016,0.720986903825843,0.544407117378756,-0.00151760937428602,397.2035493,601.9176221,990.36,0.721971073,136.75468570654385
763,399.812,0.72005077079674,0.54334754745334,799.624,2017_yk_110,Yukon,2016,0.720946858272127,0.542400185147013,-0.00200693223174309,397.2035493,601.9176221,990.36,0.721971073,136.75468570654385
764,400.336,0.7205288414118,0.558526661335016,800.672,2017_yk_110,Yukon,2016,0.720923250918102,0.540472919688476,-0.00192726545853694,397.2035493,601.9176221,990.36,0.721971073,136.75468570654385
765,400.86,0.724155042074005,0.548767351040972,801.72,2017_yk_110,Yukon,2016,0.720903787361008,0.538592539440869,-0.00188038024760695,397.2035493,601.9176221,990.36,0.721971073,136.75468570654385
766,401.384,0.721690114411027,0.520117809872928,802.768,2017_yk_110,Yukon,2016,0.72091079245616,0.536592638694304,-0.00199990074656531,397.2035493,601.9176221,990.36,0.721971073,136.75468570654385
767,401.908,0.72207229386293,0.539814291654692,803.816,2017_yk_110,Yukon,2016,0.720855649834372,0.534646040195626,-0.00194659849867751,397.2035493,601.9176221,990.36,0.721971073,136.75468570654385
768,402.432,0.722865787312641,0.554272883886797,804.864,2017_yk_110,Yukon,2016,0.720802341543176,0.532481735231703,-0.00216430496392306,397.2035493,601.9176221,990.36,0.721971073,136.75468570654385
769,402.956,0.721042874939876,0.541060356369501,805.912,2017_yk_110,Yukon,2016,0.720753035286872,0.530823037661925,-0.00165869756977843,397.2035493,601.9176221,990.36,0.721971073,136.75468570654385
770,403.48,0.720564960061029,0.498026350108847,806.96,2017_yk_110,Yukon,2016,0.720683389557895,0.529134537865968,-0.00168849979595664,397.2035493,601.9176221,990.36,0.721971073,136.75468570654385
771,404.004,0.719832176904314,0.540131640012942,808.008,2017_yk_110,Yukon,2016,0.720678574650659,0.526950229779658,-0.0021843080863102,397.2035493,601.9176221,990.36,0.721971073,136.75468570654385
772,404.528,0.722000210665716,0.551567224117645,809.056,2017_yk_110,Yukon,2016,0.720611986569591,0.524981471052774,-0.00196875872688396,397.2035493,601.9176221,990.36,0.721971073,136.75468570654385
773,405.052,0.719315340329342,0.532298493852963,810.104,2017_yk_110,Yukon,2016,0.720565778370445,0.522891473109501,-0.00208999794327258,397.2035493,601.9176221,990.36,0.721971073,136.75468570654385
774,405.576,0.721027341009201,0.509587631457432,811.152,2017_yk_110,Yukon,2016,0.720509470537182,0.520372160772476,-0.00251931233702485,397.2035493,601.9176221,990.36,0.721971073,136.75468570654385
775,406.1,0.720209397517246,0.52262356933908,812.2,2017_yk_110,Yukon,2016,0.720377891964826,0.517888539029526,-0.00248362174295047,397.2035493,601.9176221,990.36,0.721971073,136.75468570654385
776,406.624,0.72156351392866,0.54618791519851,813.248,2017_yk_110,Yukon,2016,0.720371914005895,0.515619752773757,-0.00226878625576921,397.2035493,601.9176221,990.36,0.721971073,136.75468570654385
777,407.148,0.720109119065307,0.530773991781877,814.296,2017_yk_110,Yukon,2016,0.720300981910854,0.513309046641664,-0.00231070613209305,397.2035493,601.9176221,990.36,0.721971073,136.75468570654385
778,407.672,0.720119859309388,0.517349636729126,815.344,2017_yk_110,Yukon,2016,0.720262396803086,0.510889117616511,-0.00241992902515287,397.2035493,601.9176221,990.36,0.721971073,136.75468570654385
779,408.196,0.719325664746207,0.52097684855886,816.392,2017_yk_110,Yukon,2016,0.720279766205142,0.507988900921423,-0.00290021669508789,397.2035493,601.9176221,990.36,0.721971073,136.75468570654385
780,408.72,0.72133695320584,0.514594195363552,817.44,2017_yk_110,Yukon,2016,0.720240468917826,0.505973610655448,-0.00201529026597458,397.2035493,601.9176221,990.36,0.721971073,136.75468570654385
781,409.244,0.72060111947009,0.481241977142628,818.488,2017_yk_110,Yukon,2016,0.720212234505048,0.503464552850515,-0.00250905780493327,397.2035493,601.9176221,990.36,0.721971073,136.75468570654385
782,409.768,0.718214957831506,0.476816012088637,819.536,2017_yk_110,Yukon,2016,0.720171702592382,0.500995937177337,-0.00246861567317791,397.2035493,601.9176221,990.36,0.721971073,136.75468570654385
783,410.292,0.720368808143448,0.505851812070775,820.584,2017_yk_110,Yukon,2016,0.720143470855779,0.498439158035381,-0.00255677914195629,397.2035493,601.9176221,990.36,0.721971073,136.75468570654385
784,410.816,0.719007125963433,0.505884783324248,821.632,2017_yk_110,Yukon,2016,0.720059396104597,0.495913216583376,-0.00252594145200485,397.2035493,601.9176221,990.36,0.721971073,136.75468570654385
785,411.34,0.719945805596738,0.495842679686628,822.68,2017_yk_110,Yukon,2016,0.720033257452026,0.493223860386127,-0.00268935619724853,397.2035493,601.9176221,990.36,0.721971073,136.75468570654385
786,411.864,0.720221654470162,0.469684510782525,823.728,2017_yk_110,Yukon,2016,0.719969670685629,0.490413703495108,-0.00281015689101893,397.2035493,601.9176221,990.36,0.721971073,136.75468570654385
787,412.388,0.717200253776397,0.482308536302312,824.776,2017_yk_110,Yukon,2016,0.719947186728527,0.488016638171,-0.0023970653241086,397.2035493,601.9176221,990.36,0.721971073,136.75468570654385
788,412.912,0.722616087581036,0.50010327545089,825.824,2017_yk_110,Yukon,2016,0.71988573519926,0.486077703964077,-0.00193893420692304,397.2035493,601.9176221,990.36,0.721971073,136.75468570654385
789,413.436,0.721355174811237,0.482273480108661,826.872,2017_yk_110,Yukon,2016,0.719814938557585,0.48441531043112,-0.00166239353295644,397.2035493,601.9176221,990.36,0.721971073,136.75468570654385
790,413.96,0.717561511860318,0.466405349420541,827.92,2017_yk_110,Yukon,2016,0.719714472995941,0.482442039082532,-0.00197327134858855,397.2035493,601.9176221,990.36,0.721971073,136.75468570654385
791,414.484,0.719113155943673,0.482079952469239,828.968,2017_yk_110,Yukon,2016,0.719655967172306,0.48088123385476,-0.00156080522777208,397.2035493,601.9176221,990.36,0.721971073,136.75468570654385
792,415.008,0.72152672115254,0.489996024953243,830.016,2017_yk_110,Yukon,2016,0.719583209190056,0.479374232842851,-0.00150700101190826,397.2035493,601.9176221,990.36,0.721971073,136.75468570654385
793,415.532,0.720851247316955,0.471197326745414,831.064,2017_yk_110,Yukon,2016,0.719521367960523,0.477464229272328,-0.00191000357052301,397.2035493,601.9176221,990.36,0.721971073,136.75468570654385
794,416.056,0.720196071399589,0.446677545598366,832.112,2017_yk_110,Yukon,2016,0.719452582968587,0.475486368497936,-0.00197786077439271,397.2035493,601.9176221,990.36,0.721971073,136.75468570654385
795,416.58,0.719233869060176,0.481295842507818,833.16,2017_yk_110,Yukon,2016,0.719348151427628,0.473328769363467,-0.00215759913446906,397.2035493,601.9176221,990.36,0.721971073,136.75468570654385
796,417.104,0.720323468010627,0.484097375588228,834.208,2017_yk_110,Yukon,2016,0.719313667697126,0.47168575021321,-0.00164301915025666,397.2035493,601.9176221,990.36,0.721971073,136.75468570654385
797,417.628,0.717951697473722,0.459681405026485,835.256,2017_yk_110,Yukon,2016,0.719237820031876,0.469806772993872,-0.00187897721933789,397.2035493,601.9176221,990.36,0.721971073,136.75468570654385
798,418.152,0.717961461901484,0.441903122631484,836.304,2017_yk_110,Yukon,2016,0.719145472137093,0.46775504974532,-0.00205172324855207,397.2035493,601.9176221,990.36,0.721971073,136.75468570654385
799,418.676,0.719663368201123,0.484572898865688,837.352,2017_yk_110,Yukon,2016,0.719090700191705,0.465657587770084,-0.00209746197523636,397.2035493,601.9176221,990.36,0.721971073,136.75468570654385
800,419.2,0.717714788354825,0.481971861181674,838.4,2017_yk_110,Yukon,2016,0.718995678838462,0.464241511621515,-0.00141607614856909,397.2035493,601.9176221,990.36,0.721971073,136.75468570654385
801,419.724,0.719995082022287,0.447415694668486,839.448,2017_yk_110,Yukon,2016,0.718943663664747,0.462438554191813,-0.0018029574297021,397.2035493,601.9176221,990.36,0.721971073,136.75468570654385
802,420.248,0.718101176874407,0.440000621502643,840.496,2017_yk_110,Yukon,2016,0.718851391991459,0.460447542495469,-0.0019910116963433,397.2035493,601.9176221,990.36,0.721971073,136.75468570654385
803,420.772,0.718347168857068,0.447227849469738,841.544,2017_yk_110,Yukon,2016,0.718787473095898,0.458609252869208,-0.00183828962626159,397.2035493,601.9176221,990.36,0.721971073,136.75468570654385
804,421.296,0.717506988373957,0.445028993845548,842.592,2017_yk_110,Yukon,2016,0.71870311798843,0.457141420600953,-0.00146783226825437,397.2035493,601.9176221,990.36,0.721971073,136.75468570654385
805,421.82,0.71378539937952,0.442772785105134,843.64,2017_yk_110,Yukon,2016,0.718638591681538,0.455516775792754,-0.00162464480819902,397.2035493,601.9176221,990.36,0.721971073,136.75468570654385
806,422.344,0.720731915657643,0.438142047179037,844.688,2017_yk_110,Yukon,2016,0.718568844104996,0.453602843764858,-0.00191393202789658,397.2035493,601.9176221,990.36,0.721971073,136.75468570654385
807,422.868,0.718167813627213,0.448356808197616,845.736,2017_yk_110,Yukon,2016,0.718534110090343,0.451586078364274,-0.0020167654005836,397.2035493,601.9176221,990.36,0.721971073,136.75468570654385
808,423.392,0.71850108307632,0.449452801113108,846.784,2017_yk_110,Yukon,2016,0.718458237930983,0.450214408664265,-0.0013716697000089,397.2035493,601.9176221,990.36,0.721971073,136.75468570654385
809,423.916,0.721562545394796,0.417108033041711,847.832,2017_yk_110,Yukon,2016,0.718414041699415,0.448773946607536,-0.00144046205672937,397.2035493,601.9176221,990.36,0.721971073,136.75468570654385
810,424.44,0.718872303766712,0.426344074748102,848.88,2017_yk_110,Yukon,2016,0.718354555071045,0.447430391872197,-0.00134355473533904,397.2035493,601.9176221,990.36,0.721971073,136.75468570654385
811,424.964,0.718722169078702,0.44954572870643,849.928,2017_yk_110,Yukon,2016,0.718243578689452,0.446341659119086,-0.00108873275311067,397.2035493,601.9176221,990.36,0.721971073,136.75468570654385
812,425.488,0.719242279142285,0.45408433725787,850.976,2017_yk_110,Yukon,2016,0.718253381788738,0.445608843698611,-7.3281542047554e-4,397.2035493,601.9176221,990.36,0.721971073,136.75468570654385
813,426.012,0.720223562694125,0.43199804429679,852.024,2017_yk_110,Yukon,2016,0.71817602942128,0.444624946837135,-9.8389686147576e-4,397.2035493,601.9176221,990.36,0.721971073,136.75468570654385
814,426.536,0.717489861756207,0.410613740008409,853.072,2017_yk_110,Yukon,2016,0.718105827982434,0.443492312503791,-0.00113263433334398,397.2035493,601.9176221,990.36,0.721971073,136.75468570654385
815,427.06,0.718328640525322,0.41626440672819,854.12,2017_yk_110,Yukon,2016,0.718020447730677,0.442171123608967,-0.00132118889482413,397.2035493,601.9176221,990.36,0.721971073,136.75468570654385
816,427.584,0.718196304827764,0.419482651466563,855.168,2017_yk_110,Yukon,2016,0.717949579034661,0.441470906668178,-7.0021694078881e-4,397.2035493,601.9176221,990.36,0.721971073,136.75468570654385
817,428.108,0.718475906225423,0.42330746068873,856.216,2017_yk_110,Yukon,2016,0.717948643426375,0.440307588671501,-0.00116331799667702,397.2035493,601.9176221,990.36,0.721971073,136.75468570654385
818,428.632,0.717427039687907,0.424596237333304,857.264,2017_yk_110,Yukon,2016,0.717796822052547,0.438765590761696,-0.00154199790980503,397.2035493,601.9176221,990.36,0.721971073,136.75468570654385
819,429.156,0.718326795942672,0.440403084490437,858.312,2017_yk_110,Yukon,2016,0.717711144989128,0.437319769161884,-0.00144582159981199,397.2035493,601.9176221,990.36,0.721971073,136.75468570654385
820,429.68,0.717496219859089,0.442174698652192,859.36,2017_yk_110,Yukon,2016,0.71771536766025,0.436398656915166,-9.211122467182e-4,397.2035493,601.9176221,990.36,0.721971073,136.75468570654385
821,430.204,0.718795019484259,0.446939315276449,860.408,2017_yk_110,Yukon,2016,0.717628327240189,0.435650553583562,-7.4810333160402e-4,397.2035493,601.9176221,990.36,0.721971073,136.75468570654385
822,430.728,0.717258665279349,0.421284386715081,861.456,2017_yk_110,Yukon,2016,0.717555021010342,0.434683718628881,-9.6683495468097e-4,397.2035493,601.9176221,990.36,0.721971073,136.75468570654385
823,431.252,0.716340297024735,0.428747333221961,862.504,2017_yk_110,Yukon,2016,0.717442523751912,0.434022522946287,-6.6119568259381e-4,397.2035493,601.9176221,990.36,0.721971073,136.75468570654385
824,431.776,0.716401741895682,0.439855014871454,863.552,2017_yk_110,Yukon,2016,0.71740182682569,0.43409367382874,7.1150882453408e-5,397.2035493,601.9176221,990.36,0.721971073,136.75468570654385
825,432.3,0.717889149616481,0.419311402972826,864.6,2017_yk_110,Yukon,2016,0.717321041576351,0.433641647644092,-4.5202618464823e-4,397.2035493,601.9176221,990.36,0.721971073,136.75468570654385
826,432.824,0.719621090580892,0.42153666085753,865.648,2017_yk_110,Yukon,2016,0.717251540621616,0.432914027259888,-7.276203842042e-4,397.2035493,601.9176221,990.36,0.721971073,136.75468570654385
827,433.348,0.717521433947919,0.42707565849442,866.696,2017_yk_110,Yukon,2016,0.717220778328013,0.432140769367447,-7.7325789244081e-4,397.2035493,601.9176221,990.36,0.721971073,136.75468570654385
828,433.872,0.717324913625686,0.43116948897367,867.744,2017_yk_110,Yukon,2016,0.717129068991487,0.432019694143903,-1.2107522354393e-4,397.2035493,601.9176221,990.36,0.721971073,136.75468570654385
829,434.396,0.71775655821656,0.41521263785532,868.792,2017_yk_110,Yukon,2016,0.717022861943639,0.431324720405794,-6.9497373810939e-4,397.2035493,601.9176221,990.36,0.721971073,136.75468570654385
830,434.92,0.714863678866441,0.413061781194701,869.84,2017_yk_110,Yukon,2016,0.71693580713266,0.430732090910597,-5.9262949519645e-4,397.2035493,601.9176221,990.36,0.721971073,136.75468570654385
831,435.444,0.716711266481438,0.431954194230817,870.888,2017_yk_110,Yukon,2016,0.716867792768996,0.43071513158572,-1.69593248774969e-5,397.2035493,601.9176221,990.36,0.721971073,136.75468570654385
832,435.968,0.716463910268467,0.432106522337043,871.936,2017_yk_110,Yukon,2016,0.716828585116157,0.430935138963103,2.2000737738353e-4,397.2035493,601.9176221,990.36,0.721971073,136.75468570654385
833,436.492,0.715480206595671,0.422001116277267,872.984,2017_yk_110,Yukon,2016,0.716758925464574,0.431481584828845,5.4644586574209e-4,397.2035493,601.9176221,990.36,0.721971073,136.75468570654385
834,437.016,0.715966034561093,0.42151769536217,874.032,2017_yk_110,Yukon,2016,0.716731151701881,0.431833712450967,3.5212762212155e-4,397.2035493,601.9176221,990.36,0.721971073,136.75468570654385
835,437.54,0.716337819103723,0.425144880847141,875.08,2017_yk_110,Yukon,2016,0.716722040508771,0.431939732651553,1.0602020058597e-4,397.2035493,601.9176221,990.36,0.721971073,136.75468570654385
836,438.064,0.717378659336164,0.431351993524713,876.128,2017_yk_110,Yukon,2016,0.71662231869789,0.432610869819304,6.7113716775146e-4,397.2035493,601.9176221,990.36,0.721971073,136.75468570654385
837,438.588,0.718025078186101,0.409768067746862,877.176,2017_yk_110,Yukon,2016,0.716571043604524,0.433762675164486,0.00115180534518133,397.2035493,601.9176221,990.36,0.721971073,136.75468570654385
838,439.112,0.715567529747818,0.435049454728591,878.224,2017_yk_110,Yukon,2016,0.716494463799281,0.434644401329951,8.8172616546533e-4,397.2035493,601.9176221,990.36,0.721971073,136.75468570654385
839,439.636,0.716673890852113,0.434549125155099,879.272,2017_yk_110,Yukon,2016,0.716398491112142,0.435708763159133,0.00106436182918235,397.2035493,601.9176221,990.36,0.721971073,136.75468570654385
840,440.16,0.717767755503629,0.433980911243208,880.32,2017_yk_110,Yukon,2016,0.716294434389715,0.437080380403496,0.00137161724436308,397.2035493,601.9176221,990.36,0.721971073,136.75468570654385
841,440.684,0.713942536574526,0.415918011955988,881.368,2017_yk_110,Yukon,2016,0.716255187941233,0.438176393719356,0.00109601331585918,397.2035493,601.9176221,990.36,0.721971073,136.75468570654385
842,441.208,0.718803143788648,0.432847086860105,882.416,2017_yk_110,Yukon,2016,0.716119580903463,0.438827225466353,6.5083174699731e-4,397.2035493,601.9176221,990.36,0.721971073,136.75468570654385
843,441.732,0.71572766609596,0.446818000382229,883.464,2017_yk_110,Yukon,2016,0.716011664851174,0.439540094156967,7.1286869061393e-4,397.2035493,601.9176221,990.36,0.721971073,136.75468570654385
844,442.256,0.714795039632702,0.437926723323609,884.512,2017_yk_110,Yukon,2016,0.715963759209545,0.441055459205082,0.00151536504811561,397.2035493,601.9176221,990.36,0.721971073,136.75468570654385
845,442.78,0.714822990491277,0.416571345997181,885.56,2017_yk_110,Yukon,2016,0.715825396479927,0.443219733207995,0.00216427400291286,397.2035493,601.9176221,990.36,0.721971073,136.75468570654385
846,443.304,0.715969532709228,0.427671494335199,886.608,2017_yk_110,Yukon,2016,0.715747049781259,0.444970676227887,0.00175094301989193,397.2035493,601.9176221,990.36,0.721971073,136.75468570654385
847,443.828,0.717144117279267,0.412509456501692,887.656,2017_yk_110,Yukon,2016,0.715642769335743,0.446877422541218,0.00190674631333104,397.2035493,601.9176221,990.36,0.721971073,136.75468570654385
848,444.352,0.713506805151318,0.407583400862589,888.704,2017_yk_110,Yukon,2016,0.715584558095802,0.449307502728178,0.00243008018696012,397.2035493,601.9176221,990.36,0.721971073,136.75468570654385
849,444.876,0.716214551006094,0.395524184119939,889.752,2017_yk_110,Yukon,2016,0.715499140965566,0.451941400739318,0.00263389801114011,397.2035493,601.9176221,990.36,0.721971073,136.75468570654385
850,445.4,0.717814872127639,0.41113861461745,890.8,2017_yk_110,Yukon,2016,0.715409253881552,0.454760667375682,0.00281926663636389,397.2035493,601.9176221,990.36,0.721971073,136.75468570654385
851,445.924,0.713890730740031,0.437193752572996,891.848,2017_yk_110,Yukon,2016,0.715277365283624,0.457455566843262,0.00269489946758006,397.2035493,601.9176221,990.36,0.721971073,136.75468570654385
852,446.448,0.717128347361738,0.431985927672387,892.896,2017_yk_110,Yukon,2016,0.715190626128038,0.461020769073593,0.00356520223033074,397.2035493,601.9176221,990.36,0.721971073,136.75468570654385
853,446.972,0.714101411811132,0.431525585789786,893.944,2017_yk_110,Yukon,2016,0.715119008629974,0.464888722464157,0.00386795339056356,397.2035493,601.9176221,990.36,0.721971073,136.75468570654385
854,447.496,0.717754255826297,0.450946598545571,894.992,2017_yk_110,Yukon,2016,0.71504024432146,0.468021833056378,0.00313311059222171,397.2035493,601.9176221,990.36,0.721971073,136.75468570654385
855,448.02,0.714386754099806,0.454174271428924,896.04,2017_yk_110,Yukon,2016,0.7149106366958,0.47114590682239,0.00312407376601109,397.2035493,601.9176221,990.36,0.721971073,136.75468570654385
856,448.544,0.716153410726501,0.440440152535976,897.088,2017_yk_110,Yukon,2016,0.714792905122116,0.475088061553892,0.00394215473150289,397.2035493,601.9176221,990.36,0.721971073,136.75468570654385
857,449.068,0.716105959857554,0.413285931480038,898.136,2017_yk_110,Yukon,2016,0.714706839860571,0.479795531183612,0.00470746962971991,397.2035493,601.9176221,990.36,0.721971073,136.75468570654385
858,449.592,0.712458901709964,0.434638609218847,899.184,2017_yk_110,Yukon,2016,0.714597805598625,0.483839600808929,0.00404406962531706,397.2035493,601.9176221,990.36,0.721971073,136.75468570654385
859,450.116,0.71329094533019,0.442874474579124,900.232,2017_yk_110,Yukon,2016,0.7144579598399,0.487659492070575,0.00381989126164578,397.2035493,601.9176221,990.36,0.721971073,136.75468570654385
860,450.64,0.712491499696096,0.446414091469888,901.28,2017_yk_110,Yukon,2016,0.714407152269925,0.491601392853748,0.00394190078317275,397.2035493,601.9176221,990.36,0.721971073,136.75468570654385
861,451.164,0.715914220202493,0.446398135175837,902.328,2017_yk_110,Yukon,2016,0.714327150433908,0.495670938569581,0.00406954571583318,397.2035493,601.9176221,990.36,0.721971073,136.75468570654385
862,451.688,0.715748717704045,0.453201064145656,903.376,2017_yk_110,Yukon,2016,0.714226942366026,0.49935583837593,0.0036848998063494,397.2035493,601.9176221,990.36,0.721971073,136.75468570654385
863,452.212,0.714167589762064,0.480014601414261,904.424,2017_yk_110,Yukon,2016,0.714143173023859,0.503812190905819,0.00445635252988857,397.2035493,601.9176221,990.36,0.721971073,136.75468570654385
864,452.736,0.715840562612394,0.466156651172843,905.472,2017_yk_110,Yukon,2016,0.714057548618914,0.509183272874064,0.00537108196824443,397.2035493,601.9176221,990.36,0.721971073,136.75468570654385
865,453.26,0.713238727792904,0.449133997140293,906.52,2017_yk_110,Yukon,2016,0.713980433393823,0.515249140980792,0.00606586810672827,397.2035493,601.9176221,990.36,0.721971073,136.75468570654385
866,453.784,0.714748607004804,0.478410277244124,907.568,2017_yk_110,Yukon,2016,0.713874552965914,0.520472959563666,0.00522381858287468,397.2035493,601.9176221,990.36,0.721971073,136.75468570654385
867,454.308,0.715091308025219,0.517465128908494,908.616,2017_yk_110,Yukon,2016,0.713742710788795,0.526676913473886,0.00620395391021966,397.2035493,601.9176221,990.36,0.721971073,136.75468570654385
868,454.832,0.713906294761791,0.502356371041027,909.664,2017_yk_110,Yukon,2016,0.713662227890921,0.532915722314736,0.00623880884085015,397.2035493,601.9176221,990.36,0.721971073,136.75468570654385
869,455.356,0.715804184166459,0.480969742792654,910.712,2017_yk_110,Yukon,2016,0.713556276236669,0.539559856282774,0.00664413396803742,397.2035493,601.9176221,990.36,0.721971073,136.75468570654385
870,455.88,0.712628900421068,0.508641109409889,911.76,2017_yk_110,Yukon,2016,0.713461814873224,0.545308522420682,0.00574866613790792,397.2035493,601.9176221,990.36,0.721971073,136.75468570654385
871,456.404,0.716367382169776,0.515306527657983,912.808,2017_yk_110,Yukon,2016,0.713414429363942,0.551753446311187,0.00644492389050533,397.2035493,601.9176221,990.36,0.721971073,136.75468570654385
872,456.928,0.711105856876053,0.493134242077707,913.856,2017_yk_110,Yukon,2016,0.71326161373103,0.558715326391196,0.0069618800800092,397.2035493,601.9176221,990.36,0.721971073,136.75468570654385
873,457.452,0.713748599556824,0.474770165733625,914.904,2017_yk_110,Yukon,2016,0.713176356093762,0.56598798905772,0.00727266266652438,397.2035493,601.9176221,990.36,0.721971073,136.75468570654385
874,457.976,0.714615523258438,0.501535642895347,915.952,2017_yk_110,Yukon,2016,0.713115813418852,0.572824289649861,0.0068363005921408,397.2035493,601.9176221,990.36,0.721971073,136.75468570654385
875,458.5,0.710026876748258,0.546120846902958,917,2017_yk_110,Yukon,2016,0.713048711823928,0.579836475297197,0.00701218564733608,397.2035493,601.9176221,990.36,0.721971073,136.75468570654385
876,459.024,0.713495502907671,0.524539232660077,918.048,2017_yk_110,Yukon,2016,0.712972791954063,0.586953363890864,0.00711688859366666,397.2035493,601.9176221,990.36,0.721971073,136.75468570654385
877,459.548,0.712219079494451,0.537712239488593,919.096,2017_yk_110,Yukon,2016,0.712883549683549,0.594218883036873,0.0072655191460087,397.2035493,601.9176221,990.36,0.721971073,136.75468570654385
878,460.072,0.71393436529146,0.570401048550914,920.144,2017_yk_110,Yukon,2016,0.712847038583868,0.601191985230866,0.0069731021939935,397.2035493,601.9176221,990.36,0.721971073,136.75468570654385
879,460.596,0.71320176812854,0.598436965158842,921.192,2017_yk_110,Yukon,2016,0.712754631581906,0.609171691296979,0.00797970606611231,397.2035493,601.9176221,990.36,0.721971073,136.75468570654385
880,461.12,0.712102994818227,0.611330696834029,922.24,2017_yk_110,Yukon,2016,0.712628208590275,0.618392206738567,0.00922051544158886,397.2035493,601.9176221,990.36,0.721971073,136.75468570654385
881,461.644,0.710881703608594,0.608633283331253,923.288,2017_yk_110,Yukon,2016,0.712590622676891,0.627789932251085,0.00939772551251794,397.2035493,601.9176221,990.36,0.721971073,136.75468570654385
882,462.168,0.71205431594418,0.635196520534929,924.336,2017_yk_110,Yukon,2016,0.712469711837192,0.637022854553397,0.00923292230231165,397.2035493,601.9176221,990.36,0.721971073,136.75468570654385
883,462.692,0.712043247140914,0.660824536655773,925.384,2017_yk_110,Yukon,2016,0.712413737666602,0.645993585698079,0.00897073114468228,397.2035493,601.9176221,990.36,0.721971073,136.75468570654385
884,463.216,0.711675883384837,0.627841650404755,926.432,2017_yk_110,Yukon,2016,0.712300716162203,0.655385647710453,0.0093920620123733,397.2035493,601.9176221,990.36,0.721971073,136.75468570654385
885,463.74,0.710112692076872,0.606755828933495,927.48,2017_yk_110,Yukon,2016,0.712235078793384,0.664621829253303,0.00923618154285066,397.2035493,601.9176221,990.36,0.721971073,136.75468570654385
886,464.264,0.712557196159833,0.658065944747704,928.528,2017_yk_110,Yukon,2016,0.712141009947096,0.673764754801521,0.00914292554821816,397.2035493,601.9176221,990.36,0.721971073,136.75468570654385
887,464.788,0.712357518255226,0.709523836277614,929.576,2017_yk_110,Yukon,2016,0.712045251096397,0.683298189124182,0.00953343432266107,397.2035493,601.9176221,990.36,0.721971073,136.75468570654385
888,465.312,0.710782857908901,0.673813666492692,930.624,2017_yk_110,Yukon,2016,0.712004626590335,0.692312922054006,0.00901473292982358,397.2035493,601.9176221,990.36,0.721971073,136.75468570654385
889,465.836,0.709365812693077,0.644406113554068,931.672,2017_yk_110,Yukon,2016,0.711955991013279,0.701002776122053,0.00868985406804712,397.2035493,601.9176221,990.36,0.721971073,136.75468570654385
890,466.36,0.711815224667947,0.649575828185066,932.72,2017_yk_110,Yukon,2016,0.711912993903896,0.708719120387862,0.00771634426580847,397.2035493,601.9176221,990.36,0.721971073,136.75468570654385
891,466.884,0.711911156320432,0.676126937180808,933.768,2017_yk_110,Yukon,2016,0.711825129544715,0.716718972898547,0.00799985251068536,397.2035493,601.9176221,990.36,0.721971073,136.75468570654385
892,467.408,0.710451426195552,0.653200510718002,934.816,2017_yk_110,Yukon,2016,0.711743036386311,0.725689520472413,0.00897054757386639,397.2035493,601.9176221,990.36,0.721971073,136.75468570654385
893,467.932,0.710454046065606,0.689382268070583,935.864,2017_yk_110,Yukon,2016,0.711666929507245,0.73483502364879,0.00914550317637697,397.2035493,601.9176221,990.36,0.721971073,136.75468570654385
894,468.456,0.710828570264395,0.743782613456838,936.912,2017_yk_110,Yukon,2016,0.711574391945134,0.743350105602787,0.00851508195399675,397.2035493,601.9176221,990.36,0.721971073,136.75468570654385
895,468.98,0.711710905598269,0.789096967250834,937.96,2017_yk_110,Yukon,2016,0.711518766062319,0.75207754550105,0.00872743989826308,397.2035493,601.9176221,990.36,0.721971073,136.75468570654385
896,469.504,0.711025833661659,0.7447811084972,939.008,2017_yk_110,Yukon,2016,0.711433336407023,0.761073779187929,0.00899623368687863,397.2035493,601.9176221,990.36,0.721971073,136.75468570654385
897,470.028,0.71011454755896,0.78200530236004,940.056,2017_yk_110,Yukon,2016,0.711349258628659,0.770481526677018,0.00940774748908868,397.2035493,601.9176221,990.36,0.721971073,136.75468570654385
898,470.552,0.710738555875382,0.809377985179602,941.104,2017_yk_110,Yukon,2016,0.711291228278065,0.779103785779741,0.00862225910272318,397.2035493,601.9176221,990.36,0.721971073,136.75468570654385
899,471.076,0.710316791596972,0.833197163237343,942.152,2017_yk_110,Yukon,2016,0.711185043391424,0.787887807589209,0.00878402180946791,397.2035493,601.9176221,990.36,0.721971073,136.75468570654385
900,471.6,0.71210007369696,0.778900879517686,943.2,2017_yk_110,Yukon,2016,0.711144472503923,0.796655662556109,0.00876785496690013,397.2035493,601.9176221,990.36,0.721971073,136.75468570654385
901,472.124,0.711099406017573,0.802613445386307,944.248,2017_yk_110,Yukon,2016,0.711045012230943,0.805148234627425,0.0084925720713166,397.2035493,601.9176221,990.36,0.721971073,136.75468570654385
902,472.648,0.709634205813926,0.850559891660658,945.296,2017_yk_110,Yukon,2016,0.711029395466967,0.813217269074807,0.00806903444738127,397.2035493,601.9176221,990.36,0.721971073,136.75468570654385
903,473.172,0.710612207859873,0.883177760373693,946.344,2017_yk_110,Yukon,2016,0.710953179615662,0.821864477425717,0.00864720835091004,397.2035493,601.9176221,990.36,0.721971073,136.75468570654385
904,473.696,0.711162479138103,0.848104758852056,947.392,2017_yk_110,Yukon,2016,0.710894178783445,0.830772835298176,0.00890835787245969,397.2035493,601.9176221,990.36,0.721971073,136.75468570654385
905,474.22,0.710796894795833,0.837302484837351,948.44,2017_yk_110,Yukon,2016,0.710879557031636,0.838377967816544,0.00760513251836803,397.2035493,601.9176221,990.36,0.721971073,136.75468570654385
906,474.744,0.711414340517332,0.854684809955202,949.488,2017_yk_110,Yukon,2016,0.710824184704506,0.845930645218969,0.0075526774024246,397.2035493,601.9176221,990.36,0.721971073,136.75468570654385
907,475.268,0.711789581048407,0.84844060526221,950.536,2017_yk_110,Yukon,2016,0.710793627923553,0.853681809975042,0.00775116475607274,397.2035493,601.9176221,990.36,0.721971073,136.75468570654385
908,475.792,0.711316139170465,0.825969532502206,951.584,2017_yk_110,Yukon,2016,0.7107173656206,0.86189722686163,0.00821541688658833,397.2035493,601.9176221,990.36,0.721971073,136.75468570654385
909,476.316,0.710670130888399,0.874306548086672,952.632,2017_yk_110,Yukon,2016,0.710647914552654,0.870106040048974,0.00820881318734423,397.2035493,601.9176221,990.36,0.721971073,136.75468570654385
910,476.84,0.710229492629776,0.964369541112783,953.68,2017_yk_110,Yukon,2016,0.710612732935186,0.876584849785848,0.00647880973687331,397.2035493,601.9176221,990.36,0.721971073,136.75468570654385
911,477.364,0.711635575936995,1.00105728332408,954.728,2017_yk_110,Yukon,2016,0.710603967372312,0.883089405224914,0.0065045554390667,397.2035493,601.9176221,990.36,0.721971073,136.75468570654385
912,477.888,0.709873696979802,0.985961265811089,955.776,2017_yk_110,Yukon,2016,0.710562986495144,0.890903926696199,0.00781452147128447,397.2035493,601.9176221,990.36,0.721971073,136.75468570654385
913,478.412,0.710742961575724,0.969769454470719,956.824,2017_yk_110,Yukon,2016,0.710534168822979,0.898140150013144,0.00723622331694496,397.2035493,601.9176221,990.36,0.721971073,136.75468570654385
914,478.936,0.710972965562344,1.01447031928797,957.872,2017_yk_110,Yukon,2016,0.710492712698603,0.903695027060206,0.00555487704706181,397.2035493,601.9176221,990.36,0.721971073,136.75468570654385
915,479.46,0.710448511970654,1.00834516399997,958.92,2017_yk_110,Yukon,2016,0.710486736392514,0.90975774755919,0.00606272049898471,397.2035493,601.9176221,990.36,0.721971073,136.75468570654385
916,479.984,0.710509279949224,0.989015685429067,959.968,2017_yk_110,Yukon,2016,0.710441810190675,0.916524593173323,0.00676684561413254,397.2035493,601.9176221,990.36,0.721971073,136.75468570654385
917,480.508,0.710360428815673,0.985291990839707,961.016,2017_yk_110,Yukon,2016,0.710403911656166,0.921763929204852,0.00523933603152937,397.2035493,601.9176221,990.36,0.721971073,136.75468570654385
918,481.032,0.710021431346243,0.975522585008259,962.064,2017_yk_110,Yukon,2016,0.710412495151075,0.925743823011272,0.00397989380641994,397.2035493,601.9176221,990.36,0.721971073,136.75468570654385
919,481.556,0.710372810706774,0.964265718661949,963.112,2017_yk_110,Yukon,2016,0.710422172043974,0.930611924153919,0.00486810114264724,397.2035493,601.9176221,990.36,0.721971073,136.75468570654385
920,482.08,0.709911673133139,0.909394747418393,964.16,2017_yk_110,Yukon,2016,0.710385826438175,0.936917734025232,0.00630580987131246,397.2035493,601.9176221,990.36,0.721971073,136.75468570654385
921,482.604,0.710642358651638,0.926389285816958,965.208,2017_yk_110,Yukon,2016,0.710378345133667,0.94187054494261,0.00495281091737854,397.2035493,601.9176221,990.36,0.721971073,136.75468570654385
922,483.128,0.710823128199824,0.991433918577645,966.256,2017_yk_110,Yukon,2016,0.710377441525361,0.946166133377561,0.0042955884349507,397.2035493,601.9176221,990.36,0.721971073,136.75468570654385
923,483.652,0.709601177018088,1.02874479199688,967.304,2017_yk_110,Yukon,2016,0.710376720403705,0.949653553590146,0.00348742021258508,397.2035493,601.9176221,990.36,0.721971073,136.75468570654385
924,484.176,0.710288308885715,0.977061568412653,968.352,2017_yk_110,Yukon,2016,0.710360769290477,0.95374291721781,0.00408936362766388,397.2035493,601.9176221,990.36,0.721971073,136.75468570654385
925,484.7,0.709901174824008,0.972780391036071,969.4,2017_yk_110,Yukon,2016,0.710344681376674,0.957003909502744,0.00326099228493371,397.2035493,601.9176221,990.36,0.721971073,136.75468570654385
926,485.224,0.709622827687034,1.01818429845684,970.448,2017_yk_110,Yukon,2016,0.710335837766666,0.960514830854385,0.0035109213516411,397.2035493,601.9176221,990.36,0.721971073,136.75468570654385
927,485.748,0.710046641323416,1.08192997825381,971.496,2017_yk_110,Yukon,2016,0.710334426580872,0.964609308150926,0.00409447729654089,397.2035493,601.9176221,990.36,0.721971073,136.75468570654385
928,486.272,0.710424473726158,1.01969191720442,972.544,2017_yk_110,Yukon,2016,0.710326543376377,0.96907543596671,0.00446612781578393,397.2035493,601.9176221,990.36,0.721971073,136.75468570654385
929,486.796,0.70943309096798,1.00801105136072,973.592,2017_yk_110,Yukon,2016,0.710350563735046,0.973142641525313,0.00406720555860374,397.2035493,601.9176221,990.36,0.721971073,136.75468570654385
930,487.32,0.710194647171013,1.0347124074239,974.64,2017_yk_110,Yukon,2016,0.710302886551499,0.977976042524481,0.00483340099916751,397.2035493,601.9176221,990.36,0.721971073,136.75468570654385
931,487.844,0.710399765790997,1.02486085193698,975.688,2017_yk_110,Yukon,2016,0.710287043581129,0.982869396503531,0.00489335397905,397.2035493,601.9176221,990.36,0.721971073,136.75468570654385
932,488.368,0.71016885103746,0.977276308920588,976.736,2017_yk_110,Yukon,2016,0.710286068785605,0.988261942638372,0.00539254613484064,397.2035493,601.9176221,990.36,0.721971073,136.75468570654385
933,488.892,0.709175648478563,0.99360266678823,977.784,2017_yk_110,Yukon,2016,0.710259872006873,0.992172153552257,0.00391021091388521,397.2035493,601.9176221,990.36,0.721971073,136.75468570654385
934,489.416,0.711075473325366,1.03603711524293,978.832,2017_yk_110,Yukon,2016,0.710242683371144,0.99555290289322,0.00338074934096311,397.2035493,601.9176221,990.36,0.721971073,136.75468570654385
935,489.94,0.709149571639719,1.00242879800504,979.88,2017_yk_110,Yukon,2016,0.710240676576479,0.999266173966856,0.00371327107363573,397.2035493,601.9176221,990.36,0.721971073,136.75468570654385
936,490.464,0.710173163279911,0.977699876805556,980.928,2017_yk_110,Yukon,2016,0.710220540189676,1.00308941157871,0.00382323761185632,397.2035493,601.9176221,990.36,0.721971073,136.75468570654385
937,490.988,0.710385672637273,1.00278212485296,981.976,2017_yk_110,Yukon,2016,0.710181570926597,1.00780509616197,0.00471568458325522,397.2035493,601.9176221,990.36,0.721971073,136.75468570654385
938,491.512,0.709358627114243,1.06332606174621,983.024,2017_yk_110,Yukon,2016,0.710158752322572,1.01345687221286,0.00565177605089495,397.2035493,601.9176221,990.36,0.721971073,136.75468570654385
939,492.036,0.709034704051771,1.0909657563995,984.072,2017_yk_110,Yukon,2016,0.710159831835826,1.01763775897216,0.0041808867592954,397.2035493,601.9176221,990.36,0.721971073,136.75468570654385
940,492.56,0.709992097770168,1.00005928104643,985.12,2017_yk_110,Yukon,2016,0.710155755186999,1.0209884240575,0.00335066508534609,397.2035493,601.9176221,990.36,0.721971073,136.75468570654385
941,493.084,0.71035576983618,0.998906609675251,986.168,2017_yk_110,Yukon,2016,0.710131410577389,1.02360809683571,0.00261967277820641,397.2035493,601.9176221,990.36,0.721971073,136.75468570654385
942,493.608,0.709595463314088,1.104067808812,987.216,2017_yk_110,Yukon,2016,0.710144570855775,1.0254525886328,0.00184449179708857,397.2035493,601.9176221,990.36,0.721971073,136.75468570654385
943,494.132,0.710314186811015,1.09499793567247,988.264,2017_yk_110,Yukon,2016,0.710114007654835,1.02828947324927,0.00283688461647302,397.2035493,601.9176221,990.36,0.721971073,136.75468570654385
944,494.656,0.709188515922308,0.961134273228457,989.312,2017_yk_110,Yukon,2016,0.710119659078154,1.02985439031602,0.00156491706674933,397.2035493,601.9176221,990.36,0.721971073,136.75468570654385
945,495.18,0.709754113711528,0.97051905887257806,990.36,2017_yk_110,Yukon,2016,0.710106685401513,1.03056310210611,7.0871179008991e-4,397.2035493,601.9176221,990.36,0.721971073,136.75468570654385
946,495.704,0.709861624049438,1.06407668159566,991.408,2017_yk_110,Yukon,2016,0.7101067513036,1.03102357085898,4.6046875287353e-4,397.2035493,601.9176221,990.36,0.721971073,136.75468570654385
947,496.228,0.710083606184726,1.02388399816938,992.456,2017_yk_110,Yukon,2016,0.710095709905042,1.03227780790082,0.00125423704183714,397.2035493,601.9176221,990.36,0.721971073,136.75468570654385
948,496.752,0.711297867603447,0.91260729487789,993.504,2017_yk_110,Yukon,2016,0.710077314799676,1.03466698567673,0.00238917777591063,397.2035493,601.9176221,990.36,0.721971073,136.75468570654385
949,497.276,0.709946426266997,0.936492182112904,994.552,2017_yk_110,Yukon,2016,0.710062974114475,1.03620508085191,0.00153809517517556,397.2035493,601.9176221,990.36,0.721971073,136.75468570654385
950,497.8,0.709634488320014,1.02792442046381,995.6,2017_yk_110,Yukon,2016,0.71006185831539,1.03772463489911,0.00151955404719906,397.2035493,601.9176221,990.36,0.721971073,136.75468570654385
951,498.324,0.711462278049955,0.973295592223521,996.648,2017_yk_110,Yukon,2016,0.710038394081506,1.04096372405723,0.00323908915812177,397.2035493,601.9176221,990.36,0.721971073,136.75468570654385
952,498.848,0.71039720969718,0.910935816815044,997.696,2017_yk_110,Yukon,2016,0.71002663782417,1.04333440760712,0.00237068354989556,397.2035493,601.9176221,990.36,0.721971073,136.75468570654385
953,499.372,0.71041077876627,0.898627480825687,998.744,2017_yk_110,Yukon,2016,0.710040774710075,1.0443233686933,9.8896108617285e-4,397.2035493,601.9176221,990.36,0.721971073,136.75468570654385
954,499.896,0.709871503470671,0.989144431116675,999.792,2017_yk_110,Yukon,2016,0.710045440131921,1.0476809206703,0.00335755197700149,397.2035493,601.9176221,990.36,0.721971073,136.75468570654385
955,500.42,0.710745630770118,0.984756504346854,1000.84,2017_yk_110,Yukon,2016,0.710045616238092,1.05146658110726,0.00378566043695794,397.2035493,601.9176221,990.36,0.721971073,136.75468570654385
956,500.944,0.710495217061184,0.955436389595667,1001.888,2017_yk_110,Yukon,2016,0.710059559367227,1.05394102642101,0.00247444531375707,397.2035493,601.9176221,990.36,0.721971073,136.75468570654385
957,501.468,0.710029876411279,1.02767394015249,1002.936,2017_yk_110,Yukon,2016,0.710044589339946,1.05485035871055,9.0933228953993e-4,397.2035493,601.9176221,990.36,0.721971073,136.75468570654385
958,501.992,0.710265563605719,1.07734565412664,1003.984,2017_yk_110,Yukon,2016,0.710031523540285,1.05690635191149,0.00205599320094052,397.2035493,601.9176221,990.36,0.721971073,136.75468570654385
959,502.516,0.711758013117135,1.07722949675356,1005.032,2017_yk_110,Yukon,2016,0.710037758142675,1.05936638514351,0.0024600332320186,397.2035493,601.9176221,990.36,0.721971073,136.75468570654385
960,503.04,0.709239442684082,1.06890493946773,1006.08,2017_yk_110,Yukon,2016,0.710035355879732,1.06225564886297,0.0028892637194553,397.2035493,601.9176221,990.36,0.721971073,136.75468570654385
961,503.564,0.710148827795428,1.09621468412931,1007.128,2017_yk_110,Yukon,2016,0.710020398155335,1.06451080175723,0.00225515289425804,397.2035493,601.9176221,990.36,0.721971073,136.75468570654385
962,504.088,0.70957571808246,1.17411265975109,1008.176,2017_yk_110,Yukon,2016,0.710019090306587,1.06785485141954,0.0033440496623105,397.2035493,601.9176221,990.36,0.721971073,136.75468570654385
963,504.612,0.709040401135988,1.1177904152068,1009.224,2017_yk_110,Yukon,2016,0.710022204687214,1.07082710632737,0.00297225490783637,397.2035493,601.9176221,990.36,0.721971073,136.75468570654385
964,505.136,0.710131160994344,1.05094971930984,1010.272,2017_yk_110,Yukon,2016,0.709988958962343,1.07228278222566,0.00145567589828399,397.2035493,601.9176221,990.36,0.721971073,136.75468570654385
965,505.66,0.710676487115932,1.0600987492555,1011.32,2017_yk_110,Yukon,2016,0.710007196923083,1.07389528652953,0.00161250430387327,397.2035493,601.9176221,990.36,0.721971073,136.75468570654385
966,506.184,0.710206157309155,1.08407906666657,1012.368,2017_yk_110,Yukon,2016,0.709999601794215,1.0767679880959,0.00287270156637365,397.2035493,601.9176221,990.36,0.721971073,136.75468570654385
967,506.708,0.709451425263632,1.13138168025753,1013.416,2017_yk_110,Yukon,2016,0.710008518911416,1.08014426993544,0.00337628183953975,397.2035493,601.9176221,990.36,0.721971073,136.75468570654385
968,507.232,0.709947022928979,1.16507609555591,1014.464,2017_yk_110,Yukon,2016,0.71000125884386,1.08111675905192,9.7248911648084e-4,397.2035493,601.9176221,990.36,0.721971073,136.75468570654385
969,507.756,0.71073490168364,1.1251597536444,1015.512,2017_yk_110,Yukon,2016,0.710028220079279,1.08054151695334,-5.7524209858406e-4,397.2035493,601.9176221,990.36,0.721971073,136.75468570654385
970,508.28,0.709984893700172,1.16540944623355,1016.56,2017_yk_110,Yukon,2016,0.710026631798476,1.08262635158142,0.00208483462807951,397.2035493,601.9176221,990.36,0.721971073,136.75468570654385
971,508.804,0.710174899360391,1.15823765001645,1017.608,2017_yk_110,Yukon,2016,0.710011488189078,1.08556628926877,0.00293993768734779,397.2035493,601.9176221,990.36,0.721971073,136.75468570654385
972,509.328,0.710663313682949,1.09663077363641,1018.656,2017_yk_110,Yukon,2016,0.709992256321559,1.0850792614879,-4.8702778087106e-4,397.2035493,601.9176221,990.36,0.721971073,136.75468570654385
973,509.852,0.708909169519355,1.13998253145911,1019.704,2017_yk_110,Yukon,2016,0.709985414798667,1.08458223274231,-4.9702874558232e-4,397.2035493,601.9176221,990.36,0.721971073,136.75468570654385
974,510.376,0.711312050961476,1.10836534329293,1020.752,2017_yk_110,Yukon,2016,0.709994468738308,1.08730204794038,0.00271981519806519,397.2035493,601.9176221,990.36,0.721971073,136.75468570654385
975,510.9,0.709670091372201,1.05086787140536,1021.8,2017_yk_110,Yukon,2016,0.70999289907685,1.09073379763263,0.00343174969225513,397.2035493,601.9176221,990.36,0.721971073,136.75468570654385
976,511.424,0.71051323407442,1.01664381060148,1022.848,2017_yk_110,Yukon,2016,0.709987413557379,1.09167504538487,9.4124775223636e-4,397.2035493,601.9176221,990.36,0.721971073,136.75468570654385
977,511.948,0.709697944902221,1.06054621334994,1023.896,2017_yk_110,Yukon,2016,0.709973523407854,1.09239464148576,7.1959610089411e-4,397.2035493,601.9176221,990.36,0.721971073,136.75468570654385
978,512.472,0.708917725024249,1.11887325156289,1024.944,2017_yk_110,Yukon,2016,0.709944781688746,1.09670791635218,0.00431327486641808,397.2035493,601.9176221,990.36,0.721971073,136.75468570654385
979,512.996,0.709512369594692,1.05655142917249,1025.992,2017_yk_110,Yukon,2016,0.70991531073001,1.10014473113868,0.00343681478649316,397.2035493,601.9176221,990.36,0.721971073,136.75468570654385
980,513.52,0.709844725188089,1.00056799025033,1027.04,2017_yk_110,Yukon,2016,0.709921965745488,1.1011970133202,0.00105228218152731,397.2035493,601.9176221,990.36,0.721971073,136.75468570654385
981,514.044,0.709234504618561,1.12073463530427,1028.088,2017_yk_110,Yukon,2016,0.709877755196295,1.10310882062664,0.00191180730643636,397.2035493,601.9176221,990.36,0.721971073,136.75468570654385
982,514.568,0.710117752759665,1.13367493157138,1029.136,2017_yk_110,Yukon,2016,0.709864560989297,1.10636431613719,0.00325549551054616,397.2035493,601.9176221,990.36,0.721971073,136.75468570654385
983,515.092,0.710449390172418,1.08808245716725,1030.184,2017_yk_110,Yukon,2016,0.709860582579736,1.1102562413180601,0.00389192518087755,397.2035493,601.9176221,990.36,0.721971073,136.75468570654385
984,515.616,0.710568234196477,1.17851468703274,1031.232,2017_yk_110,Yukon,2016,0.709863817850483,1.111504899863,0.00124865854494161,397.2035493,601.9176221,990.36,0.721971073,136.75468570654385
985,516.14,0.709911741194251,1.19992001725355,1032.28,2017_yk_110,Yukon,2016,0.709836980819137,1.11274151218516,0.00123661232215189,397.2035493,601.9176221,990.36,0.721971073,136.75468570654385
986,516.664,0.710459415435128,1.16665101728228,1033.328,2017_yk_110,Yukon,2016,0.709813855036753,1.11525074386531,0.00250923168015094,397.2035493,601.9176221,990.36,0.721971073,136.75468570654385
987,517.188,0.709148439686544,1.13648991562621,1034.376,2017_yk_110,Yukon,2016,0.709800629832069,1.1165131990385,0.00126245517319545,397.2035493,601.9176221,990.36,0.721971073,136.75468570654385
988,517.712,0.709640525746515,1.14305150926085,1035.424,2017_yk_110,Yukon,2016,0.709784020337231,1.11584934653018,-6.6385250832046e-4,397.2035493,601.9176221,990.36,0.721971073,136.75468570654385
989,518.236,0.709807167111365,1.15561304528184,1036.472,2017_yk_110,Yukon,2016,0.709763143683692,1.11507009493112,-7.7925159906389e-4,397.2035493,601.9176221,990.36,0.721971073,136.75468570654385
990,518.76,0.710050511394459,1.20806823059121,1037.52,2017_yk_110,Yukon,2016,0.7097591264308,1.11512839111311,5.82961819863836e-5,397.2035493,601.9176221,990.36,0.721971073,136.75468570654385
991,519.284,0.709502302327149,1.16017002559247,1038.568,2017_yk_110,Yukon,2016,0.709759341760188,1.11440985245155,-7.1853866155646e-4,397.2035493,601.9176221,990.36,0.721971073,136.75468570654385
992,519.808,0.71009038011256,1.17791928865923,1039.616,2017_yk_110,Yukon,2016,0.709751562084352,1.1113328839222,-0.00307696852934591,397.2035493,601.9176221,990.36,0.721971073,136.75468570654385
993,520.332,0.709362511316229,1.17193796125842,1040.664,2017_yk_110,Yukon,2016,0.709748293857758,1.11042555089892,-9.073330232785e-4,397.2035493,601.9176221,990.36,0.721971073,136.75468570654385
994,520.856,0.709080729833052,1.12337766913996,1041.712,2017_yk_110,Yukon,2016,0.709741996477757,1.11166696426,0.00124141336107941,397.2035493,601.9176221,990.36,0.721971073,136.75468570654385
995,521.38,0.710243849284116,1.09917905623744,1042.76,2017_yk_110,Yukon,2016,0.709738674169785,1.11232504612161,6.5808186160643e-4,397.2035493,601.9176221,990.36,0.721971073,136.75468570654385
996,521.904,0.709717455547836,1.15006197078798,1043.808,2017_yk_110,Yukon,2016,0.709728727766241,1.11201579489363,-3.0925122797875e-4,397.2035493,601.9176221,990.36,0.721971073,136.75468570654385
997,522.428,0.710920699669356,1.20535903522535,1044.856,2017_yk_110,Yukon,2016,0.709725073186191,1.11095758795285,-0.00105820694078429,397.2035493,601.9176221,990.36,0.721971073,136.75468570654385
998,522.952,0.708923023060872,1.12167540873507,1045.904,2017_yk_110,Yukon,2016,0.709728188165451,1.11006536086807,-8.9222708477354e-4,397.2035493,601.9176221,990.36,0.721971073,136.75468570654385
999,523.476,0.710652378176915,1.05645123048446,1046.952,2017_yk_110,Yukon,2016,0.709703864811591,1.10828078188731,-0.00178457898076023,397.2035493,601.9176221,990.36,0.721971073,136.75468570654385
1000,524,0.709896800921991,1.12514935873119,1048,2017_yk_110,Yukon,2016,0.709694498303556,1.10540676183219,-0.00287402005512449,397.2035493,601.9176221,990.36,0.721971073,136.75468570654385
1001,524.524,0.709447153272283,1.17530287091612,1049.048,2017_yk_110,Yukon,2016,0.709673562316651,1.10482713423377,-5.7962759841401e-4,397.2035493,601.9176221,990.36,0.721971073,136.75468570654385
1002,525.048,0.70844155126296,1.07484614195975,1050.096,2017_yk_110,Yukon,2016,0.709657359917505,1.10518633761412,3.5920338034611e-4,397.2035493,601.9176221,990.36,0.721971073,136.75468570654385
1003,525.572,0.709903695437524,1.06517621093753,1051.144,2017_yk_110,Yukon,2016,0.709659627445739,1.10377587139939,-0.00141046621472718,397.2035493,601.9176221,990.36,0.721971073,136.75468570654385
1004,526.096,0.70973175230077,1.12432318511237,1052.192,2017_yk_110,Yukon,2016,0.70962922525303,1.10186004555701,-0.00191582584238037,397.2035493,601.9176221,990.36,0.721971073,136.75468570654385
1005,526.62,0.709659934024072,1.17642404040789,1053.24,2017_yk_110,Yukon,2016,0.70964625102357,1.1017984342499,-6.16113071185698e-5,397.2035493,601.9176221,990.36,0.721971073,136.75468570654385
1006,527.144,0.709532492881133,1.12055154672984,1054.288,2017_yk_110,Yukon,2016,0.709614287538631,1.10337428640697,0.00157585215707701,397.2035493,601.9176221,990.36,0.721971073,136.75468570654385
1007,527.668,0.709250197213213,1.06705976422302,1055.336,2017_yk_110,Yukon,2016,0.709627411204059,1.10443611663018,0.00106183022320749,397.2035493,601.9176221,990.36,0.721971073,136.75468570654385
1008,528.192,0.709573364457004,1.17140378686297,1056.384,2017_yk_110,Yukon,2016,0.709647854692812,1.10364905741893,-7.8705921124755e-4,397.2035493,601.9176221,990.36,0.721971073,136.75468570654385
1009,528.716,0.708178168742833,1.14270106930249,1057.432,2017_yk_110,Yukon,2016,0.709652457215814,1.1044579653147,8.0890789576781e-4,397.2035493,601.9176221,990.36,0.721971073,136.75468570654385
1010,529.24,0.71003378924867,1.09106135135546,1058.48,2017_yk_110,Yukon,2016,0.709660529378108,1.10654581852227,0.00208785320757254,397.2035493,601.9176221,990.36,0.721971073,136.75468570654385
1011,529.764,0.708809645098403,1.0880040306097,1059.528,2017_yk_110,Yukon,2016,0.709646917160473,1.10574457650046,-8.0124202181219e-4,397.2035493,601.9176221,990.36,0.721971073,136.75468570654385
1012,530.288,0.709605557277292,1.10626554744782,1060.576,2017_yk_110,Yukon,2016,0.709631021293985,1.10421426986581,-0.00153030663465104,397.2035493,601.9176221,990.36,0.721971073,136.75468570654385
1013,530.812,0.710172074192633,1.13214299167835,1061.624,2017_yk_110,Yukon,2016,0.70958596710381,1.10392715649124,-2.8711337457054e-4,397.2035493,601.9176221,990.36,0.721971073,136.75468570654385
1014,531.336,0.710065619715491,1.06406394381317,1062.672,2017_yk_110,Yukon,2016,0.709562411063179,1.10263609600795,-0.00129106048328564,397.2035493,601.9176221,990.36,0.721971073,136.75468570654385
1015,531.86,0.709135408889328,1.05895324367597,1063.72,2017_yk_110,Yukon,2016,0.70954127869254,1.10041292823305,-0.00222316777490073,397.2035493,601.9176221,990.36,0.721971073,136.75468570654385
1016,532.384,0.709107670118114,1.10599029040473,1064.768,2017_yk_110,Yukon,2016,0.709525307571456,1.09839024667673,-0.00202268155632224,397.2035493,601.9176221,990.36,0.721971073,136.75468570654385
1017,532.908,0.709236364130246,1.10342125054421,1065.816,2017_yk_110,Yukon,2016,0.709521427977449,1.09692362160441,-0.0014666250723232,397.2035493,601.9176221,990.36,0.721971073,136.75468570654385
1018,533.432,0.709268993915473,1.03751450362742,1066.864,2017_yk_110,Yukon,2016,0.709512210676658,1.09733228788853,4.0866628412539e-4,397.2035493,601.9176221,990.36,0.721971073,136.75468570654385
1019,533.956,0.710505413904787,1.03047440080973,1067.912,2017_yk_110,Yukon,2016,0.709509798307288,1.09611489969842,-0.00121738819011585,397.2035493,601.9176221,990.36,0.721971073,136.75468570654385
1020,534.48,0.708998407510576,1.07240271038691,1068.96,2017_yk_110,Yukon,2016,0.70950832008287,1.094429846428,-0.00168505327041246,397.2035493,601.9176221,990.36,0.721971073,136.75468570654385
1021,535.004,0.710161747558671,1.05310236443592,1070.008,2017_yk_110,Yukon,2016,0.709500894929471,1.09334118692451,-0.00108865950349668,397.2035493,601.9176221,990.36,0.721971073,136.75468570654385
1022,535.528,0.709108937532326,0.989494547990341,1071.056,2017_yk_110,Yukon,2016,0.709487142616299,1.09211719596948,-0.00122399095502757,397.2035493,601.9176221,990.36,0.721971073,136.75468570654385
1023,536.052,0.708844307540336,1.06335043381009,1072.104,2017_yk_110,Yukon,2016,0.709483606308881,1.08980303763949,-0.00231415832999038,397.2035493,601.9176221,990.36,0.721971073,136.75468570654385
1024,536.576,0.709753318194285,1.12543452097462,1073.152,2017_yk_110,Yukon,2016,0.709474433336162,1.08851183810125,-0.00129119953824364,397.2035493,601.9176221,990.36,0.721971073,136.75468570654385
1025,537.1,0.710477148637644,1.09958366095188,1074.2,2017_yk_110,Yukon,2016,0.709441736573518,1.08844885559572,-6.29825055207256e-5,397.2035493,601.9176221,990.36,0.721971073,136.75468570654385
1026,537.624,0.709609373096471,1.06552399298785,1075.248,2017_yk_110,Yukon,2016,0.709443635115298,1.08810640190141,-3.4245369431196e-4,397.2035493,601.9176221,990.36,0.721971073,136.75468570654385
1027,538.148,0.709232150460645,1.06788926381048,1076.296,2017_yk_110,Yukon,2016,0.709435264611078,1.08518228077335,-0.00292412112806062,397.2035493,601.9176221,990.36,0.721971073,136.75468570654385
1028,538.672,0.710133921684591,1.11154247046949,1077.344,2017_yk_110,Yukon,2016,0.709451315356839,1.08475159641312,-4.3068436023285e-4,397.2035493,601.9176221,990.36,0.721971073,136.75468570654385
1029,539.196,0.709275500452038,1.01808501479879,1078.392,2017_yk_110,Yukon,2016,0.709428685637353,1.08668391277019,0.00193231635706903,397.2035493,601.9176221,990.36,0.721971073,136.75468570654385
1030,539.72,0.709422903218039,0.992968242926076,1079.44,2017_yk_110,Yukon,2016,0.709433407427855,1.08685707939954,1.7316662935051e-4,397.2035493,601.9176221,990.36,0.721971073,136.75468570654385
1031,540.244,0.708918740146131,1.1234599941116,1080.488,2017_yk_110,Yukon,2016,0.709420351564774,1.08535939004774,-0.00149768935180172,397.2035493,601.9176221,990.36,0.721971073,136.75468570654385
1032,540.768,0.70969116973418,1.11818297645718,1081.536,2017_yk_110,Yukon,2016,0.709441052162468,1.08624468751619,8.85297468449e-4,397.2035493,601.9176221,990.36,0.721971073,136.75468570654385
1033,541.292,0.709045221213392,1.05535455857548,1082.584,2017_yk_110,Yukon,2016,0.709435460396014,1.08749458643442,0.00124989891823191,397.2035493,601.9176221,990.36,0.721971073,136.75468570654385
1034,541.816,0.709487919398939,0.9934157927501,1083.632,2017_yk_110,Yukon,2016,0.709423329536124,1.08781063833889,3.1605190447181e-4,397.2035493,601.9176221,990.36,0.721971073,136.75468570654385
1035,542.34,0.710691637604578,1.04717119297825,1084.68,2017_yk_110,Yukon,2016,0.709407922620125,1.08588759676377,-0.0019230415751236901,397.2035493,601.9176221,990.36,0.721971073,136.75468570654385
1036,542.864,0.708595424978086,1.11119494002609,1085.728,2017_yk_110,Yukon,2016,0.70941003540938,1.08527512936499,-6.1246739877685e-4,397.2035493,601.9176221,990.36,0.721971073,136.75468570654385
1037,543.388,0.710485364827886,1.12425602674239,1086.776,2017_yk_110,Yukon,2016,0.709421610493523,1.0872310787032,0.00195594933821419,397.2035493,601.9176221,990.36,0.721971073,136.75468570654385
1038,543.912,0.710144334349423,1.07164969888805,1087.824,2017_yk_110,Yukon,2016,0.709413690656831,1.08711930486209,-1.1177384111316e-4,397.2035493,601.9176221,990.36,0.721971073,136.75468570654385
1039,544.436,0.709788520974848,1.10508590291854,1088.872,2017_yk_110,Yukon,2016,0.709425809608051,1.08630850757175,-8.1079729033861e-4,397.2035493,601.9176221,990.36,0.721971073,136.75468570654385
1040,544.96,0.710329054925721,1.1258391827047,1089.92,2017_yk_110,Yukon,2016,0.709402756005505,1.08686681106736,5.5830349560714e-4,397.2035493,601.9176221,990.36,0.721971073,136.75468570654385
1041,545.484,0.708417771560467,1.07266011399553,1090.968,2017_yk_110,Yukon,2016,0.709416457242959,1.08842736879446,0.00156055772710095,397.2035493,601.9176221,990.36,0.721971073,136.75468570654385
1042,546.008,0.709164000770378,1.04185653349232,1092.016,2017_yk_110,Yukon,2016,0.709412894362486,1.08960816293553,0.00118079414106753,397.2035493,601.9176221,990.36,0.721971073,136.75468570654385
1043,546.532,0.707746138761915,1.07085565469303,1093.064,2017_yk_110,Yukon,2016,0.709397526780066,1.08937663699235,-2.3152594317332e-4,397.2035493,601.9176221,990.36,0.721971073,136.75468570654385
1044,547.056,0.709154871758612,1.1010510580356,1094.112,2017_yk_110,Yukon,2016,0.709394942607096,1.09060035665708,0.00122371966472445,397.2035493,601.9176221,990.36,0.721971073,136.75468570654385
1045,547.58,0.708643798955898,1.0665299507595,1095.16,2017_yk_110,Yukon,2016,0.709404637842863,1.0927632424434,0.00216288578632517,397.2035493,601.9176221,990.36,0.721971073,136.75468570654385
1046,548.104,0.709501148170126,1.04529012390294,1096.208,2017_yk_110,Yukon,2016,0.709399742490594,1.09409399922847,0.00133075678506711,397.2035493,601.9176221,990.36,0.721971073,136.75468570654385
1047,548.628,0.708915664046127,1.04849241128681,1097.256,2017_yk_110,Yukon,2016,0.709411930996512,1.09414231622895,4.83170004796918e-5,397.2035493,601.9176221,990.36,0.721971073,136.75468570654385
1048,549.152,0.709087487699022,1.16757148630839,1098.304,2017_yk_110,Yukon,2016,0.709427025028729,1.09553445238557,0.00139213615661693,397.2035493,601.9176221,990.36,0.721971073,136.75468570654385
1049,549.676,0.709662424949164,1.08256975387487,1099.352,2017_yk_110,Yukon,2016,0.709420483615547,1.09782773176302,0.00229327937745127,397.2035493,601.9176221,990.36,0.721971073,136.75468570654385
1050,550.2,0.709961817929421,1.10696503436647,1100.4,2017_yk_110,Yukon,2016,0.709428218695535,1.09955959160881,0.00173185984579072,397.2035493,601.9176221,990.36,0.721971073,136.75468570654385
1051,550.724,0.709056793123167,1.09485045538266,1101.448,2017_yk_110,Yukon,2016,0.709404385904948,1.10053329173237,9.7370012356479e-4,397.2035493,601.9176221,990.36,0.721971073,136.75468570654385
1052,551.248,0.709265241322266,1.10447983135758,1102.496,2017_yk_110,Yukon,2016,0.709400942661299,1.10354280644327,0.00300951471089661,397.2035493,601.9176221,990.36,0.721971073,136.75468570654385
1053,551.772,0.709150332871153,1.03308846145899,1103.544,2017_yk_110,Yukon,2016,0.709407425098128,1.10558986176469,0.0020470553214238,397.2035493,601.9176221,990.36,0.721971073,136.75468570654385
1054,552.296,0.708530351469882,1.04590569684535,1104.592,2017_yk_110,Yukon,2016,0.70939923391829,1.10511832950309,-4.7153226160934e-4,397.2035493,601.9176221,990.36,0.721971073,136.75468570654385
1055,552.82,0.708282043525496,1.09540010590618,1105.64,2017_yk_110,Yukon,2016,0.709378978827385,1.10409911734361,-0.0010192121594792,397.2035493,601.9176221,990.36,0.721971073,136.75468570654385
1056,553.344,0.709831368054629,1.12951474912927,1106.688,2017_yk_110,Yukon,2016,0.709366161964625,1.10498066510033,8.8154775672744e-4,397.2035493,601.9176221,990.36,0.721971073,136.75468570654385
1057,553.868,0.710418469416185,1.02991176754171,1107.736,2017_yk_110,Yukon,2016,0.709376564287096,1.10602214529812,0.00104148019779049,397.2035493,601.9176221,990.36,0.721971073,136.75468570654385
1058,554.392,0.709886067806509,1.09583434712108,1108.784,2017_yk_110,Yukon,2016,0.709363334489232,1.10611892481077,9.6779512643197e-5,397.2035493,601.9176221,990.36,0.721971073,136.75468570654385
1059,554.916,0.709294595007775,1.17239021190861,1109.832,2017_yk_110,Yukon,2016,0.709354030048164,1.10687197831616,7.5305350539345e-4,397.2035493,601.9176221,990.36,0.721971073,136.75468570654385
1060,555.44,0.710180108352112,1.13553935649221,1110.88,2017_yk_110,Yukon,2016,0.709356192533363,1.10844803021827,0.00157605190210997,397.2035493,601.9176221,990.36,0.721971073,136.75468570654385
1061,555.964,0.708663801487386,1.08544150980802,1111.928,2017_yk_110,Yukon,2016,0.709377752490012,1.10871364831542,0.00026561809715075003,397.2035493,601.9176221,990.36,0.721971073,136.75468570654385
1062,556.488,0.709683587124641,1.1279639900667,1112.976,2017_yk_110,Yukon,2016,0.709375414609651,1.10885846987527,1.4482155984874e-4,397.2035493,601.9176221,990.36,0.721971073,136.75468570654385
1063,557.012,0.709568189450279,1.14017014603145,1114.024,2017_yk_110,Yukon,2016,0.709380781748851,1.10972180954599,8.6333967071805e-4,397.2035493,601.9176221,990.36,0.721971073,136.75468570654385
1064,557.536,0.709003900707316,1.14328629938067,1115.072,2017_yk_110,Yukon,2016,0.709371169066029,1.11247897518243,0.00275716563644468,397.2035493,601.9176221,990.36,0.721971073,136.75468570654385
1065,558.06,0.708735519064192,1.06104154590048,1116.12,2017_yk_110,Yukon,2016,0.709338864489075,1.11436138892533,0.00188241374289833,397.2035493,601.9176221,990.36,0.721971073,136.75468570654385
1066,558.584,0.7096592602364,1.08380350280321,1117.168,2017_yk_110,Yukon,2016,0.709341175206238,1.11380208078191,-5.5930814341675e-4,397.2035493,601.9176221,990.36,0.721971073,136.75468570654385
1067,559.108,0.709944702261824,1.18441672451588,1118.216,2017_yk_110,Yukon,2016,0.709348879416283,1.11290424801008,-8.9783277183297e-4,397.2035493,601.9176221,990.36,0.721971073,136.75468570654385
1068,559.632,0.709098174255448,1.1646973563962,1119.264,2017_yk_110,Yukon,2016,0.709346248378405,1.11400483414384,0.0011005861337563,397.2035493,601.9176221,990.36,0.721971073,136.75468570654385
1069,560.156,0.708905305816054,1.09405323188217,1120.312,2017_yk_110,Yukon,2016,0.709340691299114,1.11567373269958,0.00166889855573782,397.2035493,601.9176221,990.36,0.721971073,136.75468570654385
1070,560.68,0.708650573095866,1.12455956109189,1121.36,2017_yk_110,Yukon,2016,0.709326374385051,1.11482994126354,-8.4379143603219e-4,397.2035493,601.9176221,990.36,0.721971073,136.75468570654385
1071,561.204,0.709631719345691,1.18163749423576,1122.408,2017_yk_110,Yukon,2016,0.709335891359762,1.11471320718116,-1.1673408238466e-4,397.2035493,601.9176221,990.36,0.721971073,136.75468570654385
1072,561.728,0.709391784448896,1.17711319591187,1123.456,2017_yk_110,Yukon,2016,0.709342780122538,1.1168389674793,0.00212576029813705,397.2035493,601.9176221,990.36,0.721971073,136.75468570654385
1073,562.252,0.709250019247419,1.11825143508794,1124.504,2017_yk_110,Yukon,2016,0.709381757821187,1.11784927149404,0.00101030401474289,397.2035493,601.9176221,990.36,0.721971073,136.75468570654385
1074,562.776,0.709910569337284,1.13748712369664,1125.552,2017_yk_110,Yukon,2016,0.709390491851928,1.11835593454739,5.0666305335078e-4,397.2035493,601.9176221,990.36,0.721971073,136.75468570654385
1075,563.3,0.709717123035351,1.18872639085547,1126.6,2017_yk_110,Yukon,2016,0.709407279686285,1.11943171559407,0.00107578104667816,397.2035493,601.9176221,990.36,0.721971073,136.75468570654385
1076,563.824,0.708813948981965,1.18583569750876,1127.648,2017_yk_110,Yukon,2016,0.709405937375441,1.12122636939154,0.00179465379747401,397.2035493,601.9176221,990.36,0.721971073,136.75468570654385
1077,564.348,0.709967674485327,1.10632027057298,1128.696,2017_yk_110,Yukon,2016,0.70942744382555,1.12343831250782,0.00221194311627881,397.2035493,601.9176221,990.36,0.721971073,136.75468570654385
1078,564.872,0.710174635848508,1.12104267302443,1129.744,2017_yk_110,Yukon,2016,0.709428754659928,1.12293201020336,-5.0630230446513e-4,397.2035493,601.9176221,990.36,0.721971073,136.75468570654385
1079,565.396,0.710112929113843,1.1680711634568,1130.792,2017_yk_110,Yukon,2016,0.70942323203407,1.12226994937691,-6.6206082644515e-4,397.2035493,601.9176221,990.36,0.721971073,136.75468570654385
1080,565.92,0.70946251230989,1.17631430113436,1131.84,2017_yk_110,Yukon,2016,0.709399344887368,1.11492138328613,-0.00734856609077994,397.2035493,601.9176221,990.36,0.721971073,136.75468570654385
1081,566.444,0.708731780123432,1.11152437184981,1132.888,2017_yk_110,Yukon,2016,0.709378509672208,1.10072763176428,-0.0141937515218462,397.2035493,601.9176221,990.36,0.721971073,136.75468570654385
1082,566.968,0.708902342913418,1.17006543064413,1133.936,2017_yk_110,Yukon,2016,NA,NA,NA,397.2035493,601.9176221,990.36,0.721971073,136.75468570654385
1083,567.492,0.709233253750067,1.18617375309552,1134.984,2017_yk_110,Yukon,2016,NA,NA,NA,397.2035493,601.9176221,990.36,0.721971073,136.75468570654385
1084,568.016,0.709261847404009,1.09714258527805,1136.032,2017_yk_110,Yukon,2016,NA,NA,NA,397.2035493,601.9176221,990.36,0.721971073,136.75468570654385
1085,568.54,0.709261843183345,1.03843093138314,1137.08,2017_yk_110,Yukon,2016,NA,NA,NA,397.2035493,601.9176221,990.36,0.721971073,136.75468570654385
1086,569.064,0.708840361330843,1.11841685839148,1138.128,2017_yk_110,Yukon,2016,NA,NA,NA,397.2035493,601.9176221,990.36,0.721971073,136.75468570654385
1087,569.588,0.709856289808933,1.13037807567792,1139.176,2017_yk_110,Yukon,2016,NA,NA,NA,397.2035493,601.9176221,990.36,0.721971073,136.75468570654385
1088,570.112,0.709340133812766,1.11734924122807,1140.224,2017_yk_110,Yukon,2016,NA,NA,NA,397.2035493,601.9176221,990.36,0.721971073,136.75468570654385
1089,570.636,0.708717233987914,1.06326822512241,1141.272,2017_yk_110,Yukon,2016,NA,NA,NA,397.2035493,601.9176221,990.36,0.721971073,136.75468570654385
1090,571.16,0.709552652329982,1.08753135705268,1142.32,2017_yk_110,Yukon,2016,NA,NA,NA,397.2035493,601.9176221,990.36,0.721971073,136.75468570654385
1091,571.684,0.710212337545094,1.13939707994065,1143.368,2017_yk_110,Yukon,2016,NA,NA,NA,397.2035493,601.9176221,990.36,0.721971073,136.75468570654385
1092,572.208,0.709550896912513,1.12687227004811,1144.416,2017_yk_110,Yukon,2016,NA,NA,NA,397.2035493,601.9176221,990.36,0.721971073,136.75468570654385
1093,572.732,0.709367249565397,1.10715493881856,1145.464,2017_yk_110,Yukon,2016,NA,NA,NA,397.2035493,601.9176221,990.36,0.721971073,136.75468570654385
1094,573.256,0.708911158429632,1.15884573093678,1146.512,2017_yk_110,Yukon,2016,NA,NA,NA,397.2035493,601.9176221,990.36,0.721971073,136.75468570654385
1095,573.78,0.708753362987351,1.16011601755216,1147.56,2017_yk_110,Yukon,2016,NA,NA,NA,397.2035493,601.9176221,990.36,0.721971073,136.75468570654385
1096,574.304,0.708734068007818,1.07763645142107,1148.608,2017_yk_110,Yukon,2016,NA,NA,NA,397.2035493,601.9176221,990.36,0.721971073,136.75468570654385
1097,574.828,0.710947617430588,1.07038606043241,1149.656,2017_yk_110,Yukon,2016,NA,NA,NA,397.2035493,601.9176221,990.36,0.721971073,136.75468570654385
1098,575.352,0.709986472076795,1.13768486691343,1150.704,2017_yk_110,Yukon,2016,NA,NA,NA,397.2035493,601.9176221,990.36,0.721971073,136.75468570654385
1099,575.876,0.709455096217384,1.20521981626281,1151.752,2017_yk_110,Yukon,2016,NA,NA,NA,397.2035493,601.9176221,990.36,0.721971073,136.75468570654385
1100,576.4,0.709470040081901,1.07521169654277,1152.8,2017_yk_110,Yukon,2016,NA,NA,NA,397.2035493,601.9176221,990.36,0.721971073,136.75468570654385
1101,576.924,0.708988790043154,1.06565606905245,1153.848,2017_yk_110,Yukon,2016,NA,NA,NA,397.2035493,601.9176221,990.36,0.721971073,136.75468570654385
1102,577.448,0.709577326536924,1.16940215138054,1154.896,2017_yk_110,Yukon,2016,NA,NA,NA,397.2035493,601.9176221,990.36,0.721971073,136.75468570654385
1103,577.972,0.710084800680876,1.13147389557761,1155.944,2017_yk_110,Yukon,2016,NA,NA,NA,397.2035493,601.9176221,990.36,0.721971073,136.75468570654385
1104,578.496,0.709678913603053,1.13145084123666,1156.992,2017_yk_110,Yukon,2016,NA,NA,NA,397.2035493,601.9176221,990.36,0.721971073,136.75468570654385
1105,579.02,0.709651069017328,1.13107681356019,1158.04,2017_yk_110,Yukon,2016,NA,NA,NA,397.2035493,601.9176221,990.36,0.721971073,136.75468570654385
1106,579.544,0.709420609519504,1.15296935175138,1159.088,2017_yk_110,Yukon,2016,NA,NA,NA,397.2035493,601.9176221,990.36,0.721971073,136.75468570654385
1107,580.068,0.710206051052652,1.18120899826355,1160.136,2017_yk_110,Yukon,2016,NA,NA,NA,397.2035493,601.9176221,990.36,0.721971073,136.75468570654385
1108,580.592,0.709166137761712,1.13719334804047,1161.184,2017_yk_110,Yukon,2016,NA,NA,NA,397.2035493,601.9176221,990.36,0.721971073,136.75468570654385
1109,581.116,0.709331067397635,1.04284610428817,1162.232,2017_yk_110,Yukon,2016,NA,NA,NA,397.2035493,601.9176221,990.36,0.721971073,136.75468570654385
1110,581.64,0.708528589127318,0.666051068919677,1163.28,2017_yk_110,Yukon,2016,NA,NA,NA,397.2035493,601.9176221,990.36,0.721971073,136.75468570654385
1111,582.164,0.707806680213607,0.243225364071893,1164.328,2017_yk_110,Yukon,2016,NA,NA,NA,397.2035493,601.9176221,990.36,0.721971073,136.75468570654385
