Cycle,Time,Iso,Sr88,Microns,Fish_id,Watershed,Year,Iso_MA,Sr88_MA,Sr88_MA_Gradient,natal_microns_start,natal_microns_end,marine_start,natal_origin_iso,Core
97,50.828,0.709611472933611,0.172058117230413,101.656,2020_kk_115_redo,Kusko,2020,NA,NA,NA,1208.79739356785,1397.71368411467,1859.152,0.707392497651068,915.8777717038745
98,51.352,0.709158635676675,0.236313845284026,102.704,2020_kk_115_redo,Kusko,2020,NA,NA,NA,1208.79739356785,1397.71368411467,1859.152,0.707392497651068,915.8777717038745
99,51.876,0.710241514540766,0.291781347181841,103.752,2020_kk_115_redo,Kusko,2020,NA,NA,NA,1208.79739356785,1397.71368411467,1859.152,0.707392497651068,915.8777717038745
100,52.4,0.707270586149765,0.333148938626086,104.8,2020_kk_115_redo,Kusko,2020,NA,NA,NA,1208.79739356785,1397.71368411467,1859.152,0.707392497651068,915.8777717038745
101,52.924,0.709589926492261,0.36342285552638,105.848,2020_kk_115_redo,Kusko,2020,NA,NA,NA,1208.79739356785,1397.71368411467,1859.152,0.707392497651068,915.8777717038745
102,53.448,0.708627807985147,0.383279313916236,106.896,2020_kk_115_redo,Kusko,2020,NA,NA,NA,1208.79739356785,1397.71368411467,1859.152,0.707392497651068,915.8777717038745
103,53.972,0.710709949052135,0.393209501801148,107.944,2020_kk_115_redo,Kusko,2020,NA,NA,NA,1208.79739356785,1397.71368411467,1859.152,0.707392497651068,915.8777717038745
104,54.496,0.709850806780104,0.411909592307744,108.992,2020_kk_115_redo,Kusko,2020,NA,NA,NA,1208.79739356785,1397.71368411467,1859.152,0.707392497651068,915.8777717038745
105,55.02,0.708428525508044,0.42522101384173,110.04,2020_kk_115_redo,Kusko,2020,NA,NA,NA,1208.79739356785,1397.71368411467,1859.152,0.707392497651068,915.8777717038745
106,55.544,0.709414144185456,0.437500376801712,111.088,2020_kk_115_redo,Kusko,2020,NA,NA,NA,1208.79739356785,1397.71368411467,1859.152,0.707392497651068,915.8777717038745
107,56.068,0.709925034981063,0.445097466759518,112.136,2020_kk_115_redo,Kusko,2020,NA,NA,NA,1208.79739356785,1397.71368411467,1859.152,0.707392497651068,915.8777717038745
108,56.592,0.708412932502999,0.460688532136764,113.184,2020_kk_115_redo,Kusko,2020,NA,NA,NA,1208.79739356785,1397.71368411467,1859.152,0.707392497651068,915.8777717038745
109,57.116,0.707860117405209,0.468308277983647,114.232,2020_kk_115_redo,Kusko,2020,NA,NA,NA,1208.79739356785,1397.71368411467,1859.152,0.707392497651068,915.8777717038745
110,57.64,0.709590348631778,0.481060494201778,115.28,2020_kk_115_redo,Kusko,2020,NA,NA,NA,1208.79739356785,1397.71368411467,1859.152,0.707392497651068,915.8777717038745
111,58.164,0.710636795540846,0.482382744009042,116.328,2020_kk_115_redo,Kusko,2020,NA,NA,NA,1208.79739356785,1397.71368411467,1859.152,0.707392497651068,915.8777717038745
112,58.688,0.70890328474048,0.486002812919588,117.376,2020_kk_115_redo,Kusko,2020,NA,NA,NA,1208.79739356785,1397.71368411467,1859.152,0.707392497651068,915.8777717038745
113,59.212,0.709479951495859,0.482750647003016,118.424,2020_kk_115_redo,Kusko,2020,NA,NA,NA,1208.79739356785,1397.71368411467,1859.152,0.707392497651068,915.8777717038745
114,59.736,0.706952899281963,0.491717146892119,119.472,2020_kk_115_redo,Kusko,2020,NA,NA,NA,1208.79739356785,1397.71368411467,1859.152,0.707392497651068,915.8777717038745
115,60.26,0.708352921107137,0.494250805586287,120.52,2020_kk_115_redo,Kusko,2020,NA,NA,NA,1208.79739356785,1397.71368411467,1859.152,0.707392497651068,915.8777717038745
116,60.784,0.710930082753648,0.504437061269904,121.568,2020_kk_115_redo,Kusko,2020,NA,NA,NA,1208.79739356785,1397.71368411467,1859.152,0.707392497651068,915.8777717038745
117,61.308,0.71046114904573,0.512956924287898,122.616,2020_kk_115_redo,Kusko,2020,NA,NA,NA,1208.79739356785,1397.71368411467,1859.152,0.707392497651068,915.8777717038745
118,61.832,0.70777254565815,0.518701414736245,123.664,2020_kk_115_redo,Kusko,2020,NA,NA,NA,1208.79739356785,1397.71368411467,1859.152,0.707392497651068,915.8777717038745
119,62.356,0.709130401961843,0.5259338035023,124.712,2020_kk_115_redo,Kusko,2020,NA,NA,NA,1208.79739356785,1397.71368411467,1859.152,0.707392497651068,915.8777717038745
120,62.88,0.70905702609119,0.521939929458145,125.76,2020_kk_115_redo,Kusko,2020,NA,NA,NA,1208.79739356785,1397.71368411467,1859.152,0.707392497651068,915.8777717038745
121,63.404,0.708951213265191,0.523504165560901,126.808,2020_kk_115_redo,Kusko,2020,NA,NA,NA,1208.79739356785,1397.71368411467,1859.152,0.707392497651068,915.8777717038745
122,63.928,0.70754313489,0.518621381493382,127.856,2020_kk_115_redo,Kusko,2020,NA,NA,NA,1208.79739356785,1397.71368411467,1859.152,0.707392497651068,915.8777717038745
123,64.452,0.708330583457,0.51966041913091,128.904,2020_kk_115_redo,Kusko,2020,NA,NA,NA,1208.79739356785,1397.71368411467,1859.152,0.707392497651068,915.8777717038745
124,64.976,0.70890137674925,0.518043979607425,129.952,2020_kk_115_redo,Kusko,2020,NA,NA,NA,1208.79739356785,1397.71368411467,1859.152,0.707392497651068,915.8777717038745
125,65.5,0.707238611131786,0.514202274855779,131,2020_kk_115_redo,Kusko,2020,NA,NA,NA,1208.79739356785,1397.71368411467,1859.152,0.707392497651068,915.8777717038745
126,66.024,0.709455743113704,0.503712165823133,132.048,2020_kk_115_redo,Kusko,2020,0.708995374599164,0.514128863767268,NA,1208.79739356785,1397.71368411467,1859.152,0.707392497651068,915.8777717038745
127,66.548,0.708635638809264,0.497900953461794,133.096,2020_kk_115_redo,Kusko,2020,0.7089416732145,0.521023566290485,0.00689470252321622,1208.79739356785,1397.71368411467,1859.152,0.707392497651068,915.8777717038745
128,67.072,0.708330219239476,0.493445142869634,134.144,2020_kk_115_redo,Kusko,2020,0.708925151859627,0.526892222946753,0.00586865665626801,1208.79739356785,1397.71368411467,1859.152,0.707392497651068,915.8777717038745
129,67.596,0.708903650442255,0.507348443487254,135.192,2020_kk_115_redo,Kusko,2020,0.708870066314224,0.53173085770488,0.00483863475812685,1208.79739356785,1397.71368411467,1859.152,0.707392497651068,915.8777717038745
130,68.12,0.706526536533128,0.514248767113885,136.24,2020_kk_115_redo,Kusko,2020,0.708890851651271,0.535905822759878,0.00417496505499892,1208.79739356785,1397.71368411467,1859.152,0.707392497651068,915.8777717038745
131,68.644,0.709541838778781,0.513339501364963,137.288,2020_kk_115_redo,Kusko,2020,0.708889294232403,0.539580042910757,0.00367422015087904,1208.79739356785,1397.71368411467,1859.152,0.707392497651068,915.8777717038745
132,69.168,0.709280708345226,0.511963492631389,138.336,2020_kk_115_redo,Kusko,2020,0.708864297210588,0.542780026304891,0.0031999833941333,1208.79739356785,1397.71368411467,1859.152,0.707392497651068,915.8777717038745
133,69.692,0.709195258197469,0.522153704091632,139.384,2020_kk_115_redo,Kusko,2020,0.708836009937508,0.545900308506748,0.00312028220185712,1208.79739356785,1397.71368411467,1859.152,0.707392497651068,915.8777717038745
134,70.216,0.709173779210043,0.541262737331105,140.432,2020_kk_115_redo,Kusko,2020,0.708797761091327,0.548708009338393,0.00280770083164483,1208.79739356785,1397.71368411467,1859.152,0.707392497651068,915.8777717038745
135,70.74,0.709139814604678,0.559234673963364,141.48,2020_kk_115_redo,Kusko,2020,0.70877821052967,0.551277983037209,0.00256997369881662,1208.79739356785,1397.71368411467,1859.152,0.707392497651068,915.8777717038745
136,71.264,0.710406361641984,0.567053861808935,142.528,2020_kk_115_redo,Kusko,2020,0.708747596945582,0.553518249845245,0.00224026680803568,1208.79739356785,1397.71368411467,1859.152,0.707392497651068,915.8777717038745
137,71.788,0.707845803516734,0.562776248828191,143.576,2020_kk_115_redo,Kusko,2020,0.708694937715328,0.555583632010202,0.00206538216495711,1208.79739356785,1397.71368411467,1859.152,0.707392497651068,915.8777717038745
138,72.312,0.709966320607809,0.580518268828996,144.624,2020_kk_115_redo,Kusko,2020,0.708739642695988,0.557317818652344,0.00173418664214153,1208.79739356785,1397.71368411467,1859.152,0.707392497651068,915.8777717038745
139,72.836,0.710598233033964,0.587045250721332,145.672,2020_kk_115_redo,Kusko,2020,0.70877139933222,0.55894584581329,0.0016280271609459,1208.79739356785,1397.71368411467,1859.152,0.707392497651068,915.8777717038745
140,73.36,0.709825202300309,0.594759234812189,146.72,2020_kk_115_redo,Kusko,2020,0.708765433746971,0.560379134533592,0.00143328872030213,1208.79739356785,1397.71368411467,1859.152,0.707392497651068,915.8777717038745
141,73.884,0.708909446883059,0.610485894420892,147.768,2020_kk_115_redo,Kusko,2020,0.708763657552917,0.561717932949721,0.00133879841612905,1208.79739356785,1397.71368411467,1859.152,0.707392497651068,915.8777717038745
142,74.408,0.708599916103348,0.63471693973387,148.816,2020_kk_115_redo,Kusko,2020,0.708780492535445,0.562979243970952,0.00126131102123117,1208.79739356785,1397.71368411467,1859.152,0.707392497651068,915.8777717038745
143,74.932,0.709527902626973,0.650725155625043,149.864,2020_kk_115_redo,Kusko,2020,0.708763142915289,0.564275175204262,0.00129593123330962,1208.79739356785,1397.71368411467,1859.152,0.707392497651068,915.8777717038745
144,75.456,0.706928219304953,0.65731142287839,150.912,2020_kk_115_redo,Kusko,2020,0.70879732635475,0.565327197130027,0.00105202192576559,1208.79739356785,1397.71368411467,1859.152,0.707392497651068,915.8777717038745
145,75.98,0.706739857894637,0.646999790139154,151.96,2020_kk_115_redo,Kusko,2020,0.708861780146449,0.566335162319423,0.00100796518939572,1208.79739356785,1397.71368411467,1859.152,0.707392497651068,915.8777717038745
146,76.504,0.708724052675334,0.636593982029494,153.008,2020_kk_115_redo,Kusko,2020,0.70882437147317,0.56715207594706,8.1691362763669e-4,1208.79739356785,1397.71368411467,1859.152,0.707392497651068,915.8777717038745
147,77.028,0.707952351397416,0.633038794091016,154.056,2020_kk_115_redo,Kusko,2020,0.708769927145493,0.567526089241853,3.7401329479358e-4,1208.79739356785,1397.71368411467,1859.152,0.707392497651068,915.8777717038745
148,77.552,0.710526305804644,0.613189320563904,155.104,2020_kk_115_redo,Kusko,2020,0.708787429054227,0.567650841867596,1.2475262574285e-4,1208.79739356785,1397.71368411467,1859.152,0.707392497651068,915.8777717038745
149,78.076,0.709811430783871,0.611593971462042,156.152,2020_kk_115_redo,Kusko,2020,0.708798298968227,0.56763621840134,-1.46234662562472e-5,1208.79739356785,1397.71368411467,1859.152,0.707392497651068,915.8777717038745
150,78.6,0.708081722840696,0.603158046268028,157.2,2020_kk_115_redo,Kusko,2020,0.708817467555498,0.567728107536792,9.18891354518836e-5,1208.79739356785,1397.71368411467,1859.152,0.707392497651068,915.8777717038745
151,79.124,0.710197776544746,0.599550906820718,158.248,2020_kk_115_redo,Kusko,2020,0.708829573609868,0.567828608386295,1.0050084950319e-4,1208.79739356785,1397.71368411467,1859.152,0.707392497651068,915.8777717038745
152,79.648,0.709962989306137,0.593873334428821,159.296,2020_kk_115_redo,Kusko,2020,0.708852384934287,0.56800051585889,1.7190747259576e-4,1208.79739356785,1397.71368411467,1859.152,0.707392497651068,915.8777717038745
153,80.172,0.711188012261449,0.588847599831502,160.344,2020_kk_115_redo,Kusko,2020,0.708869164510878,0.568036718996548,3.62031376573979e-5,1208.79739356785,1397.71368411467,1859.152,0.707392497651068,915.8777717038745
154,80.696,0.708576626379888,0.594212857750925,161.392,2020_kk_115_redo,Kusko,2020,0.708875990289994,0.567879429852842,-1.5728914370627e-4,1208.79739356785,1397.71368411467,1859.152,0.707392497651068,915.8777717038745
155,81.22,0.708987239761868,0.603464417687621,162.44,2020_kk_115_redo,Kusko,2020,0.708893163230698,0.56762874938604,-2.5068046680143e-4,1208.79739356785,1397.71368411467,1859.152,0.707392497651068,915.8777717038745
156,81.744,0.70684973701093,0.595101761254921,163.488,2020_kk_115_redo,Kusko,2020,0.708873515515114,0.567441439137925,-1.8731024811502e-4,1208.79739356785,1397.71368411467,1859.152,0.707392497651068,915.8777717038745
157,82.268,0.706389389853785,0.585740268623386,164.536,2020_kk_115_redo,Kusko,2020,0.708880469641821,0.567449248748328,7.80961040269812e-6,1208.79739356785,1397.71368411467,1859.152,0.707392497651068,915.8777717038745
158,82.792,0.708167354384272,0.588433244660108,165.584,2020_kk_115_redo,Kusko,2020,0.708850949416161,0.567319892137862,-1.293566104662e-4,1208.79739356785,1397.71368411467,1859.152,0.707392497651068,915.8777717038745
159,83.316,0.706936381816553,0.582099432669451,166.632,2020_kk_115_redo,Kusko,2020,0.708827336085965,0.566741190262981,-5.787018748804e-4,1208.79739356785,1397.71368411467,1859.152,0.707392497651068,915.8777717038745
160,83.84,0.708517706372626,0.583646841926029,167.68,2020_kk_115_redo,Kusko,2020,0.708839708935279,0.565834219081598,-9.0697118138327e-4,1208.79739356785,1397.71368411467,1859.152,0.707392497651068,915.8777717038745
161,84.364,0.709496481360132,0.583876064579124,168.728,2020_kk_115_redo,Kusko,2020,0.708776820054072,0.564795142973545,-0.00103907610805343,1208.79739356785,1397.71368411467,1859.152,0.707392497651068,915.8777717038745
162,84.888,0.707127986676277,0.57527831756423,169.776,2020_kk_115_redo,Kusko,2020,0.708790868148547,0.563868980634224,-9.2616233932063e-4,1208.79739356785,1397.71368411467,1859.152,0.707392497651068,915.8777717038745
163,85.412,0.709012712667307,0.580426433912574,170.824,2020_kk_115_redo,Kusko,2020,0.708762314643618,0.562881361223745,-9.8761941047886e-4,1208.79739356785,1397.71368411467,1859.152,0.707392497651068,915.8777717038745
164,85.936,0.707555876009254,0.58037164220644,171.872,2020_kk_115_redo,Kusko,2020,0.708728272900048,0.561681392290388,-0.0011999689333575,1208.79739356785,1397.71368411467,1859.152,0.707392497651068,915.8777717038745
165,86.46,0.70725549180864,0.579419435770725,172.92,2020_kk_115_redo,Kusko,2020,0.708722312879278,0.560178319883786,-0.00150307240660119,1208.79739356785,1397.71368411467,1859.152,0.707392497651068,915.8777717038745
166,86.984,0.707577329140165,0.571916385283851,173.968,2020_kk_115_redo,Kusko,2020,0.708651266935292,0.55837869350258,-0.00179962638120679,1208.79739356785,1397.71368411467,1859.152,0.707392497651068,915.8777717038745
167,87.508,0.706765481165814,0.569020396656946,175.016,2020_kk_115_redo,Kusko,2020,0.708633878209533,0.556496139168554,-0.00188255433402562,1208.79739356785,1397.71368411467,1859.152,0.707392497651068,915.8777717038745
168,88.032,0.711095231342605,0.564739730665256,176.064,2020_kk_115_redo,Kusko,2020,0.708564925048922,0.554123764326082,-0.00237237484247221,1208.79739356785,1397.71368411467,1859.152,0.707392497651068,915.8777717038745
169,88.556,0.70976551557915,0.565989907640405,177.112,2020_kk_115_redo,Kusko,2020,0.708578007550064,0.551568562259346,-0.00255520206673543,1208.79739356785,1397.71368411467,1859.152,0.707392497651068,915.8777717038745
170,89.08,0.709232413516819,0.5670578174199,178.16,2020_kk_115_redo,Kusko,2020,0.708577068272098,0.548809814044066,-0.00275874821528044,1208.79739356785,1397.71368411467,1859.152,0.707392497651068,915.8777717038745
171,89.604,0.710530223897639,0.562710648976789,179.208,2020_kk_115_redo,Kusko,2020,0.708562376870308,0.545528945344894,-0.0032808686991721,1208.79739356785,1397.71368411467,1859.152,0.707392497651068,915.8777717038745
172,90.128,0.709913383692145,0.561681474193457,180.256,2020_kk_115_redo,Kusko,2020,0.708590711666121,0.541660913202412,-0.00386803214248199,1208.79739356785,1397.71368411467,1859.152,0.707392497651068,915.8777717038745
173,90.652,0.708438974286493,0.56050652100159,181.304,2020_kk_115_redo,Kusko,2020,0.70858156614905,0.537406632957818,-0.00425428024459407,1208.79739356785,1397.71368411467,1859.152,0.707392497651068,915.8777717038745
174,91.176,0.709003905649632,0.55483846243805,182.352,2020_kk_115_redo,Kusko,2020,0.708612744964532,0.532949191138758,-0.00445744181905927,1208.79739356785,1397.71368411467,1859.152,0.707392497651068,915.8777717038745
175,91.7,0.712220148609066,0.554728716950034,183.4,2020_kk_115_redo,Kusko,2020,0.708658446714082,0.528624563028905,-0.00432462810985379,1208.79739356785,1397.71368411467,1859.152,0.707392497651068,915.8777717038745
176,92.224,0.708685562356945,0.553451878928104,184.448,2020_kk_115_redo,Kusko,2020,0.708678145313076,0.524510608078894,-0.00411395495001077,1208.79739356785,1397.71368411467,1859.152,0.707392497651068,915.8777717038745
177,92.748,0.707194489385076,0.535397721975514,185.496,2020_kk_115_redo,Kusko,2020,0.708634947225985,0.520257506422454,-0.00425310165644011,1208.79739356785,1397.71368411467,1859.152,0.707392497651068,915.8777717038745
178,93.272,0.708822660182209,0.526186572280816,186.544,2020_kk_115_redo,Kusko,2020,0.708608796157026,0.516241356123065,-0.00401615029938895,1208.79739356785,1397.71368411467,1859.152,0.707392497651068,915.8777717038745
179,93.796,0.709782596801852,0.52505639552693,187.592,2020_kk_115_redo,Kusko,2020,0.708544361324189,0.512113419886266,-0.00412793623679875,1208.79739356785,1397.71368411467,1859.152,0.707392497651068,915.8777717038745
180,94.32,0.710207141327439,0.527453277585262,188.64,2020_kk_115_redo,Kusko,2020,0.708536934780646,0.507931457104456,-0.00418196278181027,1208.79739356785,1397.71368411467,1859.152,0.707392497651068,915.8777717038745
181,94.844,0.709677576527377,0.529534216531087,189.688,2020_kk_115_redo,Kusko,2020,0.708485644278763,0.503687978555512,-0.00424347854894358,1208.79739356785,1397.71368411467,1859.152,0.707392497651068,915.8777717038745
182,95.368,0.708911814355173,0.528935829849125,190.736,2020_kk_115_redo,Kusko,2020,0.708393832982795,0.499359088043524,-0.00432889051198876,1208.79739356785,1397.71368411467,1859.152,0.707392497651068,915.8777717038745
183,95.892,0.7093373580524,0.521832607390354,191.784,2020_kk_115_redo,Kusko,2020,0.708391504226061,0.495050882716936,-0.00430820532658771,1208.79739356785,1397.71368411467,1859.152,0.707392497651068,915.8777717038745
184,96.416,0.709310923496255,0.508606630985057,192.832,2020_kk_115_redo,Kusko,2020,0.708348248299441,0.49046690340788,-0.0045839793090553,1208.79739356785,1397.71368411467,1859.152,0.707392497651068,915.8777717038745
185,96.94,0.708268987573986,0.49916144684769,193.88,2020_kk_115_redo,Kusko,2020,0.708319247036035,0.485618524917572,-0.00484837849030828,1208.79739356785,1397.71368411467,1859.152,0.707392497651068,915.8777717038745
186,97.464,0.708276880178676,0.492473550936231,194.928,2020_kk_115_redo,Kusko,2020,0.708407817933302,0.480871804749318,-0.00474672016825461,1208.79739356785,1397.71368411467,1859.152,0.707392497651068,915.8777717038745
187,97.988,0.709052886411667,0.49836953008595,195.976,2020_kk_115_redo,Kusko,2020,0.708418020453086,0.476278599037603,-0.00459320571171462,1208.79739356785,1397.71368411467,1859.152,0.707392497651068,915.8777717038745
188,98.512,0.706559005699919,0.485683746241664,197.024,2020_kk_115_redo,Kusko,2020,0.70837761866221,0.471561280038895,-0.00471731899870803,1208.79739356785,1397.71368411467,1859.152,0.707392497651068,915.8777717038745
189,99.036,0.707486850630455,0.472626330994433,198.072,2020_kk_115_redo,Kusko,2020,0.708373758837872,0.466980668100662,-0.00458061193823339,1208.79739356785,1397.71368411467,1859.152,0.707392497651068,915.8777717038745
190,99.56,0.707268907491979,0.459830496230886,199.12,2020_kk_115_redo,Kusko,2020,0.708309252116613,0.462361597436918,-0.00461907066374329,1208.79739356785,1397.71368411467,1859.152,0.707392497651068,915.8777717038745
191,100.084,0.705768505906369,0.450994934881755,200.168,2020_kk_115_redo,Kusko,2020,0.708268219781881,0.457730892444751,-0.00463070499216733,1208.79739356785,1397.71368411467,1859.152,0.707392497651068,915.8777717038745
192,100.608,0.710123594013724,0.456393752272152,201.216,2020_kk_115_redo,Kusko,2020,0.708295977530296,0.453228156211826,-0.00450273623292469,1208.79739356785,1397.71368411467,1859.152,0.707392497651068,915.8777717038745
193,101.132,0.707482047901728,0.462896539462898,202.264,2020_kk_115_redo,Kusko,2020,0.708302251796276,0.44860319220249,-0.00462496400933643,1208.79739356785,1397.71368411467,1859.152,0.707392497651068,915.8777717038745
194,101.656,0.707131274595844,0.469264601329659,203.312,2020_kk_115_redo,Kusko,2020,0.708250098746017,0.444006689002697,-0.0045965031997926,1208.79739356785,1397.71368411467,1859.152,0.707392497651068,915.8777717038745
195,102.18,0.708782213358509,0.46905032956729,204.36,2020_kk_115_redo,Kusko,2020,0.708261472443576,0.439371070171493,-0.00463561883120439,1208.79739356785,1397.71368411467,1859.152,0.707392497651068,915.8777717038745
196,102.704,0.706143605002814,0.45907627893652603,205.408,2020_kk_115_redo,Kusko,2020,0.708235320547391,0.434888936896332,-0.0044821332751605,1208.79739356785,1397.71368411467,1859.152,0.707392497651068,915.8777717038745
197,103.228,0.706802479971201,0.449822988786654,206.456,2020_kk_115_redo,Kusko,2020,0.708207985831569,0.430516971902201,-0.00437196499413128,1208.79739356785,1397.71368411467,1859.152,0.707392497651068,915.8777717038745
198,103.752,0.705829130971118,0.438175778280657,207.504,2020_kk_115_redo,Kusko,2020,0.708146098476255,0.426221115007173,-0.00429585689502765,1208.79739356785,1397.71368411467,1859.152,0.707392497651068,915.8777717038745
199,104.276,0.71138318310247,0.433733126717208,208.552,2020_kk_115_redo,Kusko,2020,0.708096886726525,0.42183479859469,-0.00438631641248305,1208.79739356785,1397.71368411467,1859.152,0.707392497651068,915.8777717038745
200,104.8,0.709768845622396,0.429234341895361,209.6,2020_kk_115_redo,Kusko,2020,0.708114440678715,0.417518939988025,-0.00431585860666572,1208.79739356785,1397.71368411467,1859.152,0.707392497651068,915.8777717038745
201,105.324,0.708027962775667,0.413633772470567,210.648,2020_kk_115_redo,Kusko,2020,0.708066609496422,0.413214398313899,-0.0043045416741252,1208.79739356785,1397.71368411467,1859.152,0.707392497651068,915.8777717038745
202,105.848,0.710300003852109,0.402635011184945,211.696,2020_kk_115_redo,Kusko,2020,0.708008942547182,0.408927755599408,-0.00428664271449142,1208.79739356785,1397.71368411467,1859.152,0.707392497651068,915.8777717038745
203,106.372,0.708979171602715,0.395468340949396,212.744,2020_kk_115_redo,Kusko,2020,0.70800871918107,0.404675413065508,-0.00425234253389967,1208.79739356785,1397.71368411467,1859.152,0.707392497651068,915.8777717038745
204,106.896,0.708798948233878,0.389864913734837,213.792,2020_kk_115_redo,Kusko,2020,0.708019524200463,0.400535853180706,-0.00413955988480197,1208.79739356785,1397.71368411467,1859.152,0.707392497651068,915.8777717038745
205,107.42,0.70948196286764,0.38752210354793,214.84,2020_kk_115_redo,Kusko,2020,0.707899192045212,0.396367864938629,-0.0041679882420777,1208.79739356785,1397.71368411467,1859.152,0.707392497651068,915.8777717038745
206,107.944,0.709905968614988,0.389756685028845,215.888,2020_kk_115_redo,Kusko,2020,0.707901914308534,0.392277683120845,-0.00409018181778359,1208.79739356785,1397.71368411467,1859.152,0.707392497651068,915.8777717038745
207,108.468,0.705360466171942,0.37785269470461,216.936,2020_kk_115_redo,Kusko,2020,0.707868733345362,0.388468056063177,-0.00380962705766824,1208.79739356785,1397.71368411467,1859.152,0.707392497651068,915.8777717038745
208,108.992,0.708957241667081,0.372220302600568,217.984,2020_kk_115_redo,Kusko,2020,0.707783994288123,0.384855704050099,-0.0036123520130778,1208.79739356785,1397.71368411467,1859.152,0.707392497651068,915.8777717038745
209,109.516,0.705945340813653,0.363917797254117,219.032,2020_kk_115_redo,Kusko,2020,0.707759526722844,0.381259615908497,-0.00359608814160217,1208.79739356785,1397.71368411467,1859.152,0.707392497651068,915.8777717038745
210,110.04,0.70763613022809,0.352240279359407,220.08,2020_kk_115_redo,Kusko,2020,0.70779454790517,0.377640133105126,-0.0036194828033706,1208.79739356785,1397.71368411467,1859.152,0.707392497651068,915.8777717038745
211,110.564,0.707120346431815,0.344942193884104,221.128,2020_kk_115_redo,Kusko,2020,0.707675197028323,0.373985981679928,-0.00365415142519837,1208.79739356785,1397.71368411467,1859.152,0.707392497651068,915.8777717038745
212,111.088,0.704454311548063,0.334139903709495,222.176,2020_kk_115_redo,Kusko,2020,0.707628090467292,0.370368170071925,-0.00361781160800256,1208.79739356785,1397.71368411467,1859.152,0.707392497651068,915.8777717038745
213,111.612,0.711048286857377,0.33035528023624,223.224,2020_kk_115_redo,Kusko,2020,0.70760144566334,0.366931593238863,-0.0034365768330627,1208.79739356785,1397.71368411467,1859.152,0.707392497651068,915.8777717038745
214,112.136,0.705981270782676,0.319174099207609,224.272,2020_kk_115_redo,Kusko,2020,0.707553271877676,0.363745443614928,-0.00318614962393443,1208.79739356785,1397.71368411467,1859.152,0.707392497651068,915.8777717038745
215,112.66,0.707247163957541,0.312561708269125,225.32,2020_kk_115_redo,Kusko,2020,0.707521209917141,0.360693375723687,-0.00305206789124157,1208.79739356785,1397.71368411467,1859.152,0.707392497651068,915.8777717038745
216,113.184,0.712163990846946,0.310298551159644,226.368,2020_kk_115_redo,Kusko,2020,0.707488828453533,0.357715604806271,-0.00297777091741519,1208.79739356785,1397.71368411467,1859.152,0.707392497651068,915.8777717038745
217,113.708,0.707001541040787,0.310147925920508,227.416,2020_kk_115_redo,Kusko,2020,0.707470793976584,0.354635088424844,-0.00308051638142737,1208.79739356785,1397.71368411467,1859.152,0.707392497651068,915.8777717038745
218,114.232,0.705743246931738,0.305394104737628,228.464,2020_kk_115_redo,Kusko,2020,0.707418311942915,0.35181860290698,-0.00281648551786434,1208.79739356785,1397.71368411467,1859.152,0.707392497651068,915.8777717038745
219,114.756,0.706704792356271,0.307262716375446,229.512,2020_kk_115_redo,Kusko,2020,0.707423416268513,0.349314605108232,-0.00250399779874727,1208.79739356785,1397.71368411467,1859.152,0.707392497651068,915.8777717038745
220,115.28,0.704647303097105,0.306502602101431,230.56,2020_kk_115_redo,Kusko,2020,0.707398956859706,0.347093340118134,-0.00222126499009806,1208.79739356785,1397.71368411467,1859.152,0.707392497651068,915.8777717038745
221,115.804,0.707034541276179,0.30603376504908397,231.608,2020_kk_115_redo,Kusko,2020,0.707416369171576,0.345053913820632,-0.00203942629750237,1208.79739356785,1397.71368411467,1859.152,0.707392497651068,915.8777717038745
222,116.328,0.708793451581222,0.305114143588749,232.656,2020_kk_115_redo,Kusko,2020,0.707386942438574,0.342916473102722,-0.00213744071790956,1208.79739356785,1397.71368411467,1859.152,0.707392497651068,915.8777717038745
223,116.852,0.709389168626073,0.302928593352388,233.704,2020_kk_115_redo,Kusko,2020,0.707372851024157,0.340543712505238,-0.00237276059748404,1208.79739356785,1397.71368411467,1859.152,0.707392497651068,915.8777717038745
224,117.376,0.704426692993713,0.304581450218883,234.752,2020_kk_115_redo,Kusko,2020,0.707359908865876,0.338145069788934,-0.00239864271630424,1208.79739356785,1397.71368411467,1859.152,0.707392497651068,915.8777717038745
225,117.9,0.707937913662162,0.301282305898463,235.8,2020_kk_115_redo,Kusko,2020,0.707350782187136,0.335737955833316,-0.00240711395561843,1208.79739356785,1397.71368411467,1859.152,0.707392497651068,915.8777717038745
226,118.424,0.706008215369119,0.302988388774221,236.848,2020_kk_115_redo,Kusko,2020,0.707364949460768,0.33351207283729,-0.00222588299602577,1208.79739356785,1397.71368411467,1859.152,0.707392497651068,915.8777717038745
227,118.948,0.705125398216449,0.306702497009068,237.896,2020_kk_115_redo,Kusko,2020,0.707327329639642,0.331536807498095,-0.00197526533919484,1208.79739356785,1397.71368411467,1859.152,0.707392497651068,915.8777717038745
228,119.472,0.707381990023763,0.306988316963599,238.944,2020_kk_115_redo,Kusko,2020,0.707403066077204,0.329781547745939,-0.00175525975215601,1208.79739356785,1397.71368411467,1859.152,0.707392497651068,915.8777717038745
229,119.996,0.706812810595352,0.302810922891423,239.992,2020_kk_115_redo,Kusko,2020,0.707294160024366,0.328281804407235,-0.00149974333870379,1208.79739356785,1397.71368411467,1859.152,0.707392497651068,915.8777717038745
230,120.52,0.710285650648244,0.308106301019956,241.04,2020_kk_115_redo,Kusko,2020,0.707248588398497,0.326853207855932,-0.00142859655130323,1208.79739356785,1397.71368411467,1859.152,0.707392497651068,915.8777717038745
231,121.044,0.70766035296008,0.304438148529277,242.088,2020_kk_115_redo,Kusko,2020,0.707225932600205,0.32569632572767,-0.00115688212826198,1208.79739356785,1397.71368411467,1859.152,0.707392497651068,915.8777717038745
232,121.568,0.706453366737723,0.304482911323968,243.136,2020_kk_115_redo,Kusko,2020,0.707162770380687,0.324706723981796,-9.896017458737e-4,1208.79739356785,1397.71368411467,1859.152,0.707392497651068,915.8777717038745
233,122.092,0.708425572319807,0.305365968967612,244.184,2020_kk_115_redo,Kusko,2020,0.707155953882383,0.323856174900193,-8.5054908160342e-4,1208.79739356785,1397.71368411467,1859.152,0.707392497651068,915.8777717038745
234,122.616,0.709652206813201,0.306464869349931,245.232,2020_kk_115_redo,Kusko,2020,0.707113557320227,0.32312853939837,-7.2763550182275e-4,1208.79739356785,1397.71368411467,1859.152,0.707392497651068,915.8777717038745
235,123.14,0.705000219293959,0.304649422425372,246.28,2020_kk_115_redo,Kusko,2020,0.707095045739937,0.322471482143325,-6.5705725504572e-4,1208.79739356785,1397.71368411467,1859.152,0.707392497651068,915.8777717038745
236,123.664,0.708848898156271,0.308040969861089,247.328,2020_kk_115_redo,Kusko,2020,0.707056350208095,0.321772825987151,-6.9865615617392e-4,1208.79739356785,1397.71368411467,1859.152,0.707392497651068,915.8777717038745
237,124.188,0.705203631594771,0.30682009851542,248.376,2020_kk_115_redo,Kusko,2020,0.707105416301227,0.321271846104115,-5.0097988303582e-4,1208.79739356785,1397.71368411467,1859.152,0.707392497651068,915.8777717038745
238,124.712,0.70373831674783,0.309445451496148,249.424,2020_kk_115_redo,Kusko,2020,0.707048128784011,0.32091224788325,-3.5959822086434e-4,1208.79739356785,1397.71368411467,1859.152,0.707392497651068,915.8777717038745
239,125.236,0.708314542885144,0.3092911070308,250.472,2020_kk_115_redo,Kusko,2020,0.707052571722209,0.320794844673676,-1.1740320957481e-4,1208.79739356785,1397.71368411467,1859.152,0.707392497651068,915.8777717038745
240,125.76,0.712308412267009,0.310284309383025,251.52,2020_kk_115_redo,Kusko,2020,0.707069579092894,0.32094997060809,1.5512593441413e-4,1208.79739356785,1397.71368411467,1859.152,0.707392497651068,915.8777717038745
241,126.284,0.702516523916569,0.310285131019187,252.568,2020_kk_115_redo,Kusko,2020,0.707072475718308,0.321304547312521,3.5457670443156e-4,1208.79739356785,1397.71368411467,1859.152,0.707392497651068,915.8777717038745
242,126.808,0.706085420693307,0.311867133368972,253.616,2020_kk_115_redo,Kusko,2020,0.707094530514405,0.321792755291523,4.8820797900195e-4,1208.79739356785,1397.71368411467,1859.152,0.707392497651068,915.8777717038745
243,127.332,0.70773866981527,0.315637997406594,254.664,2020_kk_115_redo,Kusko,2020,0.70699144252368,0.322363645781813,5.7089049029018e-4,1208.79739356785,1397.71368411467,1859.152,0.707392497651068,915.8777717038745
244,127.856,0.706420496356422,0.317437653548988,255.712,2020_kk_115_redo,Kusko,2020,0.706997690352072,0.323146097100359,7.8245131854559e-4,1208.79739356785,1397.71368411467,1859.152,0.707392497651068,915.8777717038745
245,128.38,0.706345269941854,0.316037373373197,256.76,2020_kk_115_redo,Kusko,2020,0.707011544319732,0.324055328472442,9.0923137208315e-4,1208.79739356785,1397.71368411467,1859.152,0.707392497651068,915.8777717038745
246,128.904,0.706333992362186,0.313807295891317,257.808,2020_kk_115_redo,Kusko,2020,0.70697012001404,0.32489006399099,8.3473551854806e-4,1208.79739356785,1397.71368411467,1859.152,0.707392497651068,915.8777717038745
247,129.428,0.707970817794766,0.313538547200308,258.856,2020_kk_115_redo,Kusko,2020,0.706938056945099,0.325573566983005,6.8350299201491e-4,1208.79739356785,1397.71368411467,1859.152,0.707392497651068,915.8777717038745
248,129.952,0.703410083679768,0.316694615169805,259.904,2020_kk_115_redo,Kusko,2020,0.706924294673597,0.326388569653896,8.1500267089118e-4,1208.79739356785,1397.71368411467,1859.152,0.707392497651068,915.8777717038745
249,130.476,0.70779311016633,0.322386463069598,260.952,2020_kk_115_redo,Kusko,2020,0.706920241112747,0.327265786108336,8.7721645444005e-4,1208.79739356785,1397.71368411467,1859.152,0.707392497651068,915.8777717038745
250,131,0.705801342963576,0.326554596825,262,2020_kk_115_redo,Kusko,2020,0.707008491165168,0.328154542580377,8.88756472041e-4,1208.79739356785,1397.71368411467,1859.152,0.707392497651068,915.8777717038745
251,131.524,0.706813244618576,0.328629357031617,263.048,2020_kk_115_redo,Kusko,2020,0.707011510018732,0.32900685913879,8.5231655841294e-4,1208.79739356785,1397.71368411467,1859.152,0.707392497651068,915.8777717038745
252,132.048,0.708357990033575,0.328147309197578,264.096,2020_kk_115_redo,Kusko,2020,0.706992403417583,0.329798877792258,7.92018653468e-4,1208.79739356785,1397.71368411467,1859.152,0.707392497651068,915.8777717038745
253,132.572,0.706636563036692,0.320530903613857,265.144,2020_kk_115_redo,Kusko,2020,0.707019187069475,0.330579422744073,7.8054495181478e-4,1208.79739356785,1397.71368411467,1859.152,0.707392497651068,915.8777717038745
254,133.096,0.706354745098991,0.325346038351403,266.192,2020_kk_115_redo,Kusko,2020,0.707033038258794,0.331363294701681,7.8387195760804e-4,1208.79739356785,1397.71368411467,1859.152,0.707392497651068,915.8777717038745
255,133.62,0.708234612634124,0.324623492230188,267.24,2020_kk_115_redo,Kusko,2020,0.707025616340391,0.332190949996143,8.2765529446132e-4,1208.79739356785,1397.71368411467,1859.152,0.707392497651068,915.8777717038745
256,134.144,0.706993641420723,0.32552329917498,268.288,2020_kk_115_redo,Kusko,2020,0.707059434469494,0.33287518902486,6.8423902871717e-4,1208.79739356785,1397.71368411467,1859.152,0.707392497651068,915.8777717038745
257,134.668,0.704545290703626,0.331307068434964,269.336,2020_kk_115_redo,Kusko,2020,0.707112795699691,0.333458649017002,5.8345999214271e-4,1208.79739356785,1397.71368411467,1859.152,0.707392497651068,915.8777717038745
258,135.192,0.710373317224869,0.332860193151296,270.384,2020_kk_115_redo,Kusko,2020,0.70708358610191,0.333945960361749,4.8731134474644e-4,1208.79739356785,1397.71368411467,1859.152,0.707392497651068,915.8777717038745
259,135.716,0.704848819932157,0.34374852639498,271.432,2020_kk_115_redo,Kusko,2020,0.707132631114659,0.334490032997215,5.4407263546579e-4,1208.79739356785,1397.71368411467,1859.152,0.707392497651068,915.8777717038745
260,136.24,0.70703454807027,0.343518548817166,272.48,2020_kk_115_redo,Kusko,2020,0.707116800944515,0.334967241403259,4.7720840604476e-4,1208.79739356785,1397.71368411467,1859.152,0.707392497651068,915.8777717038745
261,136.764,0.706668614878149,0.344220844774848,273.528,2020_kk_115_redo,Kusko,2020,0.707165041538049,0.335387786351156,4.2054494789689e-4,1208.79739356785,1397.71368411467,1859.152,0.707392497651068,915.8777717038745
262,137.288,0.706510270681024,0.343258906432525,274.576,2020_kk_115_redo,Kusko,2020,0.70717376095197,0.335819033959382,4.3124760822538e-4,1208.79739356785,1397.71368411467,1859.152,0.707392497651068,915.8777717038745
263,137.812,0.7085701817045,0.344435396053188,275.624,2020_kk_115_redo,Kusko,2020,0.707092478641059,0.336230967063417,4.1193310403553e-4,1208.79739356785,1397.71368411467,1859.152,0.707392497651068,915.8777717038745
264,138.336,0.70625515450447,0.346206783625472,276.672,2020_kk_115_redo,Kusko,2020,0.706985045100753,0.336582072176199,3.5110511278169e-4,1208.79739356785,1397.71368411467,1859.152,0.707392497651068,915.8777717038745
265,138.86,0.708371268050258,0.348098668245185,277.72,2020_kk_115_redo,Kusko,2020,0.70697557866863,0.336969294779344,3.8722260314494e-4,1208.79739356785,1397.71368411467,1859.152,0.707392497651068,915.8777717038745
266,139.384,0.707584236704504,0.34783731565841,278.768,2020_kk_115_redo,Kusko,2020,0.706991208364544,0.33730611551244,3.3682073309637e-4,1208.79739356785,1397.71368411467,1859.152,0.707392497651068,915.8777717038745
267,139.908,0.70830443175986,0.34779390172246,279.816,2020_kk_115_redo,Kusko,2020,0.707082319941006,0.337665537383712,3.5942187127191e-4,1208.79739356785,1397.71368411467,1859.152,0.707392497651068,915.8777717038745
268,140.432,0.705519990634083,0.350644409348706,280.864,2020_kk_115_redo,Kusko,2020,0.707124981504503,0.337961291626058,2.9575424234601e-4,1208.79739356785,1397.71368411467,1859.152,0.707392497651068,915.8777717038745
269,140.956,0.706211917105546,0.356873604679629,281.912,2020_kk_115_redo,Kusko,2020,0.707138142893255,0.338232269285105,2.7097765904698e-4,1208.79739356785,1397.71368411467,1859.152,0.707392497651068,915.8777717038745
270,141.48,0.708656572469199,0.361547835424253,282.96,2020_kk_115_redo,Kusko,2020,0.707040605222861,0.338532243629325,2.9997434421946e-4,1208.79739356785,1397.71368411467,1859.152,0.707392497651068,915.8777717038745
271,142.004,0.707294143956637,0.366216796149998,284.008,2020_kk_115_redo,Kusko,2020,0.707128280077087,0.338917313746722,3.8507011739685e-4,1208.79739356785,1397.71368411467,1859.152,0.707392497651068,915.8777717038745
272,142.528,0.705777599313879,0.363432382449612,285.056,2020_kk_115_redo,Kusko,2020,0.707116151523443,0.339210262841814,2.9294909509297e-4,1208.79739356785,1397.71368411467,1859.152,0.707392497651068,915.8777717038745
273,143.052,0.704863007413884,0.364608709653652,286.104,2020_kk_115_redo,Kusko,2020,0.707135141511073,0.339559348458066,3.4908561625118e-4,1208.79739356785,1397.71368411467,1859.152,0.707392497651068,915.8777717038745
274,143.576,0.706356140486186,0.366121178320342,287.152,2020_kk_115_redo,Kusko,2020,0.707144318907751,0.339776475760714,2.1712730264783e-4,1208.79739356785,1397.71368411467,1859.152,0.707392497651068,915.8777717038745
275,144.1,0.708078402017197,0.367115590594114,288.2,2020_kk_115_redo,Kusko,2020,0.707159888551368,0.340029194054688,2.5271829397455e-4,1208.79739356785,1397.71368411467,1859.152,0.707392497651068,915.8777717038745
276,144.624,0.709678532505425,0.360382682272531,289.248,2020_kk_115_redo,Kusko,2020,0.707150701005513,0.340386097235161,3.5690318047332e-4,1208.79739356785,1397.71368411467,1859.152,0.707392497651068,915.8777717038745
277,145.148,0.705077756904274,0.351158105441403,290.296,2020_kk_115_redo,Kusko,2020,0.707150208017026,0.34068741356682,3.0131633165908e-4,1208.79739356785,1397.71368411467,1859.152,0.707392497651068,915.8777717038745
278,145.672,0.70491751064166,0.3542942649911,291.344,2020_kk_115_redo,Kusko,2020,0.707232685243477,0.340958453093855,2.7103952703488e-4,1208.79739356785,1397.71368411467,1859.152,0.707392497651068,915.8777717038745
279,146.196,0.70646157870525506,0.359895703641851,292.392,2020_kk_115_redo,Kusko,2020,0.707263139781536,0.341121293444972,1.6284035111652e-4,1208.79739356785,1397.71368411467,1859.152,0.707392497651068,915.8777717038745
280,146.72,0.709942306242382,0.35982799042389,293.44,2020_kk_115_redo,Kusko,2020,0.707311424584101,0.341195471029718,7.4177584746149e-5,1208.79739356785,1397.71368411467,1859.152,0.707392497651068,915.8777717038745
281,147.244,0.707215672490009,0.357172758553865,294.488,2020_kk_115_redo,Kusko,2020,0.707304483456697,0.341219054655912,2.35836261942568e-5,1208.79739356785,1397.71368411467,1859.152,0.707392497651068,915.8777717038745
282,147.768,0.7076470555123,0.352635262796827,295.536,2020_kk_115_redo,Kusko,2020,0.707302657278851,0.341359536335941,1.404816800285e-4,1208.79739356785,1397.71368411467,1859.152,0.707392497651068,915.8777717038745
283,148.292,0.710996187739544,0.349761290461277,296.584,2020_kk_115_redo,Kusko,2020,0.70729722222305,0.341610005458343,2.5046912240239e-4,1208.79739356785,1397.71368411467,1859.152,0.707392497651068,915.8777717038745
284,148.816,0.705257764352875,0.351613767675362,297.632,2020_kk_115_redo,Kusko,2020,0.707283460993555,0.341773116233854,1.6311077551084e-4,1208.79739356785,1397.71368411467,1859.152,0.707392497651068,915.8777717038745
285,149.34,0.707492598557997,0.350941623566144,298.68,2020_kk_115_redo,Kusko,2020,0.707275496553774,0.341949689534213,1.7657330035919e-4,1208.79739356785,1397.71368411467,1859.152,0.707392497651068,915.8777717038745
286,149.864,0.708037303115309,0.344042730497254,299.728,2020_kk_115_redo,Kusko,2020,0.707264990604816,0.342045722065739,9.60325315261246e-5,1208.79739356785,1397.71368411467,1859.152,0.707392497651068,915.8777717038745
287,150.388,0.708327072028278,0.34171009653763,300.776,2020_kk_115_redo,Kusko,2020,0.707309795651596,0.342070289340349,2.45672746098102e-5,1208.79739356785,1397.71368411467,1859.152,0.707392497651068,915.8777717038745
288,150.912,0.705629414156895,0.336226997648384,301.824,2020_kk_115_redo,Kusko,2020,0.707204098307792,0.341976055157657,-9.42341826923321e-5,1208.79739356785,1397.71368411467,1859.152,0.707392497651068,915.8777717038745
289,151.436,0.709755511360301,0.335455281019374,302.872,2020_kk_115_redo,Kusko,2020,0.707259006287443,0.341667137302499,-3.0891785515757e-4,1208.79739356785,1397.71368411467,1859.152,0.707392497651068,915.8777717038745
290,151.96,0.709335840439548,0.336738805382639,303.92,2020_kk_115_redo,Kusko,2020,0.70725792911159,0.341435481333968,-2.3165596853136e-4,1208.79739356785,1397.71368411467,1859.152,0.707392497651068,915.8777717038745
291,152.484,0.71055478857215,0.329670845403093,304.968,2020_kk_115_redo,Kusko,2020,0.707245199398993,0.341176179785387,-2.5930154858072e-4,1208.79739356785,1397.71368411467,1859.152,0.707392497651068,915.8777717038745
292,153.008,0.706976531572964,0.33035776781749,306.016,2020_kk_115_redo,Kusko,2020,0.707216702469337,0.34086618184957,-3.0999793581731e-4,1208.79739356785,1397.71368411467,1859.152,0.707392497651068,915.8777717038745
293,153.532,0.703548633665141,0.330081955209745,307.064,2020_kk_115_redo,Kusko,2020,0.707209536821377,0.340552496638589,-3.1368521098057e-4,1208.79739356785,1397.71368411467,1859.152,0.707392497651068,915.8777717038745
294,154.056,0.703206194394879,0.327531176116831,308.112,2020_kk_115_redo,Kusko,2020,0.707261276567376,0.34024996977438,-3.0252686420928e-4,1208.79739356785,1397.71368411467,1859.152,0.707392497651068,915.8777717038745
295,154.58,0.704432233366567,0.327882778614069,309.16,2020_kk_115_redo,Kusko,2020,0.707209858776147,0.339913897902914,-3.3607187146628e-4,1208.79739356785,1397.71368411467,1859.152,0.707392497651068,915.8777717038745
296,155.104,0.709786679911082,0.32825021384687,310.208,2020_kk_115_redo,Kusko,2020,0.707148566743495,0.339512901195072,-4.0099670784143e-4,1208.79739356785,1397.71368411467,1859.152,0.707392497651068,915.8777717038745
297,155.628,0.710670326182531,0.328385410791735,311.256,2020_kk_115_redo,Kusko,2020,0.707161439521927,0.339074669527981,-4.3823166709156e-4,1208.79739356785,1397.71368411467,1859.152,0.707392497651068,915.8777717038745
298,156.152,0.706298010557661,0.327190706036909,312.304,2020_kk_115_redo,Kusko,2020,0.707106899262834,0.338583518032902,-4.9115149507844e-4,1208.79739356785,1397.71368411467,1859.152,0.707392497651068,915.8777717038745
299,156.676,0.70910422621023,0.325549766573622,313.352,2020_kk_115_redo,Kusko,2020,0.707038650837749,0.337972504892726,-6.1101314017603e-4,1208.79739356785,1397.71368411467,1859.152,0.707392497651068,915.8777717038745
300,157.2,0.706456152043392,0.328282770036191,314.4,2020_kk_115_redo,Kusko,2020,0.707024542662892,0.337271803473188,-7.0070141953826e-4,1208.79739356785,1397.71368411467,1859.152,0.707392497651068,915.8777717038745
301,157.724,0.707777015170125,0.333389338062997,315.448,2020_kk_115_redo,Kusko,2020,0.707080081314633,0.336448364542294,-8.2343893089359e-4,1208.79739356785,1397.71368411467,1859.152,0.707392497651068,915.8777717038745
302,158.248,0.705357707474649,0.329444079074548,316.496,2020_kk_115_redo,Kusko,2020,0.707101726732802,0.335781128756652,-0.00066723578564253005,1208.79739356785,1397.71368411467,1859.152,0.707392497651068,915.8777717038745
303,158.772,0.708878069073076,0.336583134381664,317.544,2020_kk_115_redo,Kusko,2020,0.707161995297964,0.334961321640962,-8.1980711569001e-4,1208.79739356785,1397.71368411467,1859.152,0.707392497651068,915.8777717038745
304,159.296,0.706971140157088,0.330465291707859,318.592,2020_kk_115_redo,Kusko,2020,0.707203442144548,0.334118056777641,-8.4326486332103e-4,1208.79739356785,1397.71368411467,1859.152,0.707392497651068,915.8777717038745
305,159.82,0.707279448558887,0.331200471011668,319.64,2020_kk_115_redo,Kusko,2020,0.707204273211521,0.333209889346844,-9.0816743079685e-4,1208.79739356785,1397.71368411467,1859.152,0.707392497651068,915.8777717038745
306,160.344,0.705782739610911,0.335221486719715,320.688,2020_kk_115_redo,Kusko,2020,0.707183917231899,0.332487145015418,-7.2274433142627e-4,1208.79739356785,1397.71368411467,1859.152,0.707392497651068,915.8777717038745
307,160.868,0.707941238485532,0.331617527099855,321.736,2020_kk_115_redo,Kusko,2020,0.707156251042049,0.331913581605922,-5.7356340949604e-4,1208.79739356785,1397.71368411467,1859.152,0.707392497651068,915.8777717038745
308,161.392,0.708358717266834,0.3329569867919,322.784,2020_kk_115_redo,Kusko,2020,0.70716693253102,0.331233565603854,-6.8001600206718e-4,1208.79739356785,1397.71368411467,1859.152,0.707392497651068,915.8777717038745
309,161.916,0.709620382449845,0.33215688413659,323.832,2020_kk_115_redo,Kusko,2020,0.70721284457693,0.330428599870403,-8.0496573345145e-4,1208.79739356785,1397.71368411467,1859.152,0.707392497651068,915.8777717038745
310,162.44,0.708698431117515,0.331005251909769,324.88,2020_kk_115_redo,Kusko,2020,0.707129593619638,0.329582574511599,-8.4602535880384e-4,1208.79739356785,1397.71368411467,1859.152,0.707392497651068,915.8777717038745
311,162.964,0.706396776974329,0.330044374603273,325.928,2020_kk_115_redo,Kusko,2020,0.707098035342603,0.328817435050408,-7.6513946119094e-4,1208.79739356785,1397.71368411467,1859.152,0.707392497651068,915.8777717038745
312,163.488,0.708248419362801,0.33657620999929,326.976,2020_kk_115_redo,Kusko,2020,0.707109655045489,0.328241569452097,-5.7586559831091e-4,1208.79739356785,1397.71368411467,1859.152,0.707392497651068,915.8777717038745
313,164.012,0.706310459688609,0.335559050958,328.024,2020_kk_115_redo,Kusko,2020,0.706989164873996,0.32763580523406,-6.0576421803709e-4,1208.79739356785,1397.71368411467,1859.152,0.707392497651068,915.8777717038745
314,164.536,0.705529071329322,0.335132684882052,329.072,2020_kk_115_redo,Kusko,2020,0.707121546014368,0.326998375882748,-6.3742935131244e-4,1208.79739356785,1397.71368411467,1859.152,0.707392497651068,915.8777717038745
315,165.06,0.707756746247268,0.33521789025174,330.12,2020_kk_115_redo,Kusko,2020,0.70710938775033,0.326333648871947,-6.6472701080055e-4,1208.79739356785,1397.71368411467,1859.152,0.707392497651068,915.8777717038745
316,165.584,0.706363284483245,0.331285251066549,331.168,2020_kk_115_redo,Kusko,2020,0.707089957326997,0.325835755176435,-4.9789369551239e-4,1208.79739356785,1397.71368411467,1859.152,0.707392497651068,915.8777717038745
317,166.108,0.707233593510425,0.332781104911549,332.216,2020_kk_115_redo,Kusko,2020,0.707097602133857,0.325418107648665,-4.1764752776979e-4,1208.79739356785,1397.71368411467,1859.152,0.707392497651068,915.8777717038745
318,166.632,0.704031476596588,0.327206142189757,333.264,2020_kk_115_redo,Kusko,2020,0.707075924304707,0.325077704903432,-3.4040274523294e-4,1208.79739356785,1397.71368411467,1859.152,0.707392497651068,915.8777717038745
319,167.156,0.708143298711253,0.325213455085526,334.312,2020_kk_115_redo,Kusko,2020,0.70702762646251,0.324814191739672,-2.6351316375977e-4,1208.79739356785,1397.71368411467,1859.152,0.707392497651068,915.8777717038745
320,167.68,0.706969917519069,0.329619190705284,335.36,2020_kk_115_redo,Kusko,2020,0.707027829457061,0.324456466262424,-3.5772547724782e-4,1208.79739356785,1397.71368411467,1859.152,0.707392497651068,915.8777717038745
321,168.204,0.705904832122312,0.328662751860004,336.408,2020_kk_115_redo,Kusko,2020,0.706987054247286,0.32422031389976,-2.3615236266477e-4,1208.79739356785,1397.71368411467,1859.152,0.707392497651068,915.8777717038745
322,168.728,0.70480045490169,0.324659030283486,337.456,2020_kk_115_redo,Kusko,2020,0.707041404716629,0.324082699506111,-1.3761439364823e-4,1208.79739356785,1397.71368411467,1859.152,0.707392497651068,915.8777717038745
323,169.252,0.708140242826875,0.325614283394352,338.504,2020_kk_115_redo,Kusko,2020,0.707101231617189,0.323959316575239,-1.2338293087216e-4,1208.79739356785,1397.71368411467,1859.152,0.707392497651068,915.8777717038745
324,169.776,0.709359539264438,0.328055171772914,339.552,2020_kk_115_redo,Kusko,2020,0.707204337275775,0.323887494476453,-7.18220987865337e-5,1208.79739356785,1397.71368411467,1859.152,0.707392497651068,915.8777717038745
325,170.3,0.705286200576482,0.327934355957208,340.6,2020_kk_115_redo,Kusko,2020,0.707257880836107,0.323812875925223,-7.46185512293662e-5,1208.79739356785,1397.71368411467,1859.152,0.707392497651068,915.8777717038745
326,170.824,0.703906714745406,0.323777513187924,341.648,2020_kk_115_redo,Kusko,2020,0.707222111315429,0.323685957677096,-1.2691824812716e-4,1208.79739356785,1397.71368411467,1859.152,0.707392497651068,915.8777717038745
327,171.348,0.709076798465775,0.321500001696966,342.696,2020_kk_115_redo,Kusko,2020,0.707103621427157,0.323488480631566,-1.9747704553019e-4,1208.79739356785,1397.71368411467,1859.152,0.707392497651068,915.8777717038745
328,171.872,0.702247575088513,0.321175319643998,343.744,2020_kk_115_redo,Kusko,2020,0.707127546806253,0.323302482016462,-1.8599861510409e-4,1208.79739356785,1397.71368411467,1859.152,0.707392497651068,915.8777717038745
329,172.396,0.70211701160045,0.320212816269069,344.792,2020_kk_115_redo,Kusko,2020,0.70712251754409,0.323225970890538,-7.65111259241058e-5,1208.79739356785,1397.71368411467,1859.152,0.707392497651068,915.8777717038745
330,172.92,0.707810081977767,0.319505750251959,345.84,2020_kk_115_redo,Kusko,2020,0.707183636453039,0.322994177477262,-2.3179341327594e-4,1208.79739356785,1397.71368411467,1859.152,0.707392497651068,915.8777717038745
331,173.444,0.71062646306111,0.316810460296384,346.888,2020_kk_115_redo,Kusko,2020,0.707158938758399,0.322699226843166,-2.9495063409595e-4,1208.79739356785,1397.71368411467,1859.152,0.707392497651068,915.8777717038745
332,173.968,0.707076324404005,0.323398235311061,347.936,2020_kk_115_redo,Kusko,2020,0.70719535373073406,0.322521807781166,-1.7741906199975e-4,1208.79739356785,1397.71368411467,1859.152,0.707392497651068,915.8777717038745
333,174.492,0.70847912132359,0.315420282712251,348.984,2020_kk_115_redo,Kusko,2020,0.707149917105892,0.322238727773804,-2.8308000736232e-4,1208.79739356785,1397.71368411467,1859.152,0.707392497651068,915.8777717038745
334,175.016,0.708842951281229,0.315525286521079,350.032,2020_kk_115_redo,Kusko,2020,0.707179618432189,0.322048964105343,-1.897636684609e-4,1208.79739356785,1397.71368411467,1859.152,0.707392497651068,915.8777717038745
335,175.54,0.7081282660356,0.312625544746301,351.08,2020_kk_115_redo,Kusko,2020,0.707157276619232,0.321884913930802,-1.6405017454079e-4,1208.79739356785,1397.71368411467,1859.152,0.707392497651068,915.8777717038745
336,176.064,0.708457173728083,0.317018022386954,352.128,2020_kk_115_redo,Kusko,2020,0.70719154210659,0.321683264569098,-2.0164936170386e-4,1208.79739356785,1397.71368411467,1859.152,0.707392497651068,915.8777717038745
337,176.588,0.703417785513309,0.31674430087164,353.176,2020_kk_115_redo,Kusko,2020,0.707214649923884,0.321493456362078,-1.898082070198e-4,1208.79739356785,1397.71368411467,1859.152,0.707392497651068,915.8777717038745
338,177.112,0.705558399979898,0.313493304867069,354.224,2020_kk_115_redo,Kusko,2020,0.707158391555495,0.321255156045165,-2.3830031691352e-4,1208.79739356785,1397.71368411467,1859.152,0.707392497651068,915.8777717038745
339,177.636,0.709216301459846,0.311597759634766,355.272,2020_kk_115_redo,Kusko,2020,0.707112234235967,0.321090846927631,-1.6430911753412e-4,1208.79739356785,1397.71368411467,1859.152,0.707392497651068,915.8777717038745
340,178.16,0.70494724880486,0.309066468895657,356.32,2020_kk_115_redo,Kusko,2020,0.707039784721287,0.320934040623823,-1.5680630380782e-4,1208.79739356785,1397.71368411467,1859.152,0.707392497651068,915.8777717038745
341,178.684,0.705322175867905,0.311264390882411,357.368,2020_kk_115_redo,Kusko,2020,0.70711512790831,0.320778768851851,-1.5527177197194e-4,1208.79739356785,1397.71368411467,1859.152,0.707392497651068,915.8777717038745
342,179.208,0.708344237685487,0.318083326898171,358.416,2020_kk_115_redo,Kusko,2020,0.707071386137199,0.320563658806071,-2.1511004577984e-4,1208.79739356785,1397.71368411467,1859.152,0.707392497651068,915.8777717038745
343,179.732,0.703766777449963,0.313415437379052,359.464,2020_kk_115_redo,Kusko,2020,0.707097947817285,0.320365391308335,-1.9826749773621e-4,1208.79739356785,1397.71368411467,1859.152,0.707392497651068,915.8777717038745
344,180.256,0.713200632775227,0.313368006596612,360.512,2020_kk_115_redo,Kusko,2020,0.70713406374905,0.320171789464772,-1.9360184356292e-4,1208.79739356785,1397.71368411467,1859.152,0.707392497651068,915.8777717038745
345,180.78,0.70676310271571,0.311058002918111,361.56,2020_kk_115_redo,Kusko,2020,0.707162513088921,0.320082819585379,-8.89698793932192e-5,1208.79739356785,1397.71368411467,1859.152,0.707392497651068,915.8777717038745
346,181.304,0.706871477715318,0.31416910876651,362.608,2020_kk_115_redo,Kusko,2020,0.707216344883797,0.320013267904824,-6.95516805546692e-5,1208.79739356785,1397.71368411467,1859.152,0.707392497651068,915.8777717038745
347,181.828,0.708785760439866,0.316651244871441,363.656,2020_kk_115_redo,Kusko,2020,0.707201614300598,0.320058294079347,4.50261745226221e-5,1208.79739356785,1397.71368411467,1859.152,0.707392497651068,915.8777717038745
348,182.352,0.704328744407875,0.315802832934407,364.704,2020_kk_115_redo,Kusko,2020,0.707251495298569,0.320228380224191,1.7008614484409e-4,1208.79739356785,1397.71368411467,1859.152,0.707392497651068,915.8777717038745
349,182.876,0.706857640828473,0.319644491193788,365.752,2020_kk_115_redo,Kusko,2020,0.707239166532692,0.32039211015979,1.6372993559898e-4,1208.79739356785,1397.71368411467,1859.152,0.707392497651068,915.8777717038745
350,183.4,0.709348020112662,0.315275276747766,366.8,2020_kk_115_redo,Kusko,2020,0.707219639711957,0.320607220864972,2.1511070518182e-4,1208.79739356785,1397.71368411467,1859.152,0.707392497651068,915.8777717038745
351,183.924,0.708108275985639,0.315501703643208,367.848,2020_kk_115_redo,Kusko,2020,0.707190680395876,0.320770665596705,1.634447317334e-4,1208.79739356785,1397.71368411467,1859.152,0.707392497651068,915.8777717038745
352,184.448,0.710237559733499,0.322100904198597,368.896,2020_kk_115_redo,Kusko,2020,0.707260767777619,0.320994843766616,2.2417816991121e-4,1208.79739356785,1397.71368411467,1859.152,0.707392497651068,915.8777717038745
353,184.972,0.707138247698739,0.322678979357417,369.944,2020_kk_115_redo,Kusko,2020,0.707215457277095,0.321256451835466,2.616080688495e-4,1208.79739356785,1397.71368411467,1859.152,0.707392497651068,915.8777717038745
354,185.496,0.709392533910083,0.323221850189639,370.992,2020_kk_115_redo,Kusko,2020,0.707218139667777,0.321514795044828,2.583432093618e-4,1208.79739356785,1397.71368411467,1859.152,0.707392497651068,915.8777717038745
355,186.02,0.707644846986457,0.323405665540308,372.04,2020_kk_115_redo,Kusko,2020,0.707294967385852,0.321723487771286,2.086927264584e-4,1208.79739356785,1397.71368411467,1859.152,0.707392497651068,915.8777717038745
356,186.544,0.707640508670438,0.320635118959242,373.088,2020_kk_115_redo,Kusko,2020,0.707372067492962,0.321998289334755,2.7480156346931e-4,1208.79739356785,1397.71368411467,1859.152,0.707392497651068,915.8777717038745
357,187.068,0.703560932886193,0.316536788059922,374.136,2020_kk_115_redo,Kusko,2020,0.707323840290152,0.322319761765599,3.2147243084318e-4,1208.79739356785,1397.71368411467,1859.152,0.707392497651068,915.8777717038745
358,187.592,0.707733533303449,0.316030789130661,375.184,2020_kk_115_redo,Kusko,2020,0.70738996467236,0.32268840001542,3.6863824982136e-4,1208.79739356785,1397.71368411467,1859.152,0.707392497651068,915.8777717038745
359,188.116,0.708802470480417,0.320959099018179,376.232,2020_kk_115_redo,Kusko,2020,0.707508216535137,0.323060857109304,3.7245709388411e-4,1208.79739356785,1397.71368411467,1859.152,0.707392497651068,915.8777717038745
360,188.64,0.710123286580345,0.314375165239634,377.28,2020_kk_115_redo,Kusko,2020,0.707489452980978,0.323479927718448,4.1907060914409e-4,1208.79739356785,1397.71368411467,1859.152,0.707392497651068,915.8777717038745
361,189.164,0.706295153491695,0.315692300017239,378.328,2020_kk_115_redo,Kusko,2020,0.707449837551536,0.323954161927286,4.742342088384e-4,1208.79739356785,1397.71368411467,1859.152,0.707392497651068,915.8777717038745
362,189.688,0.707542605814749,0.31879893535456,379.376,2020_kk_115_redo,Kusko,2020,0.707487911704248,0.324345943100173,3.9178117288662e-4,1208.79739356785,1397.71368411467,1859.152,0.707392497651068,915.8777717038745
363,190.212,0.706151871582603,0.319598333939926,380.424,2020_kk_115_redo,Kusko,2020,0.707475017588281,0.32498304643895,6.3710333877731e-4,1208.79739356785,1397.71368411467,1859.152,0.707392497651068,915.8777717038745
364,190.736,0.708753219734876,0.319079471600205,381.472,2020_kk_115_redo,Kusko,2020,0.70749884766986,0.325672054619906,6.8900818095574e-4,1208.79739356785,1397.71368411467,1859.152,0.707392497651068,915.8777717038745
365,191.26,0.705938939781487,0.321357460539219,382.52,2020_kk_115_redo,Kusko,2020,0.707425437020355,0.326363892904495,6.9183828458918e-4,1208.79739356785,1397.71368411467,1859.152,0.707392497651068,915.8777717038745
366,191.784,0.707838668852414,0.323122525017482,383.568,2020_kk_115_redo,Kusko,2020,0.707402893183442,0.327066273536235,7.0238063173977e-4,1208.79739356785,1397.71368411467,1859.152,0.707392497651068,915.8777717038745
367,192.308,0.709327707523152,0.320229034678669,384.616,2020_kk_115_redo,Kusko,2020,0.707455816647532,0.327792581498487,7.2630796225148e-4,1208.79739356785,1397.71368411467,1859.152,0.707392497651068,915.8777717038745
368,192.832,0.704983215163513,0.318658967777089,385.664,2020_kk_115_redo,Kusko,2020,0.7074454277339,0.328552178785079,7.5959728659247e-4,1208.79739356785,1397.71368411467,1859.152,0.707392497651068,915.8777717038745
369,193.356,0.706850943278176,0.322298337084543,386.712,2020_kk_115_redo,Kusko,2020,0.707425662903554,0.329375826402305,8.2364761722625e-4,1208.79739356785,1397.71368411467,1859.152,0.707392497651068,915.8777717038745
370,193.88,0.704351460236697,0.321596873681299,387.76,2020_kk_115_redo,Kusko,2020,0.707412246831051,0.330276116243732,9.0028984142631e-4,1208.79739356785,1397.71368411467,1859.152,0.707392497651068,915.8777717038745
371,194.404,0.710917368195704,0.320728068284954,388.808,2020_kk_115_redo,Kusko,2020,0.707457933466861,0.33109973783627,8.2362159253868e-4,1208.79739356785,1397.71368411467,1859.152,0.707392497651068,915.8777717038745
372,194.928,0.705623913096148,0.323669607252502,389.856,2020_kk_115_redo,Kusko,2020,0.707412457440372,0.331821959675092,7.2222183882197e-4,1208.79739356785,1397.71368411467,1859.152,0.707392497651068,915.8777717038745
373,195.452,0.707904160493777,0.323663001093827,390.904,2020_kk_115_redo,Kusko,2020,0.707442104255737,0.332672189266684,8.5022959159125e-4,1208.79739356785,1397.71368411467,1859.152,0.707392497651068,915.8777717038745
374,195.976,0.707696027235198,0.323516574268278,391.952,2020_kk_115_redo,Kusko,2020,0.707325531259257,0.33352560262519,8.5341335850669e-4,1208.79739356785,1397.71368411467,1859.152,0.707392497651068,915.8777717038745
375,196.5,0.709463706639562,0.329879697488148,393,2020_kk_115_redo,Kusko,2020,0.707331820020631,0.334321519911201,7.9591728601113e-4,1208.79739356785,1397.71368411467,1859.152,0.707392497651068,915.8777717038745
376,197.024,0.709593192175754,0.327112150233267,394.048,2020_kk_115_redo,Kusko,2020,0.707330822826614,0.335017180174969,6.9566026376805e-4,1208.79739356785,1397.71368411467,1859.152,0.707392497651068,915.8777717038745
377,197.548,0.706349758518518,0.335482675382906,395.096,2020_kk_115_redo,Kusko,2020,0.707418882094387,0.335768660151324,7.5147997635494e-4,1208.79739356785,1397.71368411467,1859.152,0.707392497651068,915.8777717038745
378,198.072,0.707024336474821,0.337411310880403,396.144,2020_kk_115_redo,Kusko,2020,0.707522886431238,0.336552475883334,7.8381573200925e-4,1208.79739356785,1397.71368411467,1859.152,0.707392497651068,915.8777717038745
379,198.596,0.707403572758646,0.335037251221467,397.192,2020_kk_115_redo,Kusko,2020,0.707492505422988,0.337356812778175,8.0433689484127e-4,1208.79739356785,1397.71368411467,1859.152,0.707392497651068,915.8777717038745
380,199.12,0.705798308274964,0.342525833016195,398.24,2020_kk_115_redo,Kusko,2020,0.707474921603203,0.338185004941576,8.2819216340135e-4,1208.79739356785,1397.71368411467,1859.152,0.707392497651068,915.8777717038745
381,199.644,0.704167273157472,0.338469435764008,399.288,2020_kk_115_redo,Kusko,2020,0.707408581397686,0.338998897688304,8.1389274672821e-4,1208.79739356785,1397.71368411467,1859.152,0.707392497651068,915.8777717038745
382,200.168,0.709005697806273,0.338109720478158,400.336,2020_kk_115_redo,Kusko,2020,0.707355531498023,0.339682082333982,6.831846456779e-4,1208.79739356785,1397.71368411467,1859.152,0.707392497651068,915.8777717038745
383,200.692,0.705421612795416,0.341310767525322,401.384,2020_kk_115_redo,Kusko,2020,0.707356397723978,0.340430785678392,7.4870334440962e-4,1208.79739356785,1397.71368411467,1859.152,0.707392497651068,915.8777717038745
384,201.216,0.709520482705342,0.34355576433462,402.432,2020_kk_115_redo,Kusko,2020,0.707306471503378,0.341205960085699,7.7517440730712e-4,1208.79739356785,1397.71368411467,1859.152,0.707392497651068,915.8777717038745
385,201.74,0.709895863661031,0.340455919544713,403.48,2020_kk_115_redo,Kusko,2020,0.707326661266266,0.341994532709477,7.8857262377796e-4,1208.79739356785,1397.71368411467,1859.152,0.707392497651068,915.8777717038745
386,202.264,0.708532721171952,0.340265606996085,404.528,2020_kk_115_redo,Kusko,2020,0.707303414589426,0.342809983422729,8.1545071325223e-4,1208.79739356785,1397.71368411467,1859.152,0.707392497651068,915.8777717038745
387,202.788,0.706183166297191,0.340788347547557,405.576,2020_kk_115_redo,Kusko,2020,0.70732711123114,0.343650508108805,8.4052468607598e-4,1208.79739356785,1397.71368411467,1859.152,0.707392497651068,915.8777717038745
388,203.312,0.706215038021037,0.343293614633276,406.624,2020_kk_115_redo,Kusko,2020,0.707316401802904,0.344515054650192,8.6454654138717e-4,1208.79739356785,1397.71368411467,1859.152,0.707392497651068,915.8777717038745
389,203.836,0.709212123367009,0.342560241902117,407.672,2020_kk_115_redo,Kusko,2020,0.707300254958558,0.345316029883461,8.0097523326822e-4,1208.79739356785,1397.71368411467,1859.152,0.707392497651068,915.8777717038745
390,204.36,0.706684268728286,0.344649986800607,408.72,2020_kk_115_redo,Kusko,2020,0.707232108787608,0.346253752552612,9.3772266915104e-4,1208.79739356785,1397.71368411467,1859.152,0.707392497651068,915.8777717038745
391,204.884,0.708249537294573,0.345264512826687,409.768,2020_kk_115_redo,Kusko,2020,0.707307265793527,0.347091191831531,8.3743927891932e-4,1208.79739356785,1397.71368411467,1859.152,0.707392497651068,915.8777717038745
392,205.408,0.709360773566695,0.346905105684258,410.816,2020_kk_115_redo,Kusko,2020,0.707340513837485,0.347917228276877,8.2603644534551e-4,1208.79739356785,1397.71368411467,1859.152,0.707392497651068,915.8777717038745
393,205.932,0.707705474365621,0.353646483038892,411.864,2020_kk_115_redo,Kusko,2020,0.707390859147848,0.348698460752193,7.8123247531664e-4,1208.79739356785,1397.71368411467,1859.152,0.707392497651068,915.8777717038745
394,206.456,0.710272756175957,0.356865777378422,412.912,2020_kk_115_redo,Kusko,2020,0.70737627504181,0.349412254507585,7.1379375539126e-4,1208.79739356785,1397.71368411467,1859.152,0.707392497651068,915.8777717038745
395,206.98,0.703723627065256,0.354135841821655,413.96,2020_kk_115_redo,Kusko,2020,0.707418113001216,0.350094855114625,6.8260060704e-4,1208.79739356785,1397.71368411467,1859.152,0.707392497651068,915.8777717038745
396,207.504,0.707104543513336,0.35916086029134,415.008,2020_kk_115_redo,Kusko,2020,0.707448263905788,0.350696668557727,6.0181344310239e-4,1208.79739356785,1397.71368411467,1859.152,0.707392497651068,915.8777717038745
397,208.028,0.706593193358703,0.360322778606731,416.056,2020_kk_115_redo,Kusko,2020,0.707441684843573,0.35124740012935,5.5073157162327e-4,1208.79739356785,1397.71368411467,1859.152,0.707392497651068,915.8777717038745
398,208.552,0.704935065161964,0.359069142062614,417.104,2020_kk_115_redo,Kusko,2020,0.707517643674665,0.351823089904083,5.7568977473276e-4,1208.79739356785,1397.71368411467,1859.152,0.707392497651068,915.8777717038745
399,209.076,0.708030411639083,0.361016616668341,418.152,2020_kk_115_redo,Kusko,2020,0.707556897212164,0.35238089362988,5.578037257975e-4,1208.79739356785,1397.71368411467,1859.152,0.707392497651068,915.8777717038745
400,209.6,0.704142284454675,0.363083859381238,419.2,2020_kk_115_redo,Kusko,2020,0.707625748006714,0.352938429427389,5.5753579750855e-4,1208.79739356785,1397.71368411467,1859.152,0.707392497651068,915.8777717038745
401,210.124,0.708063374016547,0.36068168643473,420.248,2020_kk_115_redo,Kusko,2020,0.707617822250584,0.353521631630569,5.8320220317992e-4,1208.79739356785,1397.71368411467,1859.152,0.707392497651068,915.8777717038745
402,210.648,0.705615676096137,0.361416637227492,421.296,2020_kk_115_redo,Kusko,2020,0.707671880311664,0.354036468829777,5.1483719920786e-4,1208.79739356785,1397.71368411467,1859.152,0.707392497651068,915.8777717038745
403,211.172,0.705545586371871,0.364429212874526,422.344,2020_kk_115_redo,Kusko,2020,0.707655561881487,0.354599834696092,5.6336586631505e-4,1208.79739356785,1397.71368411467,1859.152,0.707392497651068,915.8777717038745
404,211.696,0.706206252986385,0.364572808107013,423.392,2020_kk_115_redo,Kusko,2020,0.707675726245372,0.355216210779342,6.1637608325038e-4,1208.79739356785,1397.71368411467,1859.152,0.707392497651068,915.8777717038745
405,212.22,0.707140428398178,0.358813040078781,424.44,2020_kk_115_redo,Kusko,2020,0.707633748982357,0.355789862728218,5.7365194887559e-4,1208.79739356785,1397.71368411467,1859.152,0.707392497651068,915.8777717038745
406,212.744,0.706811646074281,0.355908724592592,425.488,2020_kk_115_redo,Kusko,2020,0.707599500890135,0.356409603076545,6.1974034832701e-4,1208.79739356785,1397.71368411467,1859.152,0.707392497651068,915.8777717038745
407,213.268,0.714069316506273,0.361740043452737,426.536,2020_kk_115_redo,Kusko,2020,0.707576367330339,0.356850084726753,4.4048165020793e-4,1208.79739356785,1397.71368411467,1859.152,0.707392497651068,915.8777717038745
408,213.792,0.710569004618909,0.362831776854963,427.584,2020_kk_115_redo,Kusko,2020,0.707544577274304,0.357257998028787,4.0791330203438e-4,1208.79739356785,1397.71368411467,1859.152,0.707392497651068,915.8777717038745
409,214.316,0.705034780333483,0.367904704884263,428.632,2020_kk_115_redo,Kusko,2020,0.707500337736624,0.357718341698755,4.6034366996738e-4,1208.79739356785,1397.71368411467,1859.152,0.707392497651068,915.8777717038745
410,214.84,0.708292990925539,0.36496680655185,429.68,2020_kk_115_redo,Kusko,2020,0.707500480159971,0.358010987711686,2.9264601293127e-4,1208.79739356785,1397.71368411467,1859.152,0.707392497651068,915.8777717038745
411,215.364,0.704127863654634,0.364335268446902,430.728,2020_kk_115_redo,Kusko,2020,0.707574749403533,0.358437991219468,4.2700350778168e-4,1208.79739356785,1397.71368411467,1859.152,0.707392497651068,915.8777717038745
412,215.888,0.707054565753733,0.363091982939272,431.776,2020_kk_115_redo,Kusko,2020,0.707523786566103,0.358940537894703,5.0254667523591e-4,1208.79739356785,1397.71368411467,1859.152,0.707392497651068,915.8777717038745
413,216.412,0.707190221256,0.367601180021995,432.824,2020_kk_115_redo,Kusko,2020,0.707597606741838,0.359460407232052,5.1986933734904e-4,1208.79739356785,1397.71368411467,1859.152,0.707392497651068,915.8777717038745
414,216.936,0.706396960674114,0.369732314628064,433.872,2020_kk_115_redo,Kusko,2020,0.707529884711288,0.359924131762348,4.6372453029552e-4,1208.79739356785,1397.71368411467,1859.152,0.707392497651068,915.8777717038745
415,217.46,0.708856232759713,0.370720022966988,434.92,2020_kk_115_redo,Kusko,2020,0.707488021623025,0.36030876345239,3.8463169004221e-4,1208.79739356785,1397.71368411467,1859.152,0.707392497651068,915.8777717038745
416,217.984,0.706245708060048,0.369562161754379,435.968,2020_kk_115_redo,Kusko,2020,0.707456947717471,0.360729738220548,4.2097476815816e-4,1208.79739356785,1397.71368411467,1859.152,0.707392497651068,915.8777717038745
417,218.508,0.704982731389076,0.366968269224479,437.016,2020_kk_115_redo,Kusko,2020,0.707437991748629,0.361125201648209,3.9546342766055e-4,1208.79739356785,1397.71368411467,1859.152,0.707392497651068,915.8777717038745
418,219.032,0.707090967609277,0.36790358161389,438.064,2020_kk_115_redo,Kusko,2020,0.707445426336519,0.361509797272784,3.8459562457499e-4,1208.79739356785,1397.71368411467,1859.152,0.707392497651068,915.8777717038745
419,219.556,0.707833659819614,0.369017613014272,439.112,2020_kk_115_redo,Kusko,2020,0.707439132596125,0.361783491650149,2.7369437736507e-4,1208.79739356785,1397.71368411467,1859.152,0.707392497651068,915.8777717038745
420,220.08,0.706034516323338,0.370638525388695,440.16,2020_kk_115_redo,Kusko,2020,0.707421215984369,0.361991095389913,2.0760373976436e-4,1208.79739356785,1397.71368411467,1859.152,0.707392497651068,915.8777717038745
421,220.604,0.710804573846855,0.365938656752401,441.208,2020_kk_115_redo,Kusko,2020,0.707444913747482,0.362120642787533,1.2954739761927e-4,1208.79739356785,1397.71368411467,1859.152,0.707392497651068,915.8777717038745
422,221.128,0.709537488452261,0.36836112207529,442.256,2020_kk_115_redo,Kusko,2020,0.707406959871224,0.362192050892552,7.14081050198212e-5,1208.79739356785,1397.71368411467,1859.152,0.707392497651068,915.8777717038745
423,221.652,0.709172590204342,0.366472282458924,443.304,2020_kk_115_redo,Kusko,2020,0.707421565712945,0.362089411205625,-1.0263968692791e-4,1208.79739356785,1397.71368411467,1859.152,0.707392497651068,915.8777717038745
424,222.176,0.707878173372579,0.36190709692368,444.352,2020_kk_115_redo,Kusko,2020,0.707423924878498,0.361977776371184,-1.1163483444065e-4,1208.79739356785,1397.71368411467,1859.152,0.707392497651068,915.8777717038745
425,222.7,0.708449217345904,0.362313496961619,445.4,2020_kk_115_redo,Kusko,2020,0.70746641511698,0.361889645346176,-8.8131025008209e-5,1208.79739356785,1397.71368411467,1859.152,0.707392497651068,915.8777717038745
426,223.224,0.709647723126675,0.35923133160363,446.448,2020_kk_115_redo,Kusko,2020,0.70747002753427,0.361700158931491,-1.8948641468463e-4,1208.79739356785,1397.71368411467,1859.152,0.707392497651068,915.8777717038745
427,223.748,0.708932963790273,0.353272928976063,447.496,2020_kk_115_redo,Kusko,2020,0.707469181493572,0.361480155664957,-2.200032665342e-4,1208.79739356785,1397.71368411467,1859.152,0.707392497651068,915.8777717038745
428,224.272,0.709540745029062,0.353200354261055,448.544,2020_kk_115_redo,Kusko,2020,0.707516043499792,0.361271949000842,-2.0820666411447e-4,1208.79739356785,1397.71368411467,1859.152,0.707392497651068,915.8777717038745
429,224.796,0.709206155528075,0.355766560632392,449.592,2020_kk_115_redo,Kusko,2020,0.707547834090005,0.360984587316569,-2.8736168427351e-4,1208.79739356785,1397.71368411467,1859.152,0.707392497651068,915.8777717038745
430,225.32,0.70848250790972,0.355049021531813,450.64,2020_kk_115_redo,Kusko,2020,0.707641659671402,0.360737469468585,-2.4711784798348e-4,1208.79739356785,1397.71368411467,1859.152,0.707392497651068,915.8777717038745
431,225.844,0.710441822827898,0.355720200475749,451.688,2020_kk_115_redo,Kusko,2020,0.707614766265393,0.360629073957165,-1.0839551142083e-4,1208.79739356785,1397.71368411467,1859.152,0.707392497651068,915.8777717038745
432,226.368,0.708867396760956,0.354559839204975,452.736,2020_kk_115_redo,Kusko,2020,0.707626279824983,0.36057928918311,-4.97847740549284e-5,1208.79739356785,1397.71368411467,1859.152,0.707392497651068,915.8777717038745
433,226.892,0.706925054683154,0.357464953072728,453.784,2020_kk_115_redo,Kusko,2020,0.707663800518664,0.360375549970161,-2.0373921294841e-4,1208.79739356785,1397.71368411467,1859.152,0.707392497651068,915.8777717038745
434,227.416,0.708905889068273,0.360499139263302,454.832,2020_kk_115_redo,Kusko,2020,0.70773375791227,0.360288375842847,-8.717412731446e-5,1208.79739356785,1397.71368411467,1859.152,0.707392497651068,915.8777717038745
435,227.94,0.706945070858659,0.364298814420685,455.88,2020_kk_115_redo,Kusko,2020,0.707714655520284,0.360326725409955,3.83495671080203e-5,1208.79739356785,1397.71368411467,1859.152,0.707392497651068,915.8777717038745
436,228.464,0.707538306642461,0.36429657113289,456.928,2020_kk_115_redo,Kusko,2020,0.70773143145204,0.360337542644265,1.08172343102342e-5,1208.79739356785,1397.71368411467,1859.152,0.707392497651068,915.8777717038745
437,228.988,0.704961744930724,0.361911574395382,457.976,2020_kk_115_redo,Kusko,2020,0.707660150658325,0.360281231306506,-5.63113377593516e-5,1208.79739356785,1397.71368411467,1859.152,0.707392497651068,915.8777717038745
438,229.512,0.705116933112735,0.361886109002462,459.024,2020_kk_115_redo,Kusko,2020,0.707647636945781,0.360228836683064,-5.23946234417538e-5,1208.79739356785,1397.71368411467,1859.152,0.707392497651068,915.8777717038745
439,230.036,0.704749200497835,0.36265787141951,460.072,2020_kk_115_redo,Kusko,2020,0.707664085467532,0.36009229426015,-1.3654242291355e-4,1208.79739356785,1397.71368411467,1859.152,0.707392497651068,915.8777717038745
440,230.56,0.705806853675818,0.360084593792071,461.12,2020_kk_115_redo,Kusko,2020,0.707660729457017,0.359999411205144,-9.28830550059323e-5,1208.79739356785,1397.71368411467,1859.152,0.707392497651068,915.8777717038745
441,231.084,0.708623427771178,0.36408964623091,462.168,2020_kk_115_redo,Kusko,2020,0.707735174683547,0.359893806289043,-1.056049161015e-4,1208.79739356785,1397.71368411467,1859.152,0.707392497651068,915.8777717038745
442,231.608,0.705947927560488,0.368262520992315,463.216,2020_kk_115_redo,Kusko,2020,0.707792169719229,0.359874352024508,-1.94542645352014e-5,1208.79739356785,1397.71368411467,1859.152,0.707392497651068,915.8777717038745
443,232.132,0.709850823339473,0.372502927766263,464.264,2020_kk_115_redo,Kusko,2020,0.707800224751807,0.359696029679264,-1.7832234524356e-4,1208.79739356785,1397.71368411467,1859.152,0.707392497651068,915.8777717038745
444,232.656,0.705457160872385,0.371379236152355,465.312,2020_kk_115_redo,Kusko,2020,0.707761980524378,0.359486699084383,-2.0933059488142e-4,1208.79739356785,1397.71368411467,1859.152,0.707392497651068,915.8777717038745
445,233.18,0.707384078365245,0.363533820947246,466.36,2020_kk_115_redo,Kusko,2020,0.707812945082169,0.359312786541437,-1.739125429459e-4,1208.79739356785,1397.71368411467,1859.152,0.707392497651068,915.8777717038745
446,233.704,0.706668286838681,0.365524093085572,467.408,2020_kk_115_redo,Kusko,2020,0.707843266767481,0.359144572901804,-1.6821363963232e-4,1208.79739356785,1397.71368411467,1859.152,0.707392497651068,915.8777717038745
447,234.228,0.705045808166677,0.364516153207193,468.456,2020_kk_115_redo,Kusko,2020,0.707873618149051,0.359028361777366,-1.1621112443849e-4,1208.79739356785,1397.71368411467,1859.152,0.707392497651068,915.8777717038745
448,234.752,0.706661113294456,0.366369352107777,469.504,2020_kk_115_redo,Kusko,2020,0.707848480973482,0.358886145563499,-1.4221621386678e-4,1208.79739356785,1397.71368411467,1859.152,0.707392497651068,915.8777717038745
449,235.276,0.708834498943361,0.358981904544021,470.552,2020_kk_115_redo,Kusko,2020,0.70785688142891,0.358752515544477,-1.3363001902227e-4,1208.79739356785,1397.71368411467,1859.152,0.707392497651068,915.8777717038745
450,235.8,0.705609272022934,0.357106211186468,471.6,2020_kk_115_redo,Kusko,2020,0.707861116451563,0.358640447344895,-1.1206819958231e-4,1208.79739356785,1397.71368411467,1859.152,0.707392497651068,915.8777717038745
451,236.324,0.709671403081352,0.353037356683844,472.648,2020_kk_115_redo,Kusko,2020,0.707807537825631,0.35855969242607,-8.07549188248657e-5,1208.79739356785,1397.71368411467,1859.152,0.707392497651068,915.8777717038745
452,236.848,0.70708354099121,0.351189591985445,473.696,2020_kk_115_redo,Kusko,2020,0.707769310521725,0.358440272977896,-1.1941944817378e-4,1208.79739356785,1397.71368411467,1859.152,0.707392497651068,915.8777717038745
453,237.372,0.7085818248689,0.347488101823217,474.744,2020_kk_115_redo,Kusko,2020,0.707748517057303,0.358418725525007,-2.15474528894033e-5,1208.79739356785,1397.71368411467,1859.152,0.707392497651068,915.8777717038745
454,237.896,0.710414306109138,0.350167687311983,475.792,2020_kk_115_redo,Kusko,2020,0.707738883663313,0.358371333071603,-4.73924534030723e-5,1208.79739356785,1397.71368411467,1859.152,0.707392497651068,915.8777717038745
455,238.42,0.70627304137417,0.348847980321164,476.84,2020_kk_115_redo,Kusko,2020,0.707632431455221,0.35835438548007,-1.69475915333672e-5,1208.79739356785,1397.71368411467,1859.152,0.707392497651068,915.8777717038745
456,238.944,0.707321288550728,0.347791675410261,477.888,2020_kk_115_redo,Kusko,2020,0.707595913271166,0.358370360382998,1.59749029279843e-5,1208.79739356785,1397.71368411467,1859.152,0.707392497651068,915.8777717038745
457,239.468,0.706542430916785,0.347122582614679,478.936,2020_kk_115_redo,Kusko,2020,0.707549959256685,0.3584433691066,7.30087236020527e-5,1208.79739356785,1397.71368411467,1859.152,0.707392497651068,915.8777717038745
458,239.992,0.70774678553517,0.346576742215744,479.984,2020_kk_115_redo,Kusko,2020,0.707540016201047,0.358612772783129,1.6940367652845e-4,1208.79739356785,1397.71368411467,1859.152,0.707392497651068,915.8777717038745
459,240.516,0.709937847051866,0.34377491561193,481.032,2020_kk_115_redo,Kusko,2020,0.707532933043447,0.358668901686309,5.61289031804635e-5,1208.79739356785,1397.71368411467,1859.152,0.707392497651068,915.8777717038745
460,241.04,0.709771819338486,0.34825678850223,482.08,2020_kk_115_redo,Kusko,2020,0.707499586107761,0.358804832630664,1.3593094435498e-4,1208.79739356785,1397.71368411467,1859.152,0.707392497651068,915.8777717038745
461,241.564,0.706449769656035,0.35417795574948,483.128,2020_kk_115_redo,Kusko,2020,0.7074011912287,0.358890347621241,8.55149905766295e-5,1208.79739356785,1397.71368411467,1859.152,0.707392497651068,915.8777717038745
462,242.088,0.706306489671513,0.358429550784194,484.176,2020_kk_115_redo,Kusko,2020,0.707348745312866,0.358931673434622,4.13258133809546e-5,1208.79739356785,1397.71368411467,1859.152,0.707392497651068,915.8777717038745
463,242.612,0.707796827992749,0.352204860097622,485.224,2020_kk_115_redo,Kusko,2020,0.7072787658356,0.3589455051526,1.38317179781966e-5,1208.79739356785,1397.71368411467,1859.152,0.707392497651068,915.8777717038745
464,243.136,0.710403696602762,0.359342360468146,486.272,2020_kk_115_redo,Kusko,2020,0.70724701291752,0.358917664420962,-2.78407316378626e-5,1208.79739356785,1397.71368411467,1859.152,0.707392497651068,915.8777717038745
465,243.66,0.705994284879018,0.36111401410526,487.32,2020_kk_115_redo,Kusko,2020,0.707281066654266,0.358748095615083,-1.6956880587887e-4,1208.79739356785,1397.71368411467,1859.152,0.707392497651068,915.8777717038745
466,244.184,0.707818201979629,0.356557758651207,488.368,2020_kk_115_redo,Kusko,2020,0.707247350317858,0.35857423254755,-1.738630675333e-4,1208.79739356785,1397.71368411467,1859.152,0.707392497651068,915.8777717038745
467,244.708,0.70979246888339,0.358361363187176,489.416,2020_kk_115_redo,Kusko,2020,0.707312694344146,0.358461196453108,-1.1303609444157e-4,1208.79739356785,1397.71368411467,1859.152,0.707392497651068,915.8777717038745
468,245.232,0.709818181866273,0.359688099448459,490.464,2020_kk_115_redo,Kusko,2020,0.707273325885627,0.358355406092851,-1.0579036025759e-4,1208.79739356785,1397.71368411467,1859.152,0.707392497651068,915.8777717038745
469,245.756,0.706021691638547,0.359712159509449,491.512,2020_kk_115_redo,Kusko,2020,0.707328598077497,0.358217835098992,-1.3757099385836e-4,1208.79739356785,1397.71368411467,1859.152,0.707392497651068,915.8777717038745
470,246.28,0.708091630294636,0.359393823251492,492.56,2020_kk_115_redo,Kusko,2020,0.70735330080689,0.358153652132481,-6.41829665108395e-5,1208.79739356785,1397.71368411467,1859.152,0.707392497651068,915.8777717038745
471,246.804,0.708594577246384,0.35799897348081,493.608,2020_kk_115_redo,Kusko,2020,0.707361949702063,0.358007069135267,-1.4658299721476e-4,1208.79739356785,1397.71368411467,1859.152,0.707392497651068,915.8777717038745
472,247.328,0.710474267894671,0.361924727067162,494.656,2020_kk_115_redo,Kusko,2020,0.707367772703796,0.357799282571955,-2.0778656331199e-4,1208.79739356785,1397.71368411467,1859.152,0.707392497651068,915.8777717038745
473,247.852,0.707673523210672,0.356901839307381,495.704,2020_kk_115_redo,Kusko,2020,0.707312272541212,0.357549408265744,-2.4987430621048e-4,1208.79739356785,1397.71368411467,1859.152,0.707392497651068,915.8777717038745
474,248.376,0.704102307028381,0.357172478935178,496.752,2020_kk_115_redo,Kusko,2020,0.707329562578079,0.357361332142987,-1.8807612275739e-4,1208.79739356785,1397.71368411467,1859.152,0.707392497651068,915.8777717038745
475,248.9,0.711914106227197,0.360285270390234,497.8,2020_kk_115_redo,Kusko,2020,0.707347827145226,0.357278058950857,-8.32731921299734e-5,1208.79739356785,1397.71368411467,1859.152,0.707392497651068,915.8777717038745
476,249.424,0.708065009178745,0.359469343376436,498.848,2020_kk_115_redo,Kusko,2020,0.707346092386758,0.357105414354139,-1.7264459671745e-4,1208.79739356785,1397.71368411467,1859.152,0.707392497651068,915.8777717038745
477,249.948,0.706803814283306,0.35999560175817,499.896,2020_kk_115_redo,Kusko,2020,0.707343870283857,0.356961505652573,-1.4390870156649e-4,1208.79739356785,1397.71368411467,1859.152,0.707392497651068,915.8777717038745
478,250.472,0.705582737075131,0.359370608781882,500.944,2020_kk_115_redo,Kusko,2020,0.707365040067955,0.356761718653232,-1.9978699934042e-4,1208.79739356785,1397.71368411467,1859.152,0.707392497651068,915.8777717038745
479,250.996,0.70833768714529,0.360999811872933,501.992,2020_kk_115_redo,Kusko,2020,0.707334052879711,0.356837677336485,7.59586832528858e-5,1208.79739356785,1397.71368411467,1859.152,0.707392497651068,915.8777717038745
480,251.52,0.706288617682536,0.363914433413756,503.04,2020_kk_115_redo,Kusko,2020,0.707345010707353,0.356816383203808,-2.12941326771521e-5,1208.79739356785,1397.71368411467,1859.152,0.707392497651068,915.8777717038745
481,252.044,0.707589856290918,0.361093361622909,504.088,2020_kk_115_redo,Kusko,2020,0.707260940537156,0.356951618728345,1.3523552453659e-4,1208.79739356785,1397.71368411467,1859.152,0.707392497651068,915.8777717038745
482,252.568,0.707243850217905,0.361195955184864,505.136,2020_kk_115_redo,Kusko,2020,0.707308268409143,0.357097303545371,1.4568481702587e-4,1208.79739356785,1397.71368411467,1859.152,0.707392497651068,915.8777717038745
483,253.092,0.707924982339026,0.365179435285562,506.184,2020_kk_115_redo,Kusko,2020,0.707274778745198,0.357361122247186,2.6381870181546e-4,1208.79739356785,1397.71368411467,1859.152,0.707392497651068,915.8777717038745
484,253.616,0.707300169733154,0.359063549719497,507.232,2020_kk_115_redo,Kusko,2020,0.707253713457829,0.357576303076662,2.1518082947602e-4,1208.79739356785,1397.71368411467,1859.152,0.707392497651068,915.8777717038745
485,254.14,0.702062084860387,0.361296641469614,508.28,2020_kk_115_redo,Kusko,2020,0.707255862558507,0.3577894967204,0.00021319364373745001,1208.79739356785,1397.71368411467,1859.152,0.707392497651068,915.8777717038745
486,254.664,0.707456632083363,0.360189825779311,509.328,2020_kk_115_redo,Kusko,2020,0.707224074789691,0.35806120433059,2.7170761019002e-4,1208.79739356785,1397.71368411467,1859.152,0.707392497651068,915.8777717038745
487,255.188,0.706175722921456,0.357653452392188,510.376,2020_kk_115_redo,Kusko,2020,0.707267035988046,0.358409258013731,3.4805368314117e-4,1208.79739356785,1397.71368411467,1859.152,0.707392497651068,915.8777717038745
488,255.712,0.708944161690736,0.36336457485276,511.424,2020_kk_115_redo,Kusko,2020,0.707225692092692,0.358687528255945,2.7827024221399e-4,1208.79739356785,1397.71368411467,1859.152,0.707392497651068,915.8777717038745
489,256.236,0.708781166072087,0.359134294823221,512.472,2020_kk_115_redo,Kusko,2020,0.707167686136019,0.35901192127475,3.2439301880543e-4,1208.79739356785,1397.71368411467,1859.152,0.707392497651068,915.8777717038745
490,256.76,0.706481691768575,0.363204878193113,513.52,2020_kk_115_redo,Kusko,2020,0.707133900790482,0.359306002320067,2.9408104531658e-4,1208.79739356785,1397.71368411467,1859.152,0.707392497651068,915.8777717038745
491,257.284,0.704538130084234,0.360851099910346,514.568,2020_kk_115_redo,Kusko,2020,0.70716784842527,0.359496515254528,1.9051293446098e-4,1208.79739356785,1397.71368411467,1859.152,0.707392497651068,915.8777717038745
492,257.808,0.705720641810902,0.357039388007832,515.616,2020_kk_115_redo,Kusko,2020,0.707162758150856,0.359644486701705,1.4797144717765e-4,1208.79739356785,1397.71368411467,1859.152,0.707392497651068,915.8777717038745
493,258.332,0.702726286047189,0.358294856151421,516.664,2020_kk_115_redo,Kusko,2020,0.707156803077621,0.359926219390498,2.8173268879294e-4,1208.79739356785,1397.71368411467,1859.152,0.707392497651068,915.8777717038745
494,258.856,0.707000713983525,0.358828695365031,517.712,2020_kk_115_redo,Kusko,2020,0.707072434360688,0.359981869938623,5.56505481244529e-5,1208.79739356785,1397.71368411467,1859.152,0.707392497651068,915.8777717038745
495,259.38,0.708988295063364,0.35412468606795,518.76,2020_kk_115_redo,Kusko,2020,0.707131897976962,0.360004539578325,2.26696397017667e-5,1208.79739356785,1397.71368411467,1859.152,0.707392497651068,915.8777717038745
496,259.904,0.705515326457987,0.353864787080891,519.808,2020_kk_115_redo,Kusko,2020,0.70716058202056,0.360108383069091,1.0384349076686e-4,1208.79739356785,1397.71368411467,1859.152,0.707392497651068,915.8777717038745
497,260.428,0.708882386508018,0.35512940872889,520.856,2020_kk_115_redo,Kusko,2020,0.707139147328562,0.360274053135275,1.6567006618356e-4,1208.79739356785,1397.71368411467,1859.152,0.707392497651068,915.8777717038745
498,260.952,0.702754825601591,0.355538687387009,521.904,2020_kk_115_redo,Kusko,2020,0.70705306408305,0.360431804232708,1.5775109743282e-4,1208.79739356785,1397.71368411467,1859.152,0.707392497651068,915.8777717038745
499,261.476,0.708065532010028,0.354403611788007,522.952,2020_kk_115_redo,Kusko,2020,0.707070159691792,0.360576876005867,1.450717731592e-4,1208.79739356785,1397.71368411467,1859.152,0.707392497651068,915.8777717038745
500,262,0.707289017439393,0.356233615801421,524,2020_kk_115_redo,Kusko,2020,0.707022902729695,0.360741954910465,1.6507890459799e-4,1208.79739356785,1397.71368411467,1859.152,0.707392497651068,915.8777717038745
501,262.524,0.709142361481575,0.355294666398022,525.048,2020_kk_115_redo,Kusko,2020,0.706924927509702,0.360922133422823,1.8017851235824e-4,1208.79739356785,1397.71368411467,1859.152,0.707392497651068,915.8777717038745
502,263.048,0.706297307664448,0.355795327193599,526.096,2020_kk_115_redo,Kusko,2020,0.706860594437684,0.361080838064872,1.5870464204859e-4,1208.79739356785,1397.71368411467,1859.152,0.707392497651068,915.8777717038745
503,263.572,0.706520813584466,0.357510469393631,527.144,2020_kk_115_redo,Kusko,2020,0.706843664789327,0.361261841711657,1.8100364678552e-4,1208.79739356785,1397.71368411467,1859.152,0.707392497651068,915.8777717038745
504,264.096,0.706494563084397,0.360094668786912,528.192,2020_kk_115_redo,Kusko,2020,0.706885822943653,0.361528611478272,2.6676976661416e-4,1208.79739356785,1397.71368411467,1859.152,0.707392497651068,915.8777717038745
505,264.62,0.708479952394079,0.358537429419451,529.24,2020_kk_115_redo,Kusko,2020,0.706826303036458,0.361739734081707,2.1112260343514e-4,1208.79739356785,1397.71368411467,1859.152,0.707392497651068,915.8777717038745
506,265.144,0.706564201330555,0.355165417282526,530.288,2020_kk_115_redo,Kusko,2020,0.70684602537461,0.362067017938458,3.2728385675123e-4,1208.79739356785,1397.71368411467,1859.152,0.707392497651068,915.8777717038745
507,265.668,0.704912481992664,0.3558816311132,531.336,2020_kk_115_redo,Kusko,2020,0.706845357515143,0.362353483537272,2.8646559881445e-4,1208.79739356785,1397.71368411467,1859.152,0.707392497651068,915.8777717038745
508,266.192,0.707931300340304,0.354382132147354,532.384,2020_kk_115_redo,Kusko,2020,0.706886908180906,0.362659329544327,3.0584600705441e-4,1208.79739356785,1397.71368411467,1859.152,0.707392497651068,915.8777717038745
509,266.716,0.706975267648739,0.363539425539194,533.432,2020_kk_115_redo,Kusko,2020,0.706854173634572,0.362971057841381,3.1172829705405e-4,1208.79739356785,1397.71368411467,1859.152,0.707392497651068,915.8777717038745
510,267.24,0.70626674168146,0.355828563225838,534.48,2020_kk_115_redo,Kusko,2020,0.706944316345661,0.363268617137457,2.9755929607661e-4,1208.79739356785,1397.71368411467,1859.152,0.707392497651068,915.8777717038745
511,267.764,0.704627192869516,0.361151488156041,535.528,2020_kk_115_redo,Kusko,2020,0.706979155641369,0.363711003334282,4.4238619682468e-4,1208.79739356785,1397.71368411467,1859.152,0.707392497651068,915.8777717038745
512,268.288,0.709923213310445,0.359930681006998,536.576,2020_kk_115_redo,Kusko,2020,0.706978785706154,0.364169717633218,4.5871429893551e-4,1208.79739356785,1397.71368411467,1859.152,0.707392497651068,915.8777717038745
513,268.812,0.70657244503216,0.363317223932145,537.624,2020_kk_115_redo,Kusko,2020,0.706955071434372,0.364571619813653,4.0190218043506e-4,1208.79739356785,1397.71368411467,1859.152,0.707392497651068,915.8777717038745
514,269.336,0.709150388867048,0.363078537080542,538.672,2020_kk_115_redo,Kusko,2020,0.706953193626541,0.365044196704678,4.7257689102525e-4,1208.79739356785,1397.71368411467,1859.152,0.707392497651068,915.8777717038745
515,269.86,0.70640198741483,0.361639598945412,539.72,2020_kk_115_redo,Kusko,2020,0.707049377687845,0.365515863123455,4.7166641877732e-4,1208.79739356785,1397.71368411467,1859.152,0.707392497651068,915.8777717038745
516,270.384,0.705414022421754,0.364094132021659,540.768,2020_kk_115_redo,Kusko,2020,0.707018943957639,0.366101265755691,5.8540263223527e-4,1208.79739356785,1397.71368411467,1859.152,0.707392497651068,915.8777717038745
517,270.908,0.709120102818096,0.368005803603154,541.816,2020_kk_115_redo,Kusko,2020,0.70699580145807694,0.366672025911924,5.7076015623353e-4,1208.79739356785,1397.71368411467,1859.152,0.707392497651068,915.8777717038745
518,271.432,0.705266151813915,0.363272956748583,542.864,2020_kk_115_redo,Kusko,2020,0.706941048199148,0.367184297481508,5.1227156958377e-4,1208.79739356785,1397.71368411467,1859.152,0.707392497651068,915.8777717038745
519,271.956,0.706457489651506,0.363238496740253,543.912,2020_kk_115_redo,Kusko,2020,0.706914590960725,0.367740798101431,5.5650061992318e-4,1208.79739356785,1397.71368411467,1859.152,0.707392497651068,915.8777717038745
520,272.48,0.707744698606271,0.365901651221223,544.96,2020_kk_115_redo,Kusko,2020,0.706922282098669,0.368216026316867,4.7522821543633e-4,1208.79739356785,1397.71368411467,1859.152,0.707392497651068,915.8777717038745
521,273.004,0.708486627743273,0.365608731817139,546.008,2020_kk_115_redo,Kusko,2020,0.70696457157174,0.368779441397297,5.6341508042928e-4,1208.79739356785,1397.71368411467,1859.152,0.707392497651068,915.8777717038745
522,273.528,0.706001073206733,0.367307837614857,547.056,2020_kk_115_redo,Kusko,2020,0.706976889769662,0.369480116234133,7.0067483683633e-4,1208.79739356785,1397.71368411467,1859.152,0.707392497651068,915.8777717038745
523,274.052,0.707439523598607,0.369108821425196,548.104,2020_kk_115_redo,Kusko,2020,0.707025031038685,0.370087801715632,6.0768548149936e-4,1208.79739356785,1397.71368411467,1859.152,0.707392497651068,915.8777717038745
524,274.576,0.705341573586788,0.362681393355615,549.152,2020_kk_115_redo,Kusko,2020,0.707027875951586,0.370717777279017,6.2997556338417e-4,1208.79739356785,1397.71368411467,1859.152,0.707392497651068,915.8777717038745
525,275.1,0.709562101855481,0.362474192487366,550.2,2020_kk_115_redo,Kusko,2020,0.706961400979886,0.371384808783114,6.6703150409785e-4,1208.79739356785,1397.71368411467,1859.152,0.707392497651068,915.8777717038745
526,275.624,0.709539244595502,0.362788368097218,551.248,2020_kk_115_redo,Kusko,2020,0.706931503541424,0.372101119052607,7.1631026949264e-4,1208.79739356785,1397.71368411467,1859.152,0.707392497651068,915.8777717038745
527,276.148,0.708506387363518,0.368301567158188,552.296,2020_kk_115_redo,Kusko,2020,0.706941090638938,0.372724778875374,6.2365982276724e-4,1208.79739356785,1397.71368411467,1859.152,0.707392497651068,915.8777717038745
528,276.672,0.704653187135559,0.369153165294429,553.344,2020_kk_115_redo,Kusko,2020,0.707048622046739,0.373301185071034,5.7640619565979e-4,1208.79739356785,1397.71368411467,1859.152,0.707392497651068,915.8777717038745
529,277.196,0.707047428163007,0.368416465899002,554.392,2020_kk_115_redo,Kusko,2020,0.70699095821036,0.373885351270426,5.841661993915e-4,1208.79739356785,1397.71368411467,1859.152,0.707392497651068,915.8777717038745
530,277.72,0.705256212568843,0.369298557527368,555.44,2020_kk_115_redo,Kusko,2020,0.706985398017963,0.374322723578993,4.3737230856733e-4,1208.79739356785,1397.71368411467,1859.152,0.707392497651068,915.8777717038745
531,278.244,0.702716064046792,0.368809684222306,556.488,2020_kk_115_redo,Kusko,2020,0.706947244606766,0.374789026014294,4.6630243530099e-4,1208.79739356785,1397.71368411467,1859.152,0.707392497651068,915.8777717038745
532,278.768,0.706614283573597,0.371447005590076,557.536,2020_kk_115_redo,Kusko,2020,0.70696412603158,0.375153201386965,3.6417537267124e-4,1208.79739356785,1397.71368411467,1859.152,0.707392497651068,915.8777717038745
533,279.292,0.706657744309286,0.367762058114512,558.584,2020_kk_115_redo,Kusko,2020,0.706966003046166,0.375399120360467,2.4591897350145e-4,1208.79739356785,1397.71368411467,1859.152,0.707392497651068,915.8777717038745
534,279.816,0.706631796287888,0.373178664932029,559.632,2020_kk_115_redo,Kusko,2020,0.70699262256067,0.375484870431841,8.5750071374624e-5,1208.79739356785,1397.71368411467,1859.152,0.707392497651068,915.8777717038745
535,280.34,0.708342911795501,0.372952626596341,560.68,2020_kk_115_redo,Kusko,2020,0.70698003891021,0.375465027312677,-1.98431191645865e-5,1208.79739356785,1397.71368411467,1859.152,0.707392497651068,915.8777717038745
536,280.864,0.709248349467898,0.379106374781512,561.728,2020_kk_115_redo,Kusko,2020,0.706953303545943,0.375404049254803,-6.09780578738617e-5,1208.79739356785,1397.71368411467,1859.152,0.707392497651068,915.8777717038745
537,281.388,0.706763742715269,0.377183537687038,562.776,2020_kk_115_redo,Kusko,2020,0.707010747253855,0.37527463476806,-1.2941448674264e-4,1208.79739356785,1397.71368411467,1859.152,0.707392497651068,915.8777717038745
538,281.912,0.708075777020918,0.377721369205147,563.824,2020_kk_115_redo,Kusko,2020,0.707009512992199,0.375051527190394,-2.2310757766647e-4,1208.79739356785,1397.71368411467,1859.152,0.707392497651068,915.8777717038745
539,282.436,0.706373614365224,0.379703509696178,564.872,2020_kk_115_redo,Kusko,2020,0.706980885021945,0.374570042450443,-4.8148473995057e-4,1208.79739356785,1397.71368411467,1859.152,0.707392497651068,915.8777717038745
540,282.96,0.711697180347931,0.38176799117835,565.92,2020_kk_115_redo,Kusko,2020,0.70703552926857,0.374235893520804,-3.3414892963928e-4,1208.79739356785,1397.71368411467,1859.152,0.707392497651068,915.8777717038745
541,283.484,0.709680214033344,0.387636533432387,566.968,2020_kk_115_redo,Kusko,2020,0.707037733416268,0.373693370432352,-5.4252308845187e-4,1208.79739356785,1397.71368411467,1859.152,0.707392497651068,915.8777717038745
542,284.008,0.70722165410505,0.388718813120998,568.016,2020_kk_115_redo,Kusko,2020,0.706977979012968,0.373051744611289,-6.4162582106258e-4,1208.79739356785,1397.71368411467,1859.152,0.707392497651068,915.8777717038745
543,284.532,0.706502126032058,0.389293566111666,569.064,2020_kk_115_redo,Kusko,2020,0.70702239543966106,0.372354832186358,-6.969124249313e-4,1208.79739356785,1397.71368411467,1859.152,0.707392497651068,915.8777717038745
544,285.056,0.707187501263319,0.387418163181014,570.112,2020_kk_115_redo,Kusko,2020,0.707029062627642,0.371539400698173,-8.1543148818541e-4,1208.79739356785,1397.71368411467,1859.152,0.707392497651068,915.8777717038745
545,285.58,0.707833128538622,0.389596626596249,571.16,2020_kk_115_redo,Kusko,2020,0.707037405622628,0.370762337292248,-7.7706340592437e-4,1208.79739356785,1397.71368411467,1859.152,0.707392497651068,915.8777717038745
546,286.104,0.70563060827101,0.395313983713427,572.208,2020_kk_115_redo,Kusko,2020,0.707102822102375,0.369853314068337,-9.0902322391145e-4,1208.79739356785,1397.71368411467,1859.152,0.707392497651068,915.8777717038745
547,286.628,0.70478717294774,0.391899061766199,573.256,2020_kk_115_redo,Kusko,2020,0.707024331129768,0.368812490290258,-0.00104082377807863,1208.79739356785,1397.71368411467,1859.152,0.707392497651068,915.8777717038745
548,287.152,0.705658966154965,0.39410086902779,574.304,2020_kk_115_redo,Kusko,2020,0.707096993194241,0.36782419646668,-9.8829382357829e-4,1208.79739356785,1397.71368411467,1859.152,0.707392497651068,915.8777717038745
549,287.676,0.707193731766743,0.392524332018613,575.352,2020_kk_115_redo,Kusko,2020,0.707111766947719,0.366905440438308,-9.1875602837221e-4,1208.79739356785,1397.71368411467,1859.152,0.707392497651068,915.8777717038745
550,288.2,0.706943160045217,0.391718571119292,576.4,2020_kk_115_redo,Kusko,2020,0.707055527203678,0.365867378446956,-0.00103806199135192,1208.79739356785,1397.71368411467,1859.152,0.707392497651068,915.8777717038745
551,288.724,0.707075498468501,0.394656004736102,577.448,2020_kk_115_redo,Kusko,2020,0.706994464971213,0.364819060302457,-0.00104831814449874,1208.79739356785,1397.71368411467,1859.152,0.707392497651068,915.8777717038745
552,289.248,0.706459733686167,0.399079878218011,578.496,2020_kk_115_redo,Kusko,2020,0.707057972193944,0.36377368875581,-0.00104537154664663,1208.79739356785,1397.71368411467,1859.152,0.707392497651068,915.8777717038745
553,289.772,0.705614762188589,0.394755985041382,579.544,2020_kk_115_redo,Kusko,2020,0.707078071916641,0.362625588673556,-0.00114810008225397,1208.79739356785,1397.71368411467,1859.152,0.707392497651068,915.8777717038745
554,290.296,0.707171408757576,0.396627229168082,580.592,2020_kk_115_redo,Kusko,2020,0.707118850539732,0.361652034124735,-9.7355454882164e-4,1208.79739356785,1397.71368411467,1859.152,0.707392497651068,915.8777717038745
555,290.82,0.704999796761365,0.39414657631382,581.64,2020_kk_115_redo,Kusko,2020,0.707019191810588,0.360681482647214,-9.7055147752095e-4,1208.79739356785,1397.71368411467,1859.152,0.707392497651068,915.8777717038745
556,291.344,0.703721480150275,0.396843403250452,582.688,2020_kk_115_redo,Kusko,2020,0.707029477094958,0.359733203982532,-9.4827866468205e-4,1208.79739356785,1397.71368411467,1859.152,0.707392497651068,915.8777717038745
557,291.868,0.709457612358842,0.392548998094921,583.736,2020_kk_115_redo,Kusko,2020,0.707044608668163,0.358734305577044,-9.9889840548789e-4,1208.79739356785,1397.71368411467,1859.152,0.707392497651068,915.8777717038745
558,292.392,0.709206710069689,0.390123059126598,584.784,2020_kk_115_redo,Kusko,2020,0.70714806842381,0.35770125681305,-0.00103304876399357,1208.79739356785,1397.71368411467,1859.152,0.707392497651068,915.8777717038745
559,292.916,0.704605701827291,0.389453583751497,585.832,2020_kk_115_redo,Kusko,2020,0.707138713978408,0.356636134293841,-0.00106512251920937,1208.79739356785,1397.71368411467,1859.152,0.707392497651068,915.8777717038745
560,293.44,0.706955405895575,0.382475954315465,586.88,2020_kk_115_redo,Kusko,2020,0.707258985967846,0.35557806807716,-0.00105806621668103,1208.79739356785,1397.71368411467,1859.152,0.707392497651068,915.8777717038745
561,293.964,0.706853156809712,0.38327281251608,587.928,2020_kk_115_redo,Kusko,2020,0.707371333943328,0.35454034586966,-0.00103772220749954,1208.79739356785,1397.71368411467,1859.152,0.707392497651068,915.8777717038745
562,294.488,0.707310193153324,0.377645849553873,588.976,2020_kk_115_redo,Kusko,2020,0.707375554792388,0.353419269670424,-0.00112107619923624,1208.79739356785,1397.71368411467,1859.152,0.707392497651068,915.8777717038745
563,295.012,0.706633434459599,0.372265607803719,590.024,2020_kk_115_redo,Kusko,2020,0.707379784227038,0.352334439462065,-0.00108483020835898,1208.79739356785,1397.71368411467,1859.152,0.707392497651068,915.8777717038745
564,295.536,0.708091733954643,0.365239673069388,591.072,2020_kk_115_redo,Kusko,2020,0.707389172593694,0.351197500218554,-0.00113693924351072,1208.79739356785,1397.71368411467,1859.152,0.707392497651068,915.8777717038745
565,296.06,0.707724933366474,0.357346842269577,592.12,2020_kk_115_redo,Kusko,2020,0.7073754554264,0.350098674072424,-0.00109882614613072,1208.79739356785,1397.71368411467,1859.152,0.707392497651068,915.8777717038745
566,296.584,0.704960079474529,0.351506733810094,593.168,2020_kk_115_redo,Kusko,2020,0.707335492774999,0.348890775972923,-0.0012078980995005,1208.79739356785,1397.71368411467,1859.152,0.707392497651068,915.8777717038745
567,297.108,0.708359104467382,0.34811676190864,594.216,2020_kk_115_redo,Kusko,2020,0.707322864504939,0.347710928485019,-0.00117984748790462,1208.79739356785,1397.71368411467,1859.152,0.707392497651068,915.8777717038745
568,297.632,0.707857244640966,0.340995677487366,595.264,2020_kk_115_redo,Kusko,2020,0.707286478231885,0.346495219438891,-0.00121570904612744,1208.79739356785,1397.71368411467,1859.152,0.707392497651068,915.8777717038745
569,298.156,0.705257589433465,0.334650341142159,596.312,2020_kk_115_redo,Kusko,2020,0.707297787644343,0.345190366980043,-0.00130485245884859,1208.79739356785,1397.71368411467,1859.152,0.707392497651068,915.8777717038745
570,298.68,0.709545396478978,0.335779627447482,597.36,2020_kk_115_redo,Kusko,2020,0.707255992237769,0.343890853161794,-0.0012995138182485,1208.79739356785,1397.71368411467,1859.152,0.707392497651068,915.8777717038745
571,299.204,0.704759441731384,0.32860010284893,598.408,2020_kk_115_redo,Kusko,2020,0.707207372911961,0.342459924250986,-0.00143092891080804,1208.79739356785,1397.71368411467,1859.152,0.707392497651068,915.8777717038745
572,299.728,0.706337949112449,0.321433131743243,599.456,2020_kk_115_redo,Kusko,2020,0.707240506276201,0.340976993909039,-0.00148293034194724,1208.79739356785,1397.71368411467,1859.152,0.707392497651068,915.8777717038745
573,300.252,0.709237430633765,0.321502478436269,600.504,2020_kk_115_redo,Kusko,2020,0.707228737453207,0.339484538895661,-0.00149245501337819,1208.79739356785,1397.71368411467,1859.152,0.707392497651068,915.8777717038745
574,300.776,0.709550420145912,0.314152647789415,601.552,2020_kk_115_redo,Kusko,2020,0.707291232839784,0.338030591936864,-0.00145394695879697,1208.79739356785,1397.71368411467,1859.152,0.707392497651068,915.8777717038745
575,301.3,0.706902567113963,0.315015794589948,602.6,2020_kk_115_redo,Kusko,2020,0.707370422958945,0.336512937583837,-0.00151765435302637,1208.79739356785,1397.71368411467,1859.152,0.707392497651068,915.8777717038745
576,301.824,0.709339011206576,0.309552738586972,603.648,2020_kk_115_redo,Kusko,2020,0.707407833014886,0.334932669841492,-0.0015802677423456,1208.79739356785,1397.71368411467,1859.152,0.707392497651068,915.8777717038745
577,302.348,0.704410644461674,0.305556376918436,604.696,2020_kk_115_redo,Kusko,2020,0.707489885377903,0.333433963073543,-0.00149870676794878,1208.79739356785,1397.71368411467,1859.152,0.707392497651068,915.8777717038745
578,302.872,0.709625875682313,0.303975327333885,605.744,2020_kk_115_redo,Kusko,2020,0.707546568941084,0.331915389880692,-0.00151857319285065,1208.79739356785,1397.71368411467,1859.152,0.707392497651068,915.8777717038745
579,303.396,0.707343914860178,0.30811313503792,606.792,2020_kk_115_redo,Kusko,2020,0.707512246910403,0.33043669024078,-0.00147869963991265,1208.79739356785,1397.71368411467,1859.152,0.707392497651068,915.8777717038745
580,303.92,0.704370313963793,0.303617931740107,607.84,2020_kk_115_redo,Kusko,2020,0.707507459533975,0.328888742702659,-0.00154794753812104,1208.79739356785,1397.71368411467,1859.152,0.707392497651068,915.8777717038745
581,304.444,0.704822893795395,0.302709643147216,608.888,2020_kk_115_redo,Kusko,2020,0.707532048074993,0.327312914623685,-0.00157582807897361,1208.79739356785,1397.71368411467,1859.152,0.707392497651068,915.8777717038745
582,304.968,0.70981150657059,0.304585544816058,609.936,2020_kk_115_redo,Kusko,2020,0.707579306642988,0.325661723066988,-0.00165119155669685,1208.79739356785,1397.71368411467,1859.152,0.707392497651068,915.8777717038745
583,305.492,0.708645506960442,0.30022281648996,610.984,2020_kk_115_redo,Kusko,2020,0.707622655322759,0.324120443914309,-0.00154127915267938,1208.79739356785,1397.71368411467,1859.152,0.707392497651068,915.8777717038745
584,306.016,0.707788290972225,0.304268120426319,612.032,2020_kk_115_redo,Kusko,2020,0.707653711019069,0.322553312842762,-0.00156713107154627,1208.79739356785,1397.71368411467,1859.152,0.707392497651068,915.8777717038745
585,306.54,0.703582578106863,0.304241103836107,613.08,2020_kk_115_redo,Kusko,2020,0.707734730307041,0.321087248792837,-0.00146606404992561,1208.79739356785,1397.71368411467,1859.152,0.707392497651068,915.8777717038745
586,307.064,0.710156361657703,0.305891648216296,614.128,2020_kk_115_redo,Kusko,2020,0.707839602842236,0.319602337956282,-0.00148491083655528,1208.79739356785,1397.71368411467,1859.152,0.707392497651068,915.8777717038745
587,307.588,0.709414281755832,0.308367662828915,615.176,2020_kk_115_redo,Kusko,2020,0.707834562311671,0.318103263837896,-0.00149907411838535,1208.79739356785,1397.71368411467,1859.152,0.707392497651068,915.8777717038745
588,308.112,0.710860772474349,0.307170239454813,616.224,2020_kk_115_redo,Kusko,2020,0.707789497856097,0.316636626154631,-0.00146663768326533,1208.79739356785,1397.71368411467,1859.152,0.707392497651068,915.8777717038745
589,308.636,0.70648616143889,0.30450911474644,617.272,2020_kk_115_redo,Kusko,2020,0.707853473384813,0.315212694536179,-0.00142393161845228,1208.79739356785,1397.71368411467,1859.152,0.707392497651068,915.8777717038745
590,309.16,0.712472531935119,0.305814584526505,618.32,2020_kk_115_redo,Kusko,2020,0.707906553476532,0.313855827676835,-0.00135686685934377,1208.79739356785,1397.71368411467,1859.152,0.707392497651068,915.8777717038745
591,309.684,0.709456942575745,0.306546351772337,619.368,2020_kk_115_redo,Kusko,2020,0.707908218223118,0.312503929195168,-0.00135189848166728,1208.79739356785,1397.71368411467,1859.152,0.707392497651068,915.8777717038745
592,310.208,0.706867534517164,0.304182433635901,620.416,2020_kk_115_redo,Kusko,2020,0.707903252232397,0.311225651524426,-0.00127827767074107,1208.79739356785,1397.71368411467,1859.152,0.707392497651068,915.8777717038745
593,310.732,0.706911510388293,0.302672245612976,621.464,2020_kk_115_redo,Kusko,2020,0.7079085971914,0.310024119835239,-0.00120153168918796,1208.79739356785,1397.71368411467,1859.152,0.707392497651068,915.8777717038745
594,311.256,0.707195098287248,0.304962310321386,622.512,2020_kk_115_redo,Kusko,2020,0.707954218662517,0.308940482822312,-0.00108363701292663,1208.79739356785,1397.71368411467,1859.152,0.707392497651068,915.8777717038745
595,311.78,0.707519881757842,0.307023057828497,623.56,2020_kk_115_redo,Kusko,2020,0.707993542678701,0.308048816993519,-8.916658287929e-4,1208.79739356785,1397.71368411467,1859.152,0.707392497651068,915.8777717038745
596,312.304,0.706850590383848,0.306632488811482,624.608,2020_kk_115_redo,Kusko,2020,0.708033847331449,0.30727968132478,-7.6913566873893e-4,1208.79739356785,1397.71368411467,1859.152,0.707392497651068,915.8777717038745
597,312.828,0.7060060465117,0.306392688412758,625.656,2020_kk_115_redo,Kusko,2020,0.708033170159553,0.306518765374342,-7.6091595043786e-4,1208.79739356785,1397.71368411467,1859.152,0.707392497651068,915.8777717038745
598,313.352,0.705892600637686,0.304778826437501,626.704,2020_kk_115_redo,Kusko,2020,0.708016478832355,0.30592038478332,-5.983805910224e-4,1208.79739356785,1397.71368411467,1859.152,0.707392497651068,915.8777717038745
599,313.876,0.70705217911271,0.301412362165262,627.752,2020_kk_115_redo,Kusko,2020,0.70803198886769,0.305439542901622,-4.8084188169794e-4,1208.79739356785,1397.71368411467,1859.152,0.707392497651068,915.8777717038745
600,314.4,0.709189455953441,0.303797162083443,628.8,2020_kk_115_redo,Kusko,2020,0.708023368747167,0.304900855720821,-5.386871808013e-4,1208.79739356785,1397.71368411467,1859.152,0.707392497651068,915.8777717038745
601,314.924,0.706763054484864,0.301780798783903,629.848,2020_kk_115_redo,Kusko,2020,0.708076296863842,0.304507256599948,-3.9359912087239e-4,1208.79739356785,1397.71368411467,1859.152,0.707392497651068,915.8777717038745
602,315.448,0.709209655959448,0.299742992604161,630.896,2020_kk_115_redo,Kusko,2020,0.708061991183081,0.304277199202257,-2.3005739769099e-4,1208.79739356785,1397.71368411467,1859.152,0.707392497651068,915.8777717038745
603,315.972,0.705795996652414,0.299746265308978,631.944,2020_kk_115_redo,Kusko,2020,0.708006739897645,0.304033194881571,-2.4400432068649e-4,1208.79739356785,1397.71368411467,1859.152,0.707392497651068,915.8777717038745
604,316.496,0.710937224457947,0.300181345653193,632.992,2020_kk_115_redo,Kusko,2020,0.708011210699056,0.303887292008491,-1.4590287308002e-4,1208.79739356785,1397.71368411467,1859.152,0.707392497651068,915.8777717038745
605,317.02,0.71258453568827,0.298537365414669,634.04,2020_kk_115_redo,Kusko,2020,0.708092067880506,0.303809849013523,-7.7442994967647e-5,1208.79739356785,1397.71368411467,1859.152,0.707392497651068,915.8777717038745
606,317.544,0.707875211627508,0.300497919172691,635.088,2020_kk_115_redo,Kusko,2020,0.70805417724593,0.303809561626126,-2.87387396491479e-7,1208.79739356785,1397.71368411467,1859.152,0.707392497651068,915.8777717038745
607,318.068,0.709710314728736,0.301976655689274,636.136,2020_kk_115_redo,Kusko,2020,0.708106208737998,0.303868929542327,5.93679162000926e-5,1208.79739356785,1397.71368411467,1859.152,0.707392497651068,915.8777717038745
608,318.592,0.709059979945837,0.30298647745675,637.184,2020_kk_115_redo,Kusko,2020,0.708079486023784,0.303947481282954,7.85517406277081e-5,1208.79739356785,1397.71368411467,1859.152,0.707392497651068,915.8777717038745
609,319.116,0.705134409925885,0.303802353623853,638.232,2020_kk_115_redo,Kusko,2020,0.708144359181819,0.30402646489469,7.89836117359166e-5,1208.79739356785,1397.71368411467,1859.152,0.707392497651068,915.8777717038745
610,319.64,0.706655917459537,0.29884171883203,639.28,2020_kk_115_redo,Kusko,2020,0.708229440441601,0.304278037914777,2.5157302008699e-4,1208.79739356785,1397.71368411467,1859.152,0.707392497651068,915.8777717038745
611,320.164,0.708550810929587,0.300106319997684,640.328,2020_kk_115_redo,Kusko,2020,0.708356703164458,0.304535053843874,2.5701592909677e-4,1208.79739356785,1397.71368411467,1859.152,0.707392497651068,915.8777717038745
612,320.688,0.709295247765827,0.300008384816202,641.376,2020_kk_115_redo,Kusko,2020,0.708299458832314,0.304778347718005,2.4329387413141e-4,1208.79739356785,1397.71368411467,1859.152,0.707392497651068,915.8777717038745
613,321.212,0.708215682974875,0.302279235880619,642.424,2020_kk_115_redo,Kusko,2020,0.708339209962609,0.305123232689198,3.4488497119256e-4,1208.79739356785,1397.71368411467,1859.152,0.707392497651068,915.8777717038745
614,321.736,0.709034750536154,0.302599364875306,643.472,2020_kk_115_redo,Kusko,2020,0.708309739062242,0.305390054288307,2.6682159910912e-4,1208.79739356785,1397.71368411467,1859.152,0.707392497651068,915.8777717038745
615,322.26,0.709860954039708,0.306182733318286,644.52,2020_kk_115_redo,Kusko,2020,0.708332304426279,0.305612789543139,2.2273525483201e-4,1208.79739356785,1397.71368411467,1859.152,0.707392497651068,915.8777717038745
616,322.784,0.710013832261994,0.307748753057135,645.568,2020_kk_115_redo,Kusko,2020,0.708317098971028,0.305899498527324,2.8670898418514e-4,1208.79739356785,1397.71368411467,1859.152,0.707392497651068,915.8777717038745
617,323.308,0.709155180524948,0.3026045509918,646.616,2020_kk_115_redo,Kusko,2020,0.708253652442961,0.306141615739784,2.4211721245964e-4,1208.79739356785,1397.71368411467,1859.152,0.707392497651068,915.8777717038745
618,323.832,0.706502842735253,0.302124798130679,647.664,2020_kk_115_redo,Kusko,2020,0.708188577908465,0.306483662380365,3.4204664058118e-4,1208.79739356785,1397.71368411467,1859.152,0.707392497651068,915.8777717038745
619,324.356,0.708444233550196,0.304017686644362,648.712,2020_kk_115_redo,Kusko,2020,0.708234989281847,0.306914067885089,4.304055047235e-4,1208.79739356785,1397.71368411467,1859.152,0.707392497651068,915.8777717038745
620,324.88,0.710140211398711,0.301063942754837,649.76,2020_kk_115_redo,Kusko,2020,0.708185530842274,0.307301803975153,3.877360900647e-4,1208.79739356785,1397.71368411467,1859.152,0.707392497651068,915.8777717038745
621,325.404,0.706953041604879,0.302158903616042,650.808,2020_kk_115_redo,Kusko,2020,0.708125975374313,0.307705398668087,4.0359469293388e-4,1208.79739356785,1397.71368411467,1859.152,0.707392497651068,915.8777717038745
622,325.928,0.707012233710098,0.300949189309409,651.856,2020_kk_115_redo,Kusko,2020,0.708118310618063,0.308241893069727,5.3649440164033e-4,1208.79739356785,1397.71368411467,1859.152,0.707392497651068,915.8777717038745
623,326.452,0.706954131999783,0.300173706452442,652.904,2020_kk_115_redo,Kusko,2020,0.708186868785932,0.3088051542766,5.6326120687244e-4,1208.79739356785,1397.71368411467,1859.152,0.707392497651068,915.8777717038745
624,326.976,0.710829022221642,0.300221452293794,653.952,2020_kk_115_redo,Kusko,2020,0.708157302616726,0.309391036861746,5.8588258514624e-4,1208.79739356785,1397.71368411467,1859.152,0.707392497651068,915.8777717038745
625,327.5,0.710084374337519,0.303846892541998,655,2020_kk_115_redo,Kusko,2020,0.708190398722348,0.309956502377904,5.6546551615754e-4,1208.79739356785,1397.71368411467,1859.152,0.707392497651068,915.8777717038745
626,328.024,0.707378358639418,0.305358593685762,656.048,2020_kk_115_redo,Kusko,2020,0.708186090040766,0.310617292174261,6.6078979635703e-4,1208.79739356785,1397.71368411467,1859.152,0.707392497651068,915.8777717038745
627,328.548,0.708318474153626,0.302461804882368,657.096,2020_kk_115_redo,Kusko,2020,0.708206399975756,0.31127397956751,6.5668739324925e-4,1208.79739356785,1397.71368411467,1859.152,0.707392497651068,915.8777717038745
628,329.072,0.706855765009074,0.305092842026024,658.144,2020_kk_115_redo,Kusko,2020,0.708244637551832,0.3120001852897,7.262057221905e-4,1208.79739356785,1397.71368411467,1859.152,0.707392497651068,915.8777717038745
629,329.596,0.70618819155359,0.30579982824028,659.192,2020_kk_115_redo,Kusko,2020,0.708252399259454,0.312881122644381,8.8093735468081e-4,1208.79739356785,1397.71368411467,1859.152,0.707392497651068,915.8777717038745
630,330.12,0.70902818924757,0.303458396599406,660.24,2020_kk_115_redo,Kusko,2020,0.708237753722547,0.313726976616647,8.4585397226583e-4,1208.79739356785,1397.71368411467,1859.152,0.707392497651068,915.8777717038745
631,330.644,0.707935128731887,0.304984155596585,661.288,2020_kk_115_redo,Kusko,2020,0.708271357578964,0.314707379443078,9.8040282643102e-4,1208.79739356785,1397.71368411467,1859.152,0.707392497651068,915.8777717038745
632,331.168,0.705479608266774,0.307629687881783,662.336,2020_kk_115_redo,Kusko,2020,0.708243094323218,0.315759409976287,0.0010520305332089,1208.79739356785,1397.71368411467,1859.152,0.707392497651068,915.8777717038745
633,331.692,0.705922353507633,0.306862219195077,663.384,2020_kk_115_redo,Kusko,2020,0.708284007160194,0.316869486261586,0.00111007628529936,1208.79739356785,1397.71368411467,1859.152,0.707392497651068,915.8777717038745
634,332.216,0.709818668230594,0.305398475404613,664.432,2020_kk_115_redo,Kusko,2020,0.708200276028211,0.317978159409577,0.00110867314799057,1208.79739356785,1397.71368411467,1859.152,0.707392497651068,915.8777717038745
635,332.74,0.711753998000954,0.310369214891891,665.48,2020_kk_115_redo,Kusko,2020,0.708155542969153,0.319157493898311,0.00117933448873425,1208.79739356785,1397.71368411467,1859.152,0.707392497651068,915.8777717038745
636,333.264,0.707065573131997,0.309535495343182,666.528,2020_kk_115_redo,Kusko,2020,0.708186047334586,0.320378059480953,0.00122056558264205,1208.79739356785,1397.71368411467,1859.152,0.707392497651068,915.8777717038745
637,333.788,0.707532533985769,0.309118451890441,667.576,2020_kk_115_redo,Kusko,2020,0.708195490013878,0.32165289321518,0.00127483373422688,1208.79739356785,1397.71368411467,1859.152,0.707392497651068,915.8777717038745
638,334.312,0.708022512829443,0.308688431771549,668.624,2020_kk_115_redo,Kusko,2020,0.708170908065354,0.322930588355324,0.00127769514014364,1208.79739356785,1397.71368411467,1859.152,0.707392497651068,915.8777717038745
639,334.836,0.711236304342301,0.312852151742074,669.672,2020_kk_115_redo,Kusko,2020,0.708212852899083,0.324227286837505,0.00129669848218134,1208.79739356785,1397.71368411467,1859.152,0.707392497651068,915.8777717038745
640,335.36,0.709475189550688,0.318712312945327,670.72,2020_kk_115_redo,Kusko,2020,0.70820274936359,0.325595694670419,0.0013684078329137,1208.79739356785,1397.71368411467,1859.152,0.707392497651068,915.8777717038745
641,335.884,0.712458657166823,0.318130598893023,671.768,2020_kk_115_redo,Kusko,2020,0.708229710220953,0.326953956076908,0.00135826140648915,1208.79739356785,1397.71368411467,1859.152,0.707392497651068,915.8777717038745
642,336.408,0.706376846641982,0.319183177263944,672.816,2020_kk_115_redo,Kusko,2020,0.708220966773044,0.328427486682493,0.00147353060558492,1208.79739356785,1397.71368411467,1859.152,0.707392497651068,915.8777717038745
643,336.932,0.711030574778112,0.320915914761513,673.864,2020_kk_115_redo,Kusko,2020,0.708215386352029,0.329889883162479,0.00146239647998647,1208.79739356785,1397.71368411467,1859.152,0.707392497651068,915.8777717038745
644,337.456,0.706020036950197,0.320277416372863,674.912,2020_kk_115_redo,Kusko,2020,0.708189966969818,0.331437193390805,0.00154731022832588,1208.79739356785,1397.71368411467,1859.152,0.707392497651068,915.8777717038745
645,337.98,0.704936499949098,0.317605219126028,675.96,2020_kk_115_redo,Kusko,2020,0.708130866860999,0.33296971718662,0.00153252379581426,1208.79739356785,1397.71368411467,1859.152,0.707392497651068,915.8777717038745
646,338.504,0.709244034342625,0.323094187267405,677.008,2020_kk_115_redo,Kusko,2020,0.708102632649013,0.334513420830263,0.00154370364364331,1208.79739356785,1397.71368411467,1859.152,0.707392497651068,915.8777717038745
647,339.028,0.705607490071855,0.322894695576494,678.056,2020_kk_115_redo,Kusko,2020,0.708090631366243,0.336100272923645,0.00158685209338244,1208.79739356785,1397.71368411467,1859.152,0.707392497651068,915.8777717038745
648,339.552,0.706956300404589,0.327693037889684,679.104,2020_kk_115_redo,Kusko,2020,0.708148106117902,0.337750424697703,0.00165015177405747,1208.79739356785,1397.71368411467,1859.152,0.707392497651068,915.8777717038745
649,340.076,0.7092708438418,0.330333445029849,680.152,2020_kk_115_redo,Kusko,2020,0.708171026293444,0.339378946495904,0.00162852179820144,1208.79739356785,1397.71368411467,1859.152,0.707392497651068,915.8777717038745
650,340.6,0.709505025560732,0.329078749930388,681.2,2020_kk_115_redo,Kusko,2020,0.708131794149841,0.341102830215619,0.00172388371971438,1208.79739356785,1397.71368411467,1859.152,0.707392497651068,915.8777717038745
651,341.124,0.705883614498088,0.330762033348367,682.248,2020_kk_115_redo,Kusko,2020,0.708182510134786,0.342784637759121,0.00168180754350211,1208.79739356785,1397.71368411467,1859.152,0.707392497651068,915.8777717038745
652,341.648,0.706407649142161,0.336372097734322,683.296,2020_kk_115_redo,Kusko,2020,0.708199108900673,0.344447452720584,0.00166281496146337,1208.79739356785,1397.71368411467,1859.152,0.707392497651068,915.8777717038745
653,342.172,0.711025000460448,0.336467918025322,684.344,2020_kk_115_redo,Kusko,2020,0.708162181776875,0.346014050489177,0.00156659776859264,1208.79739356785,1397.71368411467,1859.152,0.707392497651068,915.8777717038745
654,342.696,0.70542112813489,0.34011526543016,685.392,2020_kk_115_redo,Kusko,2020,0.708126782403993,0.34762278761359,0.00160873712441334,1208.79739356785,1397.71368411467,1859.152,0.707392497651068,915.8777717038745
655,343.22,0.709505648095142,0.340950988797954,686.44,2020_kk_115_redo,Kusko,2020,0.708146344819452,0.349147385718592,0.00152459810500211,1208.79739356785,1397.71368411467,1859.152,0.707392497651068,915.8777717038745
656,343.744,0.7065920694889,0.346279876592905,687.488,2020_kk_115_redo,Kusko,2020,0.708173786406849,0.350608404758694,0.00146101904010143,1208.79739356785,1397.71368411467,1859.152,0.707392497651068,915.8777717038745
657,344.268,0.707224642611131,0.345793932007714,688.536,2020_kk_115_redo,Kusko,2020,0.708127919433569,0.35210112272821,0.00149271796951678,1208.79739356785,1397.71368411467,1859.152,0.707392497651068,915.8777717038745
658,344.792,0.708186855202248,0.348351169768933,689.584,2020_kk_115_redo,Kusko,2020,0.70817515096827,0.353565663357254,0.00146454062904378,1208.79739356785,1397.71368411467,1859.152,0.707392497651068,915.8777717038745
659,345.316,0.707517881570041,0.35426860344611,690.632,2020_kk_115_redo,Kusko,2020,0.708222504048029,0.355062470301115,0.00149680694386073,1208.79739356785,1397.71368411467,1859.152,0.707392497651068,915.8777717038745
660,345.84,0.70831072373900394,0.354548400419394,691.68,2020_kk_115_redo,Kusko,2020,0.708210640235745,0.356566460563951,0.00150399026283576,1208.79739356785,1397.71368411467,1859.152,0.707392497651068,915.8777717038745
661,346.364,0.708779285869868,0.360604968369765,692.728,2020_kk_115_redo,Kusko,2020,0.708177240287058,0.358079246093304,0.00151278552935363,1208.79739356785,1397.71368411467,1859.152,0.707392497651068,915.8777717038745
662,346.888,0.707513860614681,0.362864824596692,693.776,2020_kk_115_redo,Kusko,2020,0.708193220866471,0.359536360370818,0.0014571142775139899,1208.79739356785,1397.71368411467,1859.152,0.707392497651068,915.8777717038745
663,347.412,0.708250766870968,0.366350842426941,694.824,2020_kk_115_redo,Kusko,2020,0.708234516317665,0.36100929662187,0.0014729362510521,1208.79739356785,1397.71368411467,1859.152,0.707392497651068,915.8777717038745
664,347.936,0.705913356538994,0.366701734532626,695.872,2020_kk_115_redo,Kusko,2020,0.708181699356585,0.362538095231939,0.00152879861006838,1208.79739356785,1397.71368411467,1859.152,0.707392497651068,915.8777717038745
665,348.46,0.709900552144761,0.369297434738723,696.92,2020_kk_115_redo,Kusko,2020,0.708063183118045,0.363928617491775,0.00139052225983649,1208.79739356785,1397.71368411467,1859.152,0.707392497651068,915.8777717038745
666,348.984,0.709705473553479,0.373731854131216,697.968,2020_kk_115_redo,Kusko,2020,0.708067100930072,0.365352296817967,0.00142367932619214,1208.79739356785,1397.71368411467,1859.152,0.707392497651068,915.8777717038745
667,349.508,0.710276875486252,0.378466679742885,699.016,2020_kk_115_redo,Kusko,2020,0.708088637206077,0.366951869032491,0.00159957221452395,1208.79739356785,1397.71368411467,1859.152,0.707392497651068,915.8777717038745
668,350.032,0.707585063034421,0.379648185865367,700.064,2020_kk_115_redo,Kusko,2020,0.708080126435066,0.368496313615684,0.0015444445831922,1208.79739356785,1397.71368411467,1859.152,0.707392497651068,915.8777717038745
669,350.556,0.707651099949599,0.381604262554734,701.112,2020_kk_115_redo,Kusko,2020,0.708024154916901,0.369877648933316,0.0013813353176329,1208.79739356785,1397.71368411467,1859.152,0.707392497651068,915.8777717038745
670,351.08,0.706049705329991,0.380946188806852,702.16,2020_kk_115_redo,Kusko,2020,0.707986556718552,0.371202175916647,0.0013245269833308,1208.79739356785,1397.71368411467,1859.152,0.707392497651068,915.8777717038745
671,351.604,0.710168462371354,0.381602004387034,703.208,2020_kk_115_redo,Kusko,2020,0.707978230882108,0.372585474202171,0.00138329828552425,1208.79739356785,1397.71368411467,1859.152,0.707392497651068,915.8777717038745
672,352.128,0.708770640891292,0.388420221151297,704.256,2020_kk_115_redo,Kusko,2020,0.708004586344422,0.373938499800187,0.00135302559801576,1208.79739356785,1397.71368411467,1859.152,0.707392497651068,915.8777717038745
673,352.652,0.707880857713992,0.390023024679806,705.304,2020_kk_115_redo,Kusko,2020,0.70797095110086,0.375268232473526,0.00132973267333897,1208.79739356785,1397.71368411467,1859.152,0.707392497651068,915.8777717038745
674,353.176,0.707509587603473,0.395437978574863,706.352,2020_kk_115_redo,Kusko,2020,0.708029796844878,0.37656841412278,0.00130018164925416,1208.79739356785,1397.71368411467,1859.152,0.707392497651068,915.8777717038745
675,353.7,0.706314947510541,0.39813416106714,707.4,2020_kk_115_redo,Kusko,2020,0.708065489839357,0.377917238173615,0.00134882405083447,1208.79739356785,1397.71368411467,1859.152,0.707392497651068,915.8777717038745
676,354.224,0.708319779542843,0.400370971675738,708.448,2020_kk_115_redo,Kusko,2020,0.708049954399898,0.379189572784077,0.00127233461046228,1208.79739356785,1397.71368411467,1859.152,0.707392497651068,915.8777717038745
677,354.748,0.708435103558744,0.397815676594746,709.496,2020_kk_115_redo,Kusko,2020,0.708123941918534,0.38038874750943,0.0011991747253533,1208.79739356785,1397.71368411467,1859.152,0.707392497651068,915.8777717038745
678,355.272,0.70995132783482,0.401133904574129,710.544,2020_kk_115_redo,Kusko,2020,0.708195993620688,0.381501038740893,0.00111229123146306,1208.79739356785,1397.71368411467,1859.152,0.707392497651068,915.8777717038745
679,355.796,0.709819444082716,0.401728994536448,711.592,2020_kk_115_redo,Kusko,2020,0.708122585281066,0.382580093275701,0.00107905453480744,1208.79739356785,1397.71368411467,1859.152,0.707392497651068,915.8777717038745
680,356.32,0.707786282782493,0.4044969659377,712.64,2020_kk_115_redo,Kusko,2020,0.708081685717774,0.383655280364604,0.00107518708890281,1208.79739356785,1397.71368411467,1859.152,0.707392497651068,915.8777717038745
681,356.844,0.709996000701617,0.403067356226166,713.688,2020_kk_115_redo,Kusko,2020,0.70810749278504,0.384718404823044,0.00106312445844009,1208.79739356785,1397.71368411467,1859.152,0.707392497651068,915.8777717038745
682,357.368,0.708008159663284,0.40071808699721,714.736,2020_kk_115_redo,Kusko,2020,0.708121824109395,0.385646867580751,9.2846275770691e-4,1208.79739356785,1397.71368411467,1859.152,0.707392497651068,915.8777717038745
683,357.892,0.704738504571936,0.394169572568,715.784,2020_kk_115_redo,Kusko,2020,0.708081304408619,0.386557889874124,9.1102229337314e-4,1208.79739356785,1397.71368411467,1859.152,0.707392497651068,915.8777717038745
684,358.416,0.708705059848696,0.396745679758594,716.832,2020_kk_115_redo,Kusko,2020,0.708137139100481,0.387421973291301,8.6408341717714e-4,1208.79739356785,1397.71368411467,1859.152,0.707392497651068,915.8777717038745
685,358.94,0.711258119265071,0.395322778842124,717.88,2020_kk_115_redo,Kusko,2020,0.708125068548542,0.388279190149249,8.5721685794798e-4,1208.79739356785,1397.71368411467,1859.152,0.707392497651068,915.8777717038745
686,359.464,0.70902485388323,0.393019736091848,718.928,2020_kk_115_redo,Kusko,2020,0.708160108646986,0.389088867520629,8.0967737137993e-4,1208.79739356785,1397.71368411467,1859.152,0.707392497651068,915.8777717038745
687,359.988,0.705566455756845,0.392024883053376,719.976,2020_kk_115_redo,Kusko,2020,0.708220317751572,0.389843780261385,7.5491274075634e-4,1208.79739356785,1397.71368411467,1859.152,0.707392497651068,915.8777717038745
688,360.512,0.709689657091098,0.39296527976865,721.024,2020_kk_115_redo,Kusko,2020,0.708217024514602,0.390591362392996,7.4758213161058e-4,1208.79739356785,1397.71368411467,1859.152,0.707392497651068,915.8777717038745
689,361.036,0.709029376339157,0.395608244871925,722.072,2020_kk_115_redo,Kusko,2020,0.708186212261833,0.391261304944487,6.6994255149116e-4,1208.79739356785,1397.71368411467,1859.152,0.707392497651068,915.8777717038745
690,361.56,0.708316360510556,0.393697812369551,723.12,2020_kk_115_redo,Kusko,2020,0.708162878515454,0.391886465618783,6.2516067429563e-4,1208.79739356785,1397.71368411467,1859.152,0.707392497651068,915.8777717038745
691,362.084,0.705931131810639,0.395751287357805,724.168,2020_kk_115_redo,Kusko,2020,0.708144312072965,0.392397756622892,5.1129100410946e-4,1208.79739356785,1397.71368411467,1859.152,0.707392497651068,915.8777717038745
692,362.608,0.706438443031547,0.395056544532623,725.216,2020_kk_115_redo,Kusko,2020,0.708152458665256,0.392830840840339,4.3308421744692e-4,1208.79739356785,1397.71368411467,1859.152,0.707392497651068,915.8777717038745
693,363.132,0.708400080579307,0.395238394258203,726.264,2020_kk_115_redo,Kusko,2020,0.708079687536293,0.393231376154968,4.005353146288e-4,1208.79739356785,1397.71368411467,1859.152,0.707392497651068,915.8777717038745
694,363.656,0.706649650565751,0.397126392008717,727.312,2020_kk_115_redo,Kusko,2020,0.708127834389094,0.393564395751551,3.3301959658338e-4,1208.79739356785,1397.71368411467,1859.152,0.707392497651068,915.8777717038745
695,364.18,0.70464302368859,0.393800550482078,728.36,2020_kk_115_redo,Kusko,2020,0.708160389091691,0.393857149290932,2.9275353938079e-4,1208.79739356785,1397.71368411467,1859.152,0.707392497651068,915.8777717038745
696,364.704,0.707300641853584,0.394956254914713,729.408,2020_kk_115_redo,Kusko,2020,0.708119751066582,0.394112627005368,2.5547771443568e-4,1208.79739356785,1397.71368411467,1859.152,0.707392497651068,915.8777717038745
697,365.228,0.708824710546072,0.405092784761877,730.456,2020_kk_115_redo,Kusko,2020,0.708049806578257,0.394196310014015,8.36830086468621e-5,1208.79739356785,1397.71368411467,1859.152,0.707392497651068,915.8777717038745
698,365.752,0.707511866568781,0.401355106763082,731.504,2020_kk_115_redo,Kusko,2020,0.70805263611822,0.394288099225645,9.17892116308328e-5,1208.79739356785,1397.71368411467,1859.152,0.707392497651068,915.8777717038745
699,366.276,0.707878013252451,0.395732270800047,732.552,2020_kk_115_redo,Kusko,2020,0.70810220950818,0.394327115187088,3.90159614425678e-5,1208.79739356785,1397.71368411467,1859.152,0.707392497651068,915.8777717038745
700,366.8,0.707219297649724,0.398183931945176,733.6,2020_kk_115_redo,Kusko,2020,0.708160749109838,0.394413662938189,8.65477511008961e-5,1208.79739356785,1397.71368411467,1859.152,0.707392497651068,915.8777717038745
701,367.324,0.711959106980178,0.401128496024477,734.648,2020_kk_115_redo,Kusko,2020,0.708133795366361,0.39445651957256,4.28566343708692e-5,1208.79739356785,1397.71368411467,1859.152,0.707392497651068,915.8777717038745
702,367.848,0.707958174380849,0.400364713144891,735.696,2020_kk_115_redo,Kusko,2020,0.708086698912597,0.394346072542896,-1.1044702966389e-4,1208.79739356785,1397.71368411467,1859.152,0.707392497651068,915.8777717038745
703,368.372,0.70901246016435,0.400699875161851,736.744,2020_kk_115_redo,Kusko,2020,0.708078872591424,0.394223240161794,-1.2283238110211e-4,1208.79739356785,1397.71368411467,1859.152,0.707392497651068,915.8777717038745
704,368.896,0.709550781591309,0.39828831532811,737.792,2020_kk_115_redo,Kusko,2020,0.708074293350314,0.394051112403315,-1.7212775847913e-4,1208.79739356785,1397.71368411467,1859.152,0.707392497651068,915.8777717038745
705,369.42,0.707078079617843,0.398534662176094,738.84,2020_kk_115_redo,Kusko,2020,0.708102304893588,0.393805067519357,-2.4604488395796e-4,1208.79739356785,1397.71368411467,1859.152,0.707392497651068,915.8777717038745
706,369.944,0.708311907975058,0.399434263895144,739.888,2020_kk_115_redo,Kusko,2020,0.708118960768725,0.393536251910414,-2.6881560894243e-4,1208.79739356785,1397.71368411467,1859.152,0.707392497651068,915.8777717038745
707,370.468,0.710046741190049,0.394845179097695,740.936,2020_kk_115_redo,Kusko,2020,0.708084189719972,0.393248338293919,-2.8791361649532e-4,1208.79739356785,1397.71368411467,1859.152,0.707392497651068,915.8777717038745
708,370.992,0.711279402533774,0.394430511777466,741.984,2020_kk_115_redo,Kusko,2020,0.708013667777733,0.392920336909982,-3.2800138393729e-4,1208.79739356785,1397.71368411467,1859.152,0.707392497651068,915.8777717038745
709,371.516,0.704866343464488,0.395076717118293,743.032,2020_kk_115_redo,Kusko,2020,0.707942554174913,0.392558397614812,-3.6193929516986e-4,1208.79739356785,1397.71368411467,1859.152,0.707392497651068,915.8777717038745
710,372.04,0.707051051763244,0.393589975264556,744.08,2020_kk_115_redo,Kusko,2020,0.707947968664781,0.392171969869717,-3.8642774509428e-4,1208.79739356785,1397.71368411467,1859.152,0.707392497651068,915.8777717038745
711,372.564,0.707432038534018,0.394549500854771,745.128,2020_kk_115_redo,Kusko,2020,0.707911266013388,0.391862301010317,-3.0966885940048e-4,1208.79739356785,1397.71368411467,1859.152,0.707392497651068,915.8777717038745
712,373.088,0.707267528603458,0.392079863196739,746.176,2020_kk_115_redo,Kusko,2020,0.707908942337361,0.391565851479926,-2.9644953039126e-4,1208.79739356785,1397.71368411467,1859.152,0.707392497651068,915.8777717038745
713,373.612,0.708593818413908,0.391129255627712,747.224,2020_kk_115_redo,Kusko,2020,0.707984771142919,0.391447452381772,-1.1839909815364e-4,1208.79739356785,1397.71368411467,1859.152,0.707392497651068,915.8777717038745
714,374.136,0.708771209646613,0.391960270460788,748.272,2020_kk_115_redo,Kusko,2020,0.708007561566134,0.391213107837928,-2.3434454384435e-4,1208.79739356785,1397.71368411467,1859.152,0.707392497651068,915.8777717038745
715,374.66,0.708781414978812,0.392384000274833,749.32,2020_kk_115_redo,Kusko,2020,0.70793448877643,0.391023919549767,-1.8918828816089e-4,1208.79739356785,1397.71368411467,1859.152,0.707392497651068,915.8777717038745
716,375.184,0.708694475395563,0.394860518875702,750.368,2020_kk_115_redo,Kusko,2020,0.707934071955385,0.390889961910296,-1.339576394711e-4,1208.79739356785,1397.71368411467,1859.152,0.707392497651068,915.8777717038745
717,375.708,0.710837188886282,0.391088696453093,751.416,2020_kk_115_redo,Kusko,2020,0.707998959736294,0.390805877933846,-8.40839764497114e-5,1208.79739356785,1397.71368411467,1859.152,0.707392497651068,915.8777717038745
718,376.232,0.707989260984045,0.393206097665566,752.464,2020_kk_115_redo,Kusko,2020,0.707963475002999,0.390803122282248,-2.7556515984628e-6,1208.79739356785,1397.71368411467,1859.152,0.707392497651068,915.8777717038745
719,376.756,0.705669146403862,0.394465156535583,753.512,2020_kk_115_redo,Kusko,2020,0.70796133087532,0.390702725635052,-1.0039664719546e-4,1208.79739356785,1397.71368411467,1859.152,0.707392497651068,915.8777717038745
720,377.28,0.706910698956305,0.392058040877128,754.56,2020_kk_115_redo,Kusko,2020,0.70795440987574,0.39062714574555,-7.55798895017978e-5,1208.79739356785,1397.71368411467,1859.152,0.707392497651068,915.8777717038745
721,377.804,0.707665299320526,0.391282428616333,755.608,2020_kk_115_redo,Kusko,2020,0.708028206144846,0.390490342000467,-1.3680374508373e-4,1208.79739356785,1397.71368411467,1859.152,0.707392497651068,915.8777717038745
722,378.328,0.708002656152132,0.38884987764351,756.656,2020_kk_115_redo,Kusko,2020,0.708076517055892,0.390333180162333,-1.5716183813396e-4,1208.79739356785,1397.71368411467,1859.152,0.707392497651068,915.8777717038745
723,378.852,0.703884499133188,0.390382961304668,757.704,2020_kk_115_redo,Kusko,2020,0.708094858298898,0.390174476843683,-1.5870331864914e-4,1208.79739356785,1397.71368411467,1859.152,0.707392497651068,915.8777717038745
724,379.376,0.708802167707027,0.386682910327628,758.752,2020_kk_115_redo,Kusko,2020,0.708080525422299,0.389917463681197,-2.5701316248638e-4,1208.79739356785,1397.71368411467,1859.152,0.707392497651068,915.8777717038745
725,379.9,0.711853834300595,0.386862647101569,759.8,2020_kk_115_redo,Kusko,2020,0.708139396051248,0.389737667602041,-1.7979607915574e-4,1208.79739356785,1397.71368411467,1859.152,0.707392497651068,915.8777717038745
726,380.424,0.707267192046915,0.389060516997359,760.848,2020_kk_115_redo,Kusko,2020,0.708156174046084,0.389604614188471,-1.3305341357033e-4,1208.79739356785,1397.71368411467,1859.152,0.707392497651068,915.8777717038745
727,380.948,0.70608020618676,0.383487660261695,761.896,2020_kk_115_redo,Kusko,2020,0.708155238934138,0.389286757337604,-3.1785685086643e-4,1208.79739356785,1397.71368411467,1859.152,0.707392497651068,915.8777717038745
728,381.472,0.70775483543219,0.385155538563219,762.944,2020_kk_115_redo,Kusko,2020,0.708191459076841,0.389034033462517,-2.527238750879e-4,1208.79739356785,1397.71368411467,1859.152,0.707392497651068,915.8777717038745
729,381.996,0.710625503347207,0.383945220241288,763.992,2020_kk_115_redo,Kusko,2020,0.708173541512267,0.388935904180077,-9.81292824392965e-5,1208.79739356785,1397.71368411467,1859.152,0.707392497651068,915.8777717038745
730,382.52,0.709562081429514,0.386139053872904,765.04,2020_kk_115_redo,Kusko,2020,0.70822339820607,0.388790785469995,-1.4511871008243e-4,1208.79739356785,1397.71368411467,1859.152,0.707392497651068,915.8777717038745
731,383.044,0.708551237762716,0.384173402449286,766.088,2020_kk_115_redo,Kusko,2020,0.708154716830696,0.388570724018093,-2.2006145190234e-4,1208.79739356785,1397.71368411467,1859.152,0.707392497651068,915.8777717038745
732,383.568,0.70594485366547,0.381793399371466,767.136,2020_kk_115_redo,Kusko,2020,0.708204712814848,0.38836106343778,-2.0966058031296e-4,1208.79739356785,1397.71368411467,1859.152,0.707392497651068,915.8777717038745
733,384.092,0.70741127844359,0.382653081813677,768.184,2020_kk_115_redo,Kusko,2020,0.708232029845914,0.388144549671134,-2.1651376664555e-4,1208.79739356785,1397.71368411467,1859.152,0.707392497651068,915.8777717038745
734,384.616,0.707234833136854,0.385110313066117,769.232,2020_kk_115_redo,Kusko,2020,0.708198638657364,0.387902485673182,-2.4206399795168e-4,1208.79739356785,1397.71368411467,1859.152,0.707392497651068,915.8777717038745
735,385.14,0.707995640107023,0.383371468029662,770.28,2020_kk_115_redo,Kusko,2020,0.708200519815904,0.387671822711029,-2.3066296215329e-4,1208.79739356785,1397.71368411467,1859.152,0.707392497651068,915.8777717038745
736,385.664,0.709319132051066,0.38424203513919,771.328,2020_kk_115_redo,Kusko,2020,0.708137317721049,0.387411441960373,-2.603807506562e-4,1208.79739356785,1397.71368411467,1859.152,0.707392497651068,915.8777717038745
737,386.188,0.706348840633521,0.380540859605027,772.376,2020_kk_115_redo,Kusko,2020,0.708136958927062,0.387213585419288,-1.9785654108484e-4,1208.79739356785,1397.71368411467,1859.152,0.707392497651068,915.8777717038745
738,386.712,0.70572001130048,0.38145382153789,773.424,2020_kk_115_redo,Kusko,2020,0.708103262763564,0.387091479083004,-1.2210633628378e-4,1208.79739356785,1397.71368411467,1859.152,0.707392497651068,915.8777717038745
739,387.236,0.705552627913545,0.380012636826257,774.472,2020_kk_115_redo,Kusko,2020,0.708124148874033,0.386897112476736,-1.943666062682e-4,1208.79739356785,1397.71368411467,1859.152,0.707392497651068,915.8777717038745
740,387.76,0.708111152174585,0.381311301232044,775.52,2020_kk_115_redo,Kusko,2020,0.70816126324042,0.386753066771152,-1.440457055839e-4,1208.79739356785,1397.71368411467,1859.152,0.707392497651068,915.8777717038745
741,388.284,0.707793841618003,0.384487224662136,776.568,2020_kk_115_redo,Kusko,2020,0.708178932730763,0.386617103583271,-1.3596318788128e-4,1208.79739356785,1397.71368411467,1859.152,0.707392497651068,915.8777717038745
742,388.808,0.707868739101693,0.382931115173732,777.616,2020_kk_115_redo,Kusko,2020,0.708169840189168,0.386514266612103,-1.0283697116803e-4,1208.79739356785,1397.71368411467,1859.152,0.707392497651068,915.8777717038745
743,389.332,0.709288232905397,0.387065626678782,778.664,2020_kk_115_redo,Kusko,2020,0.708158950900697,0.386343876470289,-1.703901418133e-4,1208.79739356785,1397.71368411467,1859.152,0.707392497651068,915.8777717038745
744,389.856,0.710072485241611,0.382685007127934,779.712,2020_kk_115_redo,Kusko,2020,0.708182983213843,0.386185103057731,-1.5877341255837e-4,1208.79739356785,1397.71368411467,1859.152,0.707392497651068,915.8777717038745
745,390.38,0.706873751882821,0.38397148155247,780.76,2020_kk_115_redo,Kusko,2020,0.708155705952772,0.38606105802026,-1.2404503747154e-4,1208.79739356785,1397.71368411467,1859.152,0.707392497651068,915.8777717038745
746,390.904,0.70899984462051,0.384982277723582,781.808,2020_kk_115_redo,Kusko,2020,0.708120922567515,0.385882529892612,-1.7852812764734e-4,1208.79739356785,1397.71368411467,1859.152,0.707392497651068,915.8777717038745
747,391.428,0.709459722611405,0.386979844466396,782.856,2020_kk_115_redo,Kusko,2020,0.708095658130645,0.385710897516882,-1.716323757302e-4,1208.79739356785,1397.71368411467,1859.152,0.707392497651068,915.8777717038745
748,391.952,0.707560573093376,0.392799940672743,783.904,2020_kk_115_redo,Kusko,2020,0.70811543389674,0.385495538105444,-2.1535941143768e-4,1208.79739356785,1397.71368411467,1859.152,0.707392497651068,915.8777717038745
749,392.476,0.70890072867843,0.3895844460402,784.952,2020_kk_115_redo,Kusko,2020,0.70813175563428,0.385302574078888,-1.9296402655633e-4,1208.79739356785,1397.71368411467,1859.152,0.707392497651068,915.8777717038745
750,393,0.707901100535791,0.389163018999444,786,2020_kk_115_redo,Kusko,2020,0.708116329791212,0.385207267501359,-9.53065775292083e-5,1208.79739356785,1397.71368411467,1859.152,0.707392497651068,915.8777717038745
751,393.524,0.710358907957,0.387543062652777,787.048,2020_kk_115_redo,Kusko,2020,0.708158768096356,0.385188015525561,-1.92519757973297e-5,1208.79739356785,1397.71368411467,1859.152,0.707392497651068,915.8777717038745
752,394.048,0.709337097694302,0.385626834244587,788.096,2020_kk_115_redo,Kusko,2020,0.708188454721817,0.385181147009199,-6.86851636277908e-6,1208.79739356785,1397.71368411467,1859.152,0.707392497651068,915.8777717038745
753,394.572,0.709500555159656,0.38571619513925,789.144,2020_kk_115_redo,Kusko,2020,0.708228779407665,0.385159238404349,-2.19086048500738e-5,1208.79739356785,1397.71368411467,1859.152,0.707392497651068,915.8777717038745
754,395.096,0.705789677969794,0.381705602259534,790.192,2020_kk_115_redo,Kusko,2020,0.708211444269983,0.385136020097401,-2.32183069470704e-5,1208.79739356785,1397.71368411467,1859.152,0.707392497651068,915.8777717038745
755,395.62,0.708175261425519,0.383012785732734,791.24,2020_kk_115_redo,Kusko,2020,0.708142241068057,0.385198665528991,6.26454315894032e-5,1208.79739356785,1397.71368411467,1859.152,0.707392497651068,915.8777717038745
756,396.144,0.708307321543776,0.386973050100493,792.288,2020_kk_115_redo,Kusko,2020,0.708131472847619,0.385210905783504,1.22402545129074e-5,1208.79739356785,1397.71368411467,1859.152,0.707392497651068,915.8777717038745
757,396.668,0.708768603829271,0.386021373709892,793.336,2020_kk_115_redo,Kusko,2020,0.70816847132412,0.385343679154436,1.327733709317e-4,1208.79739356785,1397.71368411467,1859.152,0.707392497651068,915.8777717038745
758,397.192,0.709685075130988,0.386191674257806,794.384,2020_kk_115_redo,Kusko,2020,0.708153998813224,0.385434823647449,9.11444930131733e-5,1208.79739356785,1397.71368411467,1859.152,0.707392497651068,915.8777717038745
759,397.716,0.706802959378038,0.389844513853689,795.432,2020_kk_115_redo,Kusko,2020,0.708163650236849,0.385601520146466,1.6669649901768e-4,1208.79739356785,1397.71368411467,1859.152,0.707392497651068,915.8777717038745
760,398.24,0.710210699277864,0.38947680934023,796.48,2020_kk_115_redo,Kusko,2020,0.708204193728401,0.385774879250146,1.7335910368004e-4,1208.79739356785,1397.71368411467,1859.152,0.707392497651068,915.8777717038745
761,398.764,0.70783822445777,0.387924808910337,797.528,2020_kk_115_redo,Kusko,2020,0.708166060337052,0.386039543383075,2.6466413292886e-4,1208.79739356785,1397.71368411467,1859.152,0.707392497651068,915.8777717038745
762,399.288,0.710957933429967,0.387785078326114,798.576,2020_kk_115_redo,Kusko,2020,0.708237872552196,0.38635720775422,3.1766437114494e-4,1208.79739356785,1397.71368411467,1859.152,0.707392497651068,915.8777717038745
763,399.812,0.710651482028306,0.387709049163117,799.624,2020_kk_115_redo,Kusko,2020,0.708250653701784,0.386725053978341,3.67846224121e-4,1208.79739356785,1397.71368411467,1859.152,0.707392497651068,915.8777717038745
764,400.336,0.707547310278285,0.383764475451011,800.672,2020_kk_115_redo,Kusko,2020,0.70826390238107,0.387098764879308,3.7371090096727e-4,1208.79739356785,1397.71368411467,1859.152,0.707392497651068,915.8777717038745
765,400.86,0.707190949130289,0.384694884446896,801.72,2020_kk_115_redo,Kusko,2020,0.708265066190763,0.387546672343749,4.4790746444028e-4,1208.79739356785,1397.71368411467,1859.152,0.707392497651068,915.8777717038745
766,401.384,0.704519782283708,0.383811418855773,802.768,2020_kk_115_redo,Kusko,2020,0.708238572128069,0.387946835167742,4.0016282399357e-4,1208.79739356785,1397.71368411467,1859.152,0.707392497651068,915.8777717038745
767,401.908,0.710025213550814,0.382973786632602,803.816,2020_kk_115_redo,Kusko,2020,0.708278411611705,0.388427275812037,4.8044064429503e-4,1208.79739356785,1397.71368411467,1859.152,0.707392497651068,915.8777717038745
768,402.432,0.709257632723936,0.38710413160044,804.864,2020_kk_115_redo,Kusko,2020,0.708323472205627,0.388843422377929,4.1614656589139e-4,1208.79739356785,1397.71368411467,1859.152,0.707392497651068,915.8777717038745
769,402.956,0.706119510092636,0.383414720742203,805.912,2020_kk_115_redo,Kusko,2020,0.708435625119834,0.389317172566084,4.7375018815476e-4,1208.79739356785,1397.71368411467,1859.152,0.707392497651068,915.8777717038745
770,403.48,0.709277913746421,0.384947232929521,806.96,2020_kk_115_redo,Kusko,2020,0.70842716279368,0.389824109320432,5.0693675434887e-4,1208.79739356785,1397.71368411467,1859.152,0.707392497651068,915.8777717038745
771,404.004,0.708492207954618,0.386391709581892,808.008,2020_kk_115_redo,Kusko,2020,0.708463471211776,0.390252696505749,4.2858718531674e-4,1208.79739356785,1397.71368411467,1859.152,0.707392497651068,915.8777717038745
772,404.528,0.706721976107768,0.385909644926657,809.056,2020_kk_115_redo,Kusko,2020,0.708504413807523,0.390771742381927,5.1904587617818e-4,1208.79739356785,1397.71368411467,1859.152,0.707392497651068,915.8777717038745
773,405.052,0.707940461105638,0.380905847118914,810.104,2020_kk_115_redo,Kusko,2020,0.7084891690228,0.391365683464572,5.9394108264504e-4,1208.79739356785,1397.71368411467,1859.152,0.707392497651068,915.8777717038745
774,405.576,0.710213148435391,0.382433865707285,811.152,2020_kk_115_redo,Kusko,2020,0.708434516645134,0.391938232467861,5.7254900328845e-4,1208.79739356785,1397.71368411467,1859.152,0.707392497651068,915.8777717038745
775,406.1,0.70714477931454,0.384941298026544,812.2,2020_kk_115_redo,Kusko,2020,0.708492354195504,0.39251672887222,5.7849640435947e-4,1208.79739356785,1397.71368411467,1859.152,0.707392497651068,915.8777717038745
776,406.624,0.70660747228015,0.384148831216862,813.248,2020_kk_115_redo,Kusko,2020,0.708465662751573,0.393177705808585,6.6097693636496e-4,1208.79739356785,1397.71368411467,1859.152,0.707392497651068,915.8777717038745
777,407.148,0.709321322674093,0.380790753909282,814.296,2020_kk_115_redo,Kusko,2020,0.708434022658309,0.393837054585501,6.5934877691553e-4,1208.79739356785,1397.71368411467,1859.152,0.707392497651068,915.8777717038745
778,407.672,0.709175806949693,0.380284532979305,815.344,2020_kk_115_redo,Kusko,2020,0.708444690151813,0.39434588592783,5.0883134232931e-4,1208.79739356785,1397.71368411467,1859.152,0.707392497651068,915.8777717038745
779,408.196,0.7066484506563,0.382887314942205,816.392,2020_kk_115_redo,Kusko,2020,0.708405946026014,0.394907935446953,5.6204951912275e-4,1208.79739356785,1397.71368411467,1859.152,0.707392497651068,915.8777717038745
780,408.72,0.70598514837224,0.386339646225375,817.44,2020_kk_115_redo,Kusko,2020,0.708450992759021,0.395429498206855,5.2156275990217e-4,1208.79739356785,1397.71368411467,1859.152,0.707392497651068,915.8777717038745
781,409.244,0.710211597629151,0.390127310068495,818.488,2020_kk_115_redo,Kusko,2020,0.708506665943667,0.396083979789612,6.5448158275666e-4,1208.79739356785,1397.71368411467,1859.152,0.707392497651068,915.8777717038745
782,409.768,0.709783853679772,0.388437766661743,819.536,2020_kk_115_redo,Kusko,2020,0.708498769297136,0.396816159187377,7.3217939776526e-4,1208.79739356785,1397.71368411467,1859.152,0.707392497651068,915.8777717038745
783,410.292,0.706303980284084,0.389068445013664,820.584,2020_kk_115_redo,Kusko,2020,0.70845986878849,0.397512711393272,6.9655220589504e-4,1208.79739356785,1397.71368411467,1859.152,0.707392497651068,915.8777717038745
784,410.816,0.707762059446081,0.385289811910804,821.632,2020_kk_115_redo,Kusko,2020,0.70849556721212,0.398333095529248,8.2038413597596e-4,1208.79739356785,1397.71368411467,1859.152,0.707392497651068,915.8777717038745
785,411.34,0.707701642185083,0.390621372996931,822.68,2020_kk_115_redo,Kusko,2020,0.7084614178474,0.399108904761685,7.7580923243719e-4,1208.79739356785,1397.71368411467,1859.152,0.707392497651068,915.8777717038745
786,411.864,0.706621098820609,0.389794932268132,823.728,2020_kk_115_redo,Kusko,2020,0.708473915175036,0.399876595134445,7.6769037275958e-4,1208.79739356785,1397.71368411467,1859.152,0.707392497651068,915.8777717038745
787,412.388,0.708300114776837,0.391454062517599,824.776,2020_kk_115_redo,Kusko,2020,0.708498210336858,0.400742160930861,8.6556579641611e-4,1208.79739356785,1397.71368411467,1859.152,0.707392497651068,915.8777717038745
788,412.912,0.706886484778438,0.39062420814401,825.824,2020_kk_115_redo,Kusko,2020,0.708502997542316,0.401678694094498,9.3653316363689e-4,1208.79739356785,1397.71368411467,1859.152,0.707392497651068,915.8777717038745
789,413.436,0.711204588764666,0.39394701018235,826.872,2020_kk_115_redo,Kusko,2020,0.70850913776953,0.402537465531849,8.5877143735091e-4,1208.79739356785,1397.71368411467,1859.152,0.707392497651068,915.8777717038745
790,413.96,0.71199469092264,0.396540600093709,827.92,2020_kk_115_redo,Kusko,2020,0.708473296979259,0.403354206174699,8.1674064285064e-4,1208.79739356785,1397.71368411467,1859.152,0.707392497651068,915.8777717038745
791,414.484,0.706263234281801,0.400053250425016,828.968,2020_kk_115_redo,Kusko,2020,0.708498515466116,0.404248400823831,8.9419464913193e-4,1208.79739356785,1397.71368411467,1859.152,0.707392497651068,915.8777717038745
792,415.008,0.710253586574072,0.400853261640164,830.016,2020_kk_115_redo,Kusko,2020,0.708465827683118,0.405100270151053,8.5186932722147e-4,1208.79739356785,1397.71368411467,1859.152,0.707392497651068,915.8777717038745
793,415.532,0.708178147418881,0.404723855260938,831.064,2020_kk_115_redo,Kusko,2020,0.708426571976396,0.405940207231367,8.3993708031421e-4,1208.79739356785,1397.71368411467,1859.152,0.707392497651068,915.8777717038745
794,416.056,0.708029753894024,0.407532967124152,832.112,2020_kk_115_redo,Kusko,2020,0.708426193207445,0.40676387074536,8.2366351399337e-4,1208.79739356785,1397.71368411467,1859.152,0.707392497651068,915.8777717038745
795,416.58,0.708065468688605,0.410245915896076,833.16,2020_kk_115_redo,Kusko,2020,0.708444353290616,0.407702713701828,9.3884295646734e-4,1208.79739356785,1397.71368411467,1859.152,0.707392497651068,915.8777717038745
796,417.104,0.707729488289446,0.408251804578806,834.208,2020_kk_115_redo,Kusko,2020,0.70849440563531,0.408638045490596,9.3533178876781e-4,1208.79739356785,1397.71368411467,1859.152,0.707392497651068,915.8777717038745
797,417.628,0.708739209651645,0.40936729826273,835.256,2020_kk_115_redo,Kusko,2020,0.708481859618473,0.409542836951491,9.0479146089506e-4,1208.79739356785,1397.71368411467,1859.152,0.707392497651068,915.8777717038745
798,418.152,0.708423646935823,0.406422615491375,836.304,2020_kk_115_redo,Kusko,2020,0.708453976432999,0.410434535679333,8.9169872784261e-4,1208.79739356785,1397.71368411467,1859.152,0.707392497651068,915.8777717038745
799,418.676,0.712281802765986,0.408437648115544,837.352,2020_kk_115_redo,Kusko,2020,0.708524544425521,0.411330327660056,8.9579198072292e-4,1208.79739356785,1397.71368411467,1859.152,0.707392497651068,915.8777717038745
800,419.2,0.707603412605287,0.411727506492976,838.4,2020_kk_115_redo,Kusko,2020,0.708502573869071,0.412257636905826,9.2730924576955e-4,1208.79739356785,1397.71368411467,1859.152,0.707392497651068,915.8777717038745
801,419.724,0.709972346703805,0.410202455781142,839.448,2020_kk_115_redo,Kusko,2020,0.708485133403579,0.413174625232289,9.1698832646308e-4,1208.79739356785,1397.71368411467,1859.152,0.707392497651068,915.8777717038745
802,420.248,0.710325294846526,0.414073867744425,840.496,2020_kk_115_redo,Kusko,2020,0.708532493488282,0.414087062101586,9.1243686929765e-4,1208.79739356785,1397.71368411467,1859.152,0.707392497651068,915.8777717038745
803,420.772,0.708373545821965,0.422702091637484,841.544,2020_kk_115_redo,Kusko,2020,0.708522792252628,0.41512802735026,0.0010409652486737,1208.79739356785,1397.71368411467,1859.152,0.707392497651068,915.8777717038745
804,421.296,0.706793342581651,0.417037947325242,842.592,2020_kk_115_redo,Kusko,2020,0.708516664028817,0.416155940117669,0.00102791276740899,1208.79739356785,1397.71368411467,1859.152,0.707392497651068,915.8777717038745
805,421.82,0.710344004905049,0.418681265814039,843.64,2020_kk_115_redo,Kusko,2020,0.708559159628097,0.417137800950588,9.8186083291934e-4,1208.79739356785,1397.71368411467,1859.152,0.707392497651068,915.8777717038745
806,422.344,0.707398357984666,0.424640893905479,844.688,2020_kk_115_redo,Kusko,2020,0.708621393600983,0.41822149851269,0.00108369756210186,1208.79739356785,1397.71368411467,1859.152,0.707392497651068,915.8777717038745
807,422.868,0.707561317015549,0.42654077108133,845.736,2020_kk_115_redo,Kusko,2020,0.70861228770079,0.419482586547322,0.00126108803463204,1208.79739356785,1397.71368411467,1859.152,0.707392497651068,915.8777717038745
808,423.392,0.708200622703603,0.423329821212502,846.784,2020_kk_115_redo,Kusko,2020,0.708548277790505,0.420668753494178,0.0011861669468553,1208.79739356785,1397.71368411467,1859.152,0.707392497651068,915.8777717038745
809,423.916,0.706576081130498,0.423307417187565,847.832,2020_kk_115_redo,Kusko,2020,0.708597008447842,0.421768383565895,0.00109963007171759,1208.79739356785,1397.71368411467,1859.152,0.707392497651068,915.8777717038745
810,424.44,0.710603904516186,0.42045678459357,848.88,2020_kk_115_redo,Kusko,2020,0.708630179364453,0.422840503254425,0.00107211968853016,1208.79739356785,1397.71368411467,1859.152,0.707392497651068,915.8777717038745
811,424.964,0.713699299035781,0.426811957618177,849.928,2020_kk_115_redo,Kusko,2020,0.708594422391919,0.423807385850279,9.668825958537e-4,1208.79739356785,1397.71368411467,1859.152,0.707392497651068,915.8777717038745
812,425.488,0.708863298902452,0.429557598110503,850.976,2020_kk_115_redo,Kusko,2020,0.708584767642854,0.424818237156295,0.00101085130601614,1208.79739356785,1397.71368411467,1859.152,0.707392497651068,915.8777717038745
813,426.012,0.707166524640903,0.427509327492952,852.024,2020_kk_115_redo,Kusko,2020,0.708594619684383,0.425862178493619,0.00104394133732377,1208.79739356785,1397.71368411467,1859.152,0.707392497651068,915.8777717038745
814,426.536,0.707931583387555,0.430928650418093,853.072,2020_kk_115_redo,Kusko,2020,0.708607398692777,0.426920620891106,0.00105844239748659,1208.79739356785,1397.71368411467,1859.152,0.707392497651068,915.8777717038745
815,427.06,0.706126299542338,0.429561339678963,854.12,2020_kk_115_redo,Kusko,2020,0.708611439012949,0.427804669066422,8.8404817531628e-4,1208.79739356785,1397.71368411467,1859.152,0.707392497651068,915.8777717038745
816,427.584,0.709057161201984,0.433034472466068,855.168,2020_kk_115_redo,Kusko,2020,0.708645159104769,0.428735510548183,9.3084148176103e-4,1208.79739356785,1397.71368411467,1859.152,0.707392497651068,915.8777717038745
817,428.108,0.710226313538542,0.437955321494859,856.216,2020_kk_115_redo,Kusko,2020,0.708659013148529,0.429611390733163,8.7588018498024e-4,1208.79739356785,1397.71368411467,1859.152,0.707392497651068,915.8777717038745
818,428.632,0.709972307458465,0.44238366407602,857.264,2020_kk_115_redo,Kusko,2020,0.708673410731522,0.430473585120791,8.6219438762763e-4,1208.79739356785,1397.71368411467,1859.152,0.707392497651068,915.8777717038745
819,429.156,0.707171373010876,0.441370800094747,858.312,2020_kk_115_redo,Kusko,2020,0.708640048121703,0.431291427741984,8.1784262119322e-4,1208.79739356785,1397.71368411467,1859.152,0.707392497651068,915.8777717038745
820,429.68,0.708060251861599,0.438481247911265,859.36,2020_kk_115_redo,Kusko,2020,0.70859621286205,0.432103717173792,8.1228943180827e-4,1208.79739356785,1397.71368411467,1859.152,0.707392497651068,915.8777717038745
821,430.204,0.709351333669236,0.441576487858254,860.408,2020_kk_115_redo,Kusko,2020,0.708603673766845,0.432767527057339,6.6380988354708e-4,1208.79739356785,1397.71368411467,1859.152,0.707392497651068,915.8777717038745
822,430.728,0.708996666450058,0.438897237959402,861.456,2020_kk_115_redo,Kusko,2020,0.708569969610229,0.433428447436363,6.6092037902393e-4,1208.79739356785,1397.71368411467,1859.152,0.707392497651068,915.8777717038745
823,431.252,0.708296139625015,0.438105273981966,862.504,2020_kk_115_redo,Kusko,2020,0.708552690225159,0.434049221742266,6.2077430590262e-4,1208.79739356785,1397.71368411467,1859.152,0.707392497651068,915.8777717038745
824,431.776,0.707524584141229,0.433184286290617,863.552,2020_kk_115_redo,Kusko,2020,0.708521038836867,0.434609955710732,5.6073396846628e-4,1208.79739356785,1397.71368411467,1859.152,0.707392497651068,915.8777717038745
825,432.3,0.708280554120499,0.441025461834935,864.6,2020_kk_115_redo,Kusko,2020,0.708573462363999,0.435114616545122,5.0466083438927e-4,1208.79739356785,1397.71368411467,1859.152,0.707392497651068,915.8777717038745
826,432.824,0.707522922965391,0.439931326181845,865.648,2020_kk_115_redo,Kusko,2020,0.708592602537396,0.43565463582838,5.400192832588e-4,1208.79739356785,1397.71368411467,1859.152,0.707392497651068,915.8777717038745
827,433.348,0.709272452540577,0.437261274286304,866.696,2020_kk_115_redo,Kusko,2020,0.708610704588517,0.436106845430382,4.5220960200143e-4,1208.79739356785,1397.71368411467,1859.152,0.707392497651068,915.8777717038745
828,433.872,0.707584641595522,0.440606055270995,867.744,2020_kk_115_redo,Kusko,2020,0.708602687990884,0.43666594611559,5.5910068520848e-4,1208.79739356785,1397.71368411467,1859.152,0.707392497651068,915.8777717038745
829,434.396,0.710353589643914,0.43716223958558,868.792,2020_kk_115_redo,Kusko,2020,0.708584247654973,0.437171505027539,5.0555891194903e-4,1208.79739356785,1397.71368411467,1859.152,0.707392497651068,915.8777717038745
830,434.92,0.707959680359456,0.440585787675696,869.84,2020_kk_115_redo,Kusko,2020,0.708587220245988,0.43760078813477,4.2928310723022e-4,1208.79739356785,1397.71368411467,1859.152,0.707392497651068,915.8777717038745
831,435.444,0.707445780025063,0.441411009169674,870.888,2020_kk_115_redo,Kusko,2020,0.708608057682189,0.438067790384663,4.6700224989398e-4,1208.79739356785,1397.71368411467,1859.152,0.707392497651068,915.8777717038745
832,435.968,0.709563581189972,0.440655857084516,871.936,2020_kk_115_redo,Kusko,2020,0.70857548568598006,0.438431473098431,3.6368271376735e-4,1208.79739356785,1397.71368411467,1859.152,0.707392497651068,915.8777717038745
833,436.492,0.707358386966401,0.443363762039335,872.984,2020_kk_115_redo,Kusko,2020,0.708553948612152,0.438675021264746,2.4354816631533e-4,1208.79739356785,1397.71368411467,1859.152,0.707392497651068,915.8777717038745
834,437.016,0.70984545500674,0.444108631751824,874.032,2020_kk_115_redo,Kusko,2020,0.708600541997679,0.439040378859177,3.6535759443073e-4,1208.79739356785,1397.71368411467,1859.152,0.707392497651068,915.8777717038745
835,437.54,0.709694515271318,0.443852948001703,875.08,2020_kk_115_redo,Kusko,2020,0.708576651794438,0.439350565410578,3.1018655140135e-4,1208.79739356785,1397.71368411467,1859.152,0.707392497651068,915.8777717038745
836,438.064,0.710341510653292,0.449170684942975,876.128,2020_kk_115_redo,Kusko,2020,0.70858475834577,0.439608642425401,2.580770148225e-4,1208.79739356785,1397.71368411467,1859.152,0.707392497651068,915.8777717038745
837,438.588,0.708774968662561,0.456456035987208,877.176,2020_kk_115_redo,Kusko,2020,0.708630940217994,0.439814525713662,2.0588328826159e-4,1208.79739356785,1397.71368411467,1859.152,0.707392497651068,915.8777717038745
838,439.112,0.705335212332582,0.451454549790625,878.224,2020_kk_115_redo,Kusko,2020,0.708671457082412,0.440072749066006,2.582233523441e-4,1208.79739356785,1397.71368411467,1859.152,0.707392497651068,915.8777717038745
839,439.636,0.709572290096507,0.448865119245259,879.272,2020_kk_115_redo,Kusko,2020,0.708736182770628,0.440365929375498,2.9318030949154e-4,1208.79739356785,1397.71368411467,1859.152,0.707392497651068,915.8777717038745
840,440.16,0.707975403368892,0.450666827537187,880.32,2020_kk_115_redo,Kusko,2020,0.708646113222076,0.440702624016432,3.3669464093355e-4,1208.79739356785,1397.71368411467,1859.152,0.707392497651068,915.8777717038745
841,440.684,0.708066179277142,0.448140265819719,881.368,2020_kk_115_redo,Kusko,2020,0.70855176967,0.441057350398245,3.5472638181327e-4,1208.79739356785,1397.71368411467,1859.152,0.707392497651068,915.8777717038745
842,441.208,0.709204568735849,0.449088845022707,882.416,2020_kk_115_redo,Kusko,2020,0.708574899597945,0.44125822458344,2.0087418519526e-4,1208.79739356785,1397.71368411467,1859.152,0.707392497651068,915.8777717038745
843,441.732,0.70689510277581,0.451704925253092,883.464,2020_kk_115_redo,Kusko,2020,0.708639196366009,0.441432011502292,1.7378691885194e-4,1208.79739356785,1397.71368411467,1859.152,0.707392497651068,915.8777717038745
844,442.256,0.708528799949765,0.448796355760001,884.512,2020_kk_115_redo,Kusko,2020,0.708659730312913,0.441525732294907,9.37207926147154e-5,1208.79739356785,1397.71368411467,1859.152,0.707392497651068,915.8777717038745
845,442.78,0.707944061395355,0.44366426351591,885.56,2020_kk_115_redo,Kusko,2020,0.708701002962209,0.44173566476821,2.0993247330292e-4,1208.79739356785,1397.71368411467,1859.152,0.707392497651068,915.8777717038745
846,443.304,0.708644304329825,0.445645421173794,886.608,2020_kk_115_redo,Kusko,2020,0.708685098410156,0.441808869146023,7.3204377813274e-5,1208.79739356785,1397.71368411467,1859.152,0.707392497651068,915.8777717038745
847,443.828,0.709131357402455,0.444006873616412,887.656,2020_kk_115_redo,Kusko,2020,0.7086782053288,0.441759882439349,-4.89867066736371e-5,1208.79739356785,1397.71368411467,1859.152,0.707392497651068,915.8777717038745
848,444.352,0.707750339757996,0.442355871401668,888.704,2020_kk_115_redo,Kusko,2020,0.708653927084824,0.441500013661812,-2.5986877753758e-4,1208.79739356785,1397.71368411467,1859.152,0.707392497651068,915.8777717038745
849,444.876,0.709202832175524,0.443017567453945,889.752,2020_kk_115_redo,Kusko,2020,0.708679759040113,0.44135816942681,-1.4184423500213e-4,1208.79739356785,1397.71368411467,1859.152,0.707392497651068,915.8777717038745
850,445.4,0.709364575343493,0.445277966002206,890.8,2020_kk_115_redo,Kusko,2020,0.70864438837932,0.441416981356465,5.88119296552891e-5,1208.79739356785,1397.71368411467,1859.152,0.707392497651068,915.8777717038745
851,445.924,0.706710888569468,0.439881843437839,891.848,2020_kk_115_redo,Kusko,2020,0.708672252003543,0.441405788171922,-1.11931845425128e-5,1208.79739356785,1397.71368411467,1859.152,0.707392497651068,915.8777717038745
852,446.448,0.708231337177143,0.440508484381598,892.896,2020_kk_115_redo,Kusko,2020,0.708662712635288,0.441332618030189,-7.31701417333586e-5,1208.79739356785,1397.71368411467,1859.152,0.707392497651068,915.8777717038745
853,446.972,0.707141384314685,0.441970313615097,893.944,2020_kk_115_redo,Kusko,2020,0.708639846130176,0.441221009884135,-1.1160814605415e-4,1208.79739356785,1397.71368411467,1859.152,0.707392497651068,915.8777717038745
854,447.496,0.70613067059645,0.441177005232132,894.992,2020_kk_115_redo,Kusko,2020,0.708693331711302,0.441219624284601,-1.38559953399842e-6,1208.79739356785,1397.71368411467,1859.152,0.707392497651068,915.8777717038745
855,448.02,0.711210880316574,0.440525565959431,896.04,2020_kk_115_redo,Kusko,2020,0.708723576353222,0.441057035642366,-1.6258864223472e-4,1208.79739356785,1397.71368411467,1859.152,0.707392497651068,915.8777717038745
856,448.544,0.708877898693262,0.440652961574332,897.088,2020_kk_115_redo,Kusko,2020,0.708759584600058,0.440853983638344,-2.0305200402182e-4,1208.79739356785,1397.71368411467,1859.152,0.707392497651068,915.8777717038745
857,449.068,0.709825332718898,0.436499874382818,898.136,2020_kk_115_redo,Kusko,2020,0.708752245262548,0.440709925348287,-1.4405829005736e-4,1208.79739356785,1397.71368411467,1859.152,0.707392497651068,915.8777717038745
858,449.592,0.707942651077861,0.439968656603884,899.184,2020_kk_115_redo,Kusko,2020,0.708724695128873,0.440502585044966,-2.0734030332048e-4,1208.79739356785,1397.71368411467,1859.152,0.707392497651068,915.8777717038745
859,450.116,0.711175382611276,0.438771182832487,900.232,2020_kk_115_redo,Kusko,2020,0.708666631648806,0.440298871113419,-2.0371393154733e-4,1208.79739356785,1397.71368411467,1859.152,0.707392497651068,915.8777717038745
860,450.64,0.707781768066219,0.437484492926788,901.28,2020_kk_115_redo,Kusko,2020,0.70871009389874,0.440062674149729,-2.3619696368976e-4,1208.79739356785,1397.71368411467,1859.152,0.707392497651068,915.8777717038745
861,451.164,0.711222592875883,0.438222590774783,902.328,2020_kk_115_redo,Kusko,2020,0.708764633240948,0.439741765129317,-3.2090902041204e-4,1208.79739356785,1397.71368411467,1859.152,0.707392497651068,915.8777717038745
862,451.688,0.708370975073999,0.435894830570466,903.376,2020_kk_115_redo,Kusko,2020,0.708726866384602,0.439414730785455,-3.2703434386255e-4,1208.79739356785,1397.71368411467,1859.152,0.707392497651068,915.8777717038745
863,452.212,0.707081321392254,0.437314981616404,904.424,2020_kk_115_redo,Kusko,2020,0.708730888444892,0.439073585213114,-3.411455723411e-4,1208.79739356785,1397.71368411467,1859.152,0.707392497651068,915.8777717038745
864,452.736,0.709588945713278,0.438959402991084,905.472,2020_kk_115_redo,Kusko,2020,0.708722178033112,0.438729402134059,-3.4418307905465e-4,1208.79739356785,1397.71368411467,1859.152,0.707392497651068,915.8777717038745
865,453.26,0.70891059271061,0.437292458898122,906.52,2020_kk_115_redo,Kusko,2020,0.708737189844664,0.438347154414983,-3.8224771907585e-4,1208.79739356785,1397.71368411467,1859.152,0.707392497651068,915.8777717038745
866,453.784,0.707884751064548,0.44012551479483,907.568,2020_kk_115_redo,Kusko,2020,0.708757204411981,0.437916415906139,-4.3073850884389e-4,1208.79739356785,1397.71368411467,1859.152,0.707392497651068,915.8777717038745
867,454.308,0.710332229348975,0.438893768377027,908.616,2020_kk_115_redo,Kusko,2020,0.708722678080392,0.437296730592147,-6.196853139922e-4,1208.79739356785,1397.71368411467,1859.152,0.707392497651068,915.8777717038745
868,454.832,0.710631634568739,0.438823222353148,909.664,2020_kk_115_redo,Kusko,2020,0.708767816189193,0.436780962196162,-5.1576839598549e-4,1208.79739356785,1397.71368411467,1859.152,0.707392497651068,915.8777717038745
869,455.356,0.710459622423415,0.440898235757056,910.712,2020_kk_115_redo,Kusko,2020,0.70882576674166,0.436354191484764,-4.2677071139807e-4,1208.79739356785,1397.71368411467,1859.152,0.707392497651068,915.8777717038745
870,455.88,0.70519973160311,0.440658463049584,911.76,2020_kk_115_redo,Kusko,2020,0.708819315224985,0.435850092857454,-5.0409862730976e-4,1208.79739356785,1397.71368411467,1859.152,0.707392497651068,915.8777717038745
871,456.404,0.708038685911173,0.448095540526975,912.808,2020_kk_115_redo,Kusko,2020,0.708826702593507,0.435363647537023,-4.8644532043107e-4,1208.79739356785,1397.71368411467,1859.152,0.707392497651068,915.8777717038745
872,456.928,0.710251094579185,0.441610049222215,913.856,2020_kk_115_redo,Kusko,2020,0.708790141768944,0.434925691381705,-4.3795615531744e-4,1208.79739356785,1397.71368411467,1859.152,0.707392497651068,915.8777717038745
873,457.452,0.711024330724734,0.437936542624069,914.904,2020_kk_115_redo,Kusko,2020,0.708779388110785,0.434384001392664,-5.4168998904097e-4,1208.79739356785,1397.71368411467,1859.152,0.707392497651068,915.8777717038745
874,457.976,0.709163620201814,0.436551897974978,915.952,2020_kk_115_redo,Kusko,2020,0.708822661291684,0.433893434963569,-4.9056642909545e-4,1208.79739356785,1397.71368411467,1859.152,0.707392497651068,915.8777717038745
875,458.5,0.708602658500077,0.442157288077139,917,2020_kk_115_redo,Kusko,2020,0.708882258077458,0.433486176506052,-4.0725845751638e-4,1208.79739356785,1397.71368411467,1859.152,0.707392497651068,915.8777717038745
876,459.024,0.708102888078817,0.437426735134866,918.048,2020_kk_115_redo,Kusko,2020,0.708863992185819,0.433111195819791,-3.7498068626129e-4,1208.79739356785,1397.71368411467,1859.152,0.707392497651068,915.8777717038745
877,459.548,0.709812728657132,0.435016119094439,919.096,2020_kk_115_redo,Kusko,2020,0.708844473583989,0.43270759999827,-4.035958215216e-4,1208.79739356785,1397.71368411467,1859.152,0.707392497651068,915.8777717038745
878,460.072,0.708515612819926,0.426791537423765,920.144,2020_kk_115_redo,Kusko,2020,0.708879675983763,0.432454743325759,-2.5285667251068e-4,1208.79739356785,1397.71368411467,1859.152,0.707392497651068,915.8777717038745
879,460.596,0.708721290328242,0.43286014599461903,921.192,2020_kk_115_redo,Kusko,2020,0.708911193873564,0.432117798079343,-3.3694524641619e-4,1208.79739356785,1397.71368411467,1859.152,0.707392497651068,915.8777717038745
880,461.12,0.705938012213991,0.442009963690582,922.24,2020_kk_115_redo,Kusko,2020,0.708874078221414,0.431748563515848,-3.6923456349458e-4,1208.79739356785,1397.71368411467,1859.152,0.707392497651068,915.8777717038745
881,461.644,0.711023151122653,0.440904896785703,923.288,2020_kk_115_redo,Kusko,2020,0.708921590382428,0.431494878371059,-2.5368514478907e-4,1208.79739356785,1397.71368411467,1859.152,0.707392497651068,915.8777717038745
882,462.168,0.708424304354727,0.434507029455401,924.336,2020_kk_115_redo,Kusko,2020,0.708959432758627,0.431180860171138,-3.1401819992055e-4,1208.79739356785,1397.71368411467,1859.152,0.707392497651068,915.8777717038745
883,462.692,0.706924149318291,0.431408785218718,925.384,2020_kk_115_redo,Kusko,2020,0.708999767066274,0.430887723780092,-2.9313639104616e-4,1208.79739356785,1397.71368411467,1859.152,0.707392497651068,915.8777717038745
884,463.216,0.710733719008821,0.433101150318576,926.432,2020_kk_115_redo,Kusko,2020,0.709056946668899,0.430576043317729,-3.1168046236324e-4,1208.79739356785,1397.71368411467,1859.152,0.707392497651068,915.8777717038745
885,463.74,0.710095232635695,0.431270143300853,927.48,2020_kk_115_redo,Kusko,2020,0.709027007371631,0.430109251873972,-4.6679144375738e-4,1208.79739356785,1397.71368411467,1859.152,0.707392497651068,915.8777717038745
886,464.264,0.709683417775563,0.427748205940534,928.528,2020_kk_115_redo,Kusko,2020,0.709004085572934,0.429700945197677,-4.0830667629443e-4,1208.79739356785,1397.71368411467,1859.152,0.707392497651068,915.8777717038745
887,464.788,0.708832092289939,0.428617776882865,929.576,2020_kk_115_redo,Kusko,2020,0.708989082327014,0.429271705956299,-4.2923924137838e-4,1208.79739356785,1397.71368411467,1859.152,0.707392497651068,915.8777717038745
888,465.312,0.705931633575035,0.428165637071765,930.624,2020_kk_115_redo,Kusko,2020,0.70900447273897,0.428731291810176,-5.4041414612277e-4,1208.79739356785,1397.71368411467,1859.152,0.707392497651068,915.8777717038745
889,465.836,0.706869780839916,0.42493940369274,931.672,2020_kk_115_redo,Kusko,2020,0.708941337264902,0.428251830001548,-4.7946180862817e-4,1208.79739356785,1397.71368411467,1859.152,0.707392497651068,915.8777717038745
890,466.36,0.710567415355494,0.426413969854311,932.72,2020_kk_115_redo,Kusko,2020,0.708986624084982,0.427699107249475,-5.5272275207324e-4,1208.79739356785,1397.71368411467,1859.152,0.707392497651068,915.8777717038745
891,466.884,0.710718140557549,0.422156467944953,933.768,2020_kk_115_redo,Kusko,2020,0.708956619949021,0.427204823356286,-4.9428389318817e-4,1208.79739356785,1397.71368411467,1859.152,0.707392497651068,915.8777717038745
892,467.408,0.707297569809213,0.421033796452763,934.816,2020_kk_115_redo,Kusko,2020,0.708956741973826,0.426783521582559,-4.2130177372712e-4,1208.79739356785,1397.71368411467,1859.152,0.707392497651068,915.8777717038745
893,467.932,0.70759971058376,0.422895027698866,935.864,2020_kk_115_redo,Kusko,2020,0.708991183309353,0.426279063853811,-5.0445772874785e-4,1208.79739356785,1397.71368411467,1859.152,0.707392497651068,915.8777717038745
894,468.456,0.709322830299942,0.423457647008545,936.912,2020_kk_115_redo,Kusko,2020,0.708927579926192,0.425757638871237,-5.2142498257423e-4,1208.79739356785,1397.71368411467,1859.152,0.707392497651068,915.8777717038745
895,468.98,0.710595223964448,0.42091808485715,937.96,2020_kk_115_redo,Kusko,2020,0.708892117972251,0.425315004253025,-4.4263461821192e-4,1208.79739356785,1397.71368411467,1859.152,0.707392497651068,915.8777717038745
896,469.504,0.711542384692333,0.423326374412343,939.008,2020_kk_115_redo,Kusko,2020,0.708939305905788,0.424917068554376,-3.9793569864898e-4,1208.79739356785,1397.71368411467,1859.152,0.707392497651068,915.8777717038745
897,470.028,0.706703388767187,0.419274917147677,940.056,2020_kk_115_redo,Kusko,2020,0.708931919898495,0.424433043398823,-4.840251555534e-4,1208.79739356785,1397.71368411467,1859.152,0.707392497651068,915.8777717038745
898,470.552,0.708043498860628,0.420508446031495,941.104,2020_kk_115_redo,Kusko,2020,0.708892641640534,0.42405952450344,-3.7351889538284e-4,1208.79739356785,1397.71368411467,1859.152,0.707392497651068,915.8777717038745
899,471.076,0.713049323244559,0.423258876561373,942.152,2020_kk_115_redo,Kusko,2020,0.708859301060907,0.423680779824972,-3.7874467846826e-4,1208.79739356785,1397.71368411467,1859.152,0.707392497651068,915.8777717038745
900,471.6,0.707588312368372,0.420420909898602,943.2,2020_kk_115_redo,Kusko,2020,0.708895874249999,0.423249699542702,-4.3108028226934e-4,1208.79739356785,1397.71368411467,1859.152,0.707392497651068,915.8777717038745
901,472.124,0.70850942138846,0.418953546593852,944.248,2020_kk_115_redo,Kusko,2020,0.708883784903219,0.422670537330729,-5.7916221197362e-4,1208.79739356785,1397.71368411467,1859.152,0.707392497651068,915.8777717038745
902,472.648,0.707010919262108,0.422811475703659,945.296,2020_kk_115_redo,Kusko,2020,0.70883884621051,0.422132262919728,-5.382744110009e-4,1208.79739356785,1397.71368411467,1859.152,0.707392497651068,915.8777717038745
903,473.172,0.706249883286227,0.419203525910633,946.344,2020_kk_115_redo,Kusko,2020,0.70876963343562,0.421663805655693,-4.6845726403527e-4,1208.79739356785,1397.71368411467,1859.152,0.707392497651068,915.8777717038745
904,473.696,0.71112519080373,0.419362370014274,947.392,2020_kk_115_redo,Kusko,2020,0.708771093264358,0.421249103535495,-4.1470212019756e-4,1208.79739356785,1397.71368411467,1859.152,0.707392497651068,915.8777717038745
905,474.22,0.71151986854178,0.419228756064924,948.44,2020_kk_115_redo,Kusko,2020,0.708739549598628,0.420750569591264,-4.9853394423116e-4,1208.79739356785,1397.71368411467,1859.152,0.707392497651068,915.8777717038745
906,474.744,0.707548350831496,0.423146579998118,949.488,2020_kk_115_redo,Kusko,2020,0.708792399726911,0.420298937965503,-4.5163162576089e-4,1208.79739356785,1397.71368411467,1859.152,0.707392497651068,915.8777717038745
907,475.268,0.707960241292664,0.419791124325116,950.536,2020_kk_115_redo,Kusko,2020,0.708775995255257,0.419861659908078,-4.3727805742516e-4,1208.79739356785,1397.71368411467,1859.152,0.707392497651068,915.8777717038745
908,475.792,0.709862483744425,0.427184471051026,951.584,2020_kk_115_redo,Kusko,2020,0.708745802535507,0.419578657377675,-2.8300253040336e-4,1208.79739356785,1397.71368411467,1859.152,0.707392497651068,915.8777717038745
909,476.316,0.711093905563562,0.422800852668974,952.632,2020_kk_115_redo,Kusko,2020,0.708733615320237,0.419179482712155,-3.9917466551908e-4,1208.79739356785,1397.71368411467,1859.152,0.707392497651068,915.8777717038745
910,476.84,0.707137636214485,0.423123892192533,953.68,2020_kk_115_redo,Kusko,2020,0.708738379330265,0.41864947194731,-5.3001076484537e-4,1208.79739356785,1397.71368411467,1859.152,0.707392497651068,915.8777717038745
911,477.364,0.709561618230327,0.424660734750492,954.728,2020_kk_115_redo,Kusko,2020,0.708742221846761,0.418129512840733,-5.1995910657681e-4,1208.79739356785,1397.71368411467,1859.152,0.707392497651068,915.8777717038745
912,477.888,0.710501879749115,0.421667392386367,955.776,2020_kk_115_redo,Kusko,2020,0.70876094611558,0.417702004750714,-4.2750809001934e-4,1208.79739356785,1397.71368411467,1859.152,0.707392497651068,915.8777717038745
913,478.412,0.709561442773489,0.424382130152327,956.824,2020_kk_115_redo,Kusko,2020,0.708776803860984,0.417459438303189,-2.425664475249e-4,1208.79739356785,1397.71368411467,1859.152,0.707392497651068,915.8777717038745
914,478.936,0.709561446753962,0.422476177490336,957.872,2020_kk_115_redo,Kusko,2020,0.708746627960455,0.41706484080343,-3.9459749975873e-4,1208.79739356785,1397.71368411467,1859.152,0.707392497651068,915.8777717038745
915,479.46,0.709414522480503,0.412518079333989,958.92,2020_kk_115_redo,Kusko,2020,0.708725870187287,0.416642381394733,-4.2245940869756e-4,1208.79739356785,1397.71368411467,1859.152,0.707392497651068,915.8777717038745
916,479.984,0.707502590771414,0.416154560996664,959.968,2020_kk_115_redo,Kusko,2020,0.708760500312551,0.416370782734798,-2.7159865993425e-4,1208.79739356785,1397.71368411467,1859.152,0.707392497651068,915.8777717038745
917,480.508,0.708925137963704,0.410745519900113,961.016,2020_kk_115_redo,Kusko,2020,0.708727967782244,0.416094280831896,-2.765019029024e-4,1208.79739356785,1397.71368411467,1859.152,0.707392497651068,915.8777717038745
918,481.032,0.708866075795244,0.407543807836518,962.064,2020_kk_115_redo,Kusko,2020,0.708748197729673,0.415763739565799,-3.3054126609682e-4,1208.79739356785,1397.71368411467,1859.152,0.707392497651068,915.8777717038745
919,481.556,0.707387254167162,0.410003474314796,963.112,2020_kk_115_redo,Kusko,2020,0.708788310648385,0.415439992813057,-3.2374675274266e-4,1208.79739356785,1397.71368411467,1859.152,0.707392497651068,915.8777717038745
920,482.08,0.710498977271031,0.404321127802392,964.16,2020_kk_115_redo,Kusko,2020,0.708673846029997,0.414959777180384,-4.8021563267219e-4,1208.79739356785,1397.71368411467,1859.152,0.707392497651068,915.8777717038745
921,482.604,0.709422344718235,0.408565557183492,965.208,2020_kk_115_redo,Kusko,2020,0.708609951934591,0.414597439460635,-3.6233771974952e-4,1208.79739356785,1397.71368411467,1859.152,0.707392497651068,915.8777717038745
922,483.128,0.708378296562303,0.41061672414684,966.256,2020_kk_115_redo,Kusko,2020,0.708655129107756,0.414204131399778,-3.9330806085635e-4,1208.79739356785,1397.71368411467,1859.152,0.707392497651068,915.8777717038745
923,483.652,0.709147801523858,0.407047517891534,967.304,2020_kk_115_redo,Kusko,2020,0.708691604001474,0.413756944717871,-4.4718668190751e-4,1208.79739356785,1397.71368411467,1859.152,0.707392497651068,915.8777717038745
924,484.176,0.705772742723614,0.407673904036626,968.352,2020_kk_115_redo,Kusko,2020,0.70863975115869,0.413272629061736,-4.8431565613449e-4,1208.79739356785,1397.71368411467,1859.152,0.707392497651068,915.8777717038745
925,484.7,0.706782875474143,0.410734381805411,969.4,2020_kk_115_redo,Kusko,2020,0.708605261685255,0.412747852506439,-5.2477655529709e-4,1208.79739356785,1397.71368411467,1859.152,0.707392497651068,915.8777717038745
926,485.224,0.710716027076754,0.416249372875889,970.448,2020_kk_115_redo,Kusko,2020,0.708552931343407,0.41222902821643,-5.1882429000921e-4,1208.79739356785,1397.71368411467,1859.152,0.707392497651068,915.8777717038745
927,485.748,0.709889068911392,0.409852259043824,971.496,2020_kk_115_redo,Kusko,2020,0.708556575552812,0.411838732284009,-3.9029593242151e-4,1208.79739356785,1397.71368411467,1859.152,0.707392497651068,915.8777717038745
928,486.272,0.708274939091122,0.416412088630176,972.544,2020_kk_115_redo,Kusko,2020,0.708549294950602,0.411451517930071,-3.8721435393718e-4,1208.79739356785,1397.71368411467,1859.152,0.707392497651068,915.8777717038745
929,486.796,0.708459187645793,0.418173555048961,973.592,2020_kk_115_redo,Kusko,2020,0.708530234647526,0.410979802834384,-4.7171509568733e-4,1208.79739356785,1397.71368411467,1859.152,0.707392497651068,915.8777717038745
930,487.32,0.707394122948615,0.414793646113424,974.64,2020_kk_115_redo,Kusko,2020,0.708490772190295,0.41059018748199,-3.896153523944e-4,1208.79739356785,1397.71368411467,1859.152,0.707392497651068,915.8777717038745
931,487.844,0.707313325104365,0.41334580780856,975.688,2020_kk_115_redo,Kusko,2020,0.708456725404941,0.410212766619146,-3.7742086284403e-4,1208.79739356785,1397.71368411467,1859.152,0.707392497651068,915.8777717038745
932,488.368,0.707554773016681,0.409313584562159,976.736,2020_kk_115_redo,Kusko,2020,0.708551857065714,0.409723845179537,-4.8892143960871e-4,1208.79739356785,1397.71368411467,1859.152,0.707392497651068,915.8777717038745
933,488.892,0.706871564231302,0.409829106781952,977.784,2020_kk_115_redo,Kusko,2020,0.70857650409423,0.409374186990404,-3.4965818913274e-4,1208.79739356785,1397.71368411467,1859.152,0.707392497651068,915.8777717038745
934,489.416,0.709251209926109,0.411669770763126,978.832,2020_kk_115_redo,Kusko,2020,0.708496502033543,0.409045918150644,-3.2826883976067e-4,1208.79739356785,1397.71368411467,1859.152,0.707392497651068,915.8777717038745
935,489.94,0.706710038556237,0.412245251423271,979.88,2020_kk_115_redo,Kusko,2020,0.708444688951675,0.408615025241123,-4.3089290952103e-4,1208.79739356785,1397.71368411467,1859.152,0.707392497651068,915.8777717038745
936,490.464,0.711273895775826,0.410328837589211,980.928,2020_kk_115_redo,Kusko,2020,0.708465721455728,0.408160054935778,-4.5497030534469e-4,1208.79739356785,1397.71368411467,1859.152,0.707392497651068,915.8777717038745
937,490.988,0.708828460357868,0.408779435648932,981.976,2020_kk_115_redo,Kusko,2020,0.708476371073494,0.407752778813138,-4.0727612264002e-4,1208.79739356785,1397.71368411467,1859.152,0.707392497651068,915.8777717038745
938,491.512,0.706704049634949,0.409811385599562,983.024,2020_kk_115_redo,Kusko,2020,0.708441129265038,0.407288716749129,-4.640620640085e-4,1208.79739356785,1397.71368411467,1859.152,0.707392497651068,915.8777717038745
939,492.036,0.707990057412046,0.408909666063474,984.072,2020_kk_115_redo,Kusko,2020,0.708413961934273,0.406935781891386,-3.529348577434e-4,1208.79739356785,1397.71368411467,1859.152,0.707392497651068,915.8777717038745
940,492.56,0.706223852815678,0.410209317799859,985.12,2020_kk_115_redo,Kusko,2020,0.70844616991129306,0.406633923265978,-3.0185862540815e-4,1208.79739356785,1397.71368411467,1859.152,0.707392497651068,915.8777717038745
941,493.084,0.711253702112416,0.409707350391096,986.168,2020_kk_115_redo,Kusko,2020,0.708449245571785,0.406205811063364,-4.2811220261346e-4,1208.79739356785,1397.71368411467,1859.152,0.707392497651068,915.8777717038745
942,493.608,0.709547760483882,0.408856544054241,987.216,2020_kk_115_redo,Kusko,2020,0.708379470778194,0.405839764895457,-3.6604616790753e-4,1208.79739356785,1397.71368411467,1859.152,0.707392497651068,915.8777717038745
943,494.132,0.707875614042483,0.416854798367223,988.264,2020_kk_115_redo,Kusko,2020,0.708399486524813,0.405428075053058,-4.1168984239831e-4,1208.79739356785,1397.71368411467,1859.152,0.707392497651068,915.8777717038745
944,494.656,0.708923164977096,0.409425300333055,989.312,2020_kk_115_redo,Kusko,2020,0.708387889973476,0.405151691897252,-2.7638315580674e-4,1208.79739356785,1397.71368411467,1859.152,0.707392497651068,915.8777717038745
945,495.18,0.708849766245623,0.405922578778999,990.36,2020_kk_115_redo,Kusko,2020,0.708389767619995,0.404960105439719,-1.9158645753247e-4,1208.79739356785,1397.71368411467,1859.152,0.707392497651068,915.8777717038745
946,495.704,0.711761225291399,0.411452286344479,991.408,2020_kk_115_redo,Kusko,2020,0.708406008101711,0.404791289329406,-1.6881611031338e-4,1208.79739356785,1397.71368411467,1859.152,0.707392497651068,915.8777717038745
947,496.228,0.706880140471549,0.412027662708721,992.456,2020_kk_115_redo,Kusko,2020,0.708372040009016,0.404794207355891,2.91802648499928e-6,1208.79739356785,1397.71368411467,1859.152,0.707392497651068,915.8777717038745
948,496.752,0.707145430420738,0.408333161105954,993.504,2020_kk_115_redo,Kusko,2020,0.708324701809504,0.404880081896924,8.58745410332595e-5,1208.79739356785,1397.71368411467,1859.152,0.707392497651068,915.8777717038745
949,497.276,0.709276555962634,0.405514598528177,994.552,2020_kk_115_redo,Kusko,2020,0.708362465685359,0.40481423098899,-6.58509079342617e-5,1208.79739356785,1397.71368411467,1859.152,0.707392497651068,915.8777717038745
950,497.8,0.703699538252244,0.397601031893978,995.6,2020_kk_115_redo,Kusko,2020,0.708332811586439,0.404901267412399,8.70364234089593e-5,1208.79739356785,1397.71368411467,1859.152,0.707392497651068,915.8777717038745
951,498.324,0.706884494833198,0.400416204759982,996.648,2020_kk_115_redo,Kusko,2020,0.708357488232668,0.404897912757165,-3.35465523415568e-6,1208.79739356785,1397.71368411467,1859.152,0.707392497651068,915.8777717038745
952,498.848,0.710008200199087,0.39743531280138,997.696,2020_kk_115_redo,Kusko,2020,0.708304408246112,0.40498415774348,8.62449863156534e-5,1208.79739356785,1397.71368411467,1859.152,0.707392497651068,915.8777717038745
953,499.372,0.70978820420685,0.396063826784414,998.744,2020_kk_115_redo,Kusko,2020,0.70829989288724,0.405080110798784,9.5953055303799e-5,1208.79739356785,1397.71368411467,1859.152,0.707392497651068,915.8777717038745
954,499.896,0.706211659732905,0.394398707640479,999.792,2020_kk_115_redo,Kusko,2020,0.708340250389703,0.40513453662416,5.44258253759033e-5,1208.79739356785,1397.71368411467,1859.152,0.707392497651068,915.8777717038745
955,500.42,0.708525855558369,0.389431491539325,1000.84,2020_kk_115_redo,Kusko,2020,0.708369755969835,0.40514693034707,1.23937229103976e-5,1208.79739356785,1397.71368411467,1859.152,0.707392497651068,915.8777717038745
956,500.944,0.7084025641814,0.392196917011792,1001.888,2020_kk_115_redo,Kusko,2020,0.70827984131026,0.405128305302371,-1.86250446996827e-5,1208.79739356785,1397.71368411467,1859.152,0.707392497651068,915.8777717038745
957,501.468,0.706922041331489,0.395857161202386,1002.936,2020_kk_115_redo,Kusko,2020,0.70825580458173,0.405163175468945,3.48701665746631e-5,1208.79739356785,1397.71368411467,1859.152,0.707392497651068,915.8777717038745
958,501.992,0.707606662728079,0.397275584795263,1003.984,2020_kk_115_redo,Kusko,2020,0.708223981503244,0.4051825277104,1.93522414546621e-5,1208.79739356785,1397.71368411467,1859.152,0.707392497651068,915.8777717038745
959,502.516,0.711905705059968,0.394955970820134,1005.032,2020_kk_115_redo,Kusko,2020,0.708220027851914,0.405183186574762,6.58864362457212e-7,1208.79739356785,1397.71368411467,1859.152,0.707392497651068,915.8777717038745
960,503.04,0.705220564934492,0.397043988754938,1006.08,2020_kk_115_redo,Kusko,2020,0.70824168005544,0.405228666911923,4.54803371603973e-5,1208.79739356785,1397.71368411467,1859.152,0.707392497651068,915.8777717038745
961,503.564,0.706466614267267,0.396308294823213,1007.128,2020_kk_115_redo,Kusko,2020,0.708290877651123,0.405326171309248,9.75043973249212e-5,1208.79739356785,1397.71368411467,1859.152,0.707392497651068,915.8777717038745
962,504.088,0.712718818908486,0.393476189327138,1008.176,2020_kk_115_redo,Kusko,2020,0.708283881088578,0.405441586362354,1.154150531063e-4,1208.79739356785,1397.71368411467,1859.152,0.707392497651068,915.8777717038745
963,504.612,0.7077287049972,0.39822403456266797,1009.224,2020_kk_115_redo,Kusko,2020,0.70829459867549,0.40548716052734,4.55741649864061e-5,1208.79739356785,1397.71368411467,1859.152,0.707392497651068,915.8777717038745
964,505.136,0.706325067162464,0.399666239628634,1010.272,2020_kk_115_redo,Kusko,2020,0.708271281482433,0.405584963535183,9.78030078422898e-5,1208.79739356785,1397.71368411467,1859.152,0.707392497651068,915.8777717038745
965,505.66,0.708411083629715,0.393375181493664,1011.32,2020_kk_115_redo,Kusko,2020,0.708288106879436,0.40569194386481,1.0698032962724e-4,1208.79739356785,1397.71368411467,1859.152,0.707392497651068,915.8777717038745
966,506.184,0.708810301074674,0.395848361677432,1012.368,2020_kk_115_redo,Kusko,2020,0.708241144975379,0.405790786550628,9.88426858174463e-5,1208.79739356785,1397.71368411467,1859.152,0.707392497651068,915.8777717038745
967,506.708,0.708599218358621,0.395354556966716,1013.416,2020_kk_115_redo,Kusko,2020,0.708244046121627,0.405941336139411,1.5054958878335e-4,1208.79739356785,1397.71368411467,1859.152,0.707392497651068,915.8777717038745
968,507.232,0.70774797523706,0.399340747210514,1014.464,2020_kk_115_redo,Kusko,2020,0.708272518173552,0.406089974689886,1.486385504752e-4,1208.79739356785,1397.71368411467,1859.152,0.707392497651068,915.8777717038745
969,507.756,0.709463865717686,0.401624761204372,1015.512,2020_kk_115_redo,Kusko,2020,0.708276470693305,0.406242866985095,1.5289229520848e-4,1208.79739356785,1397.71368411467,1859.152,0.707392497651068,915.8777717038745
970,508.28,0.709070114835705,0.405012374668045,1016.56,2020_kk_115_redo,Kusko,2020,0.708321891206369,0.406381052489939,1.3818550484434e-4,1208.79739356785,1397.71368411467,1859.152,0.707392497651068,915.8777717038745
971,508.804,0.709746157859812,0.398974002593685,1017.608,2020_kk_115_redo,Kusko,2020,0.708323121557013,0.406500988662076,1.199361721374e-4,1208.79739356785,1397.71368411467,1859.152,0.707392497651068,915.8777717038745
972,509.328,0.706315392133667,0.399704622311914,1018.656,2020_kk_115_redo,Kusko,2020,0.70836396982973,0.4066336385165,1.326498544234e-4,1208.79739356785,1397.71368411467,1859.152,0.707392497651068,915.8777717038745
973,509.852,0.71076238757063,0.399680739608427,1019.704,2020_kk_115_redo,Kusko,2020,0.708361273788258,0.406636743549853,3.10503335287926e-6,1208.79739356785,1397.71368411467,1859.152,0.707392497651068,915.8777717038745
974,510.376,0.708865653673754,0.405893188141931,1020.752,2020_kk_115_redo,Kusko,2020,0.708363525520252,0.406857506659897,2.2076311004432e-4,1208.79739356785,1397.71368411467,1859.152,0.707392497651068,915.8777717038745
975,510.9,0.709527181271623,0.401022891882041,1021.8,2020_kk_115_redo,Kusko,2020,0.708351956068647,0.407057157291966,1.9965063206917e-4,1208.79739356785,1397.71368411467,1859.152,0.707392497651068,915.8777717038745
976,511.424,0.708477019674378,0.406025594377858,1022.848,2020_kk_115_redo,Kusko,2020,0.708251377094303,0.407101026921026,4.38696290598894e-5,1208.79739356785,1397.71368411467,1859.152,0.707392497651068,915.8777717038745
977,511.948,0.706887052402018,0.410920601489215,1023.896,2020_kk_115_redo,Kusko,2020,0.708261037042469,0.407115598770605,1.4571849579148e-5,1208.79739356785,1397.71368411467,1859.152,0.707392497651068,915.8777717038745
978,512.472,0.706025783824543,0.41269628029851,1024.944,2020_kk_115_redo,Kusko,2020,0.708267064467288,0.407108144605907,-7.45416469816185e-6,1208.79739356785,1397.71368411467,1859.152,0.707392497651068,915.8777717038745
979,512.996,0.709653086718455,0.40605241983874,1025.992,2020_kk_115_redo,Kusko,2020,0.70824115003201,0.407308500362467,2.0035575656018e-4,1208.79739356785,1397.71368411467,1859.152,0.707392497651068,915.8777717038745
980,513.52,0.7087197313358,0.409543313206929,1027.04,2020_kk_115_redo,Kusko,2020,0.708342303751975,0.407531473893887,2.2297353141953e-4,1208.79739356785,1397.71368411467,1859.152,0.707392497651068,915.8777717038745
981,514.044,0.710902943491965,0.408364277869438,1028.088,2020_kk_115_redo,Kusko,2020,0.708362203987317,0.40771075121233,1.7927731844341e-4,1208.79739356785,1397.71368411467,1859.152,0.707392497651068,915.8777717038745
982,514.568,0.705193497368935,0.415791423325782,1029.136,2020_kk_115_redo,Kusko,2020,0.708351517879677,0.407931493252206,2.2074203987565e-4,1208.79739356785,1397.71368411467,1859.152,0.707392497651068,915.8777717038745
983,515.092,0.708876879991577,0.41280470120976,1030.184,2020_kk_115_redo,Kusko,2020,0.708339123205759,0.408256507157716,3.2501390551048e-4,1208.79739356785,1397.71368411467,1859.152,0.707392497651068,915.8777717038745
984,515.616,0.708194192871383,0.410939453559182,1031.232,2020_kk_115_redo,Kusko,2020,0.708346626042196,0.408400135388559,1.4362823084296e-4,1208.79739356785,1397.71368411467,1859.152,0.707392497651068,915.8777717038745
985,516.14,0.708553210282045,0.411478005180033,1032.28,2020_kk_115_redo,Kusko,2020,0.708327053241887,0.408684581647606,2.8444625904727e-4,1208.79739356785,1397.71368411467,1859.152,0.707392497651068,915.8777717038745
986,516.664,0.705321147502306,0.415131870193911,1033.328,2020_kk_115_redo,Kusko,2020,0.708332738033985,0.408885379011303,2.0079736369649e-4,1208.79739356785,1397.71368411467,1859.152,0.707392497651068,915.8777717038745
987,517.188,0.708446865199588,0.411944469038305,1034.376,2020_kk_115_redo,Kusko,2020,0.708400755729443,0.409072854540768,1.8747552946524e-4,1208.79739356785,1397.71368411467,1859.152,0.707392497651068,915.8777717038745
988,517.712,0.706365554381916,0.417573223117456,1035.424,2020_kk_115_redo,Kusko,2020,0.708312461328768,0.409275992705713,2.0313816494493e-4,1208.79739356785,1397.71368411467,1859.152,0.707392497651068,915.8777717038745
989,518.236,0.708221968566005,0.418213086910706,1036.472,2020_kk_115_redo,Kusko,2020,0.708228406003255,0.409471757132269,1.9576442655588e-4,1208.79739356785,1397.71368411467,1859.152,0.707392497651068,915.8777717038745
990,518.76,0.708693255160182,0.417522466343049,1037.52,2020_kk_115_redo,Kusko,2020,0.708280439427234,0.409711857323894,2.4010019162507e-4,1208.79739356785,1397.71368411467,1859.152,0.707392497651068,915.8777717038745
991,519.284,0.710265180845344,0.419196071648054,1038.568,2020_kk_115_redo,Kusko,2020,0.708311375279193,0.409984623310634,2.727659867403e-4,1208.79739356785,1397.71368411467,1859.152,0.707392497651068,915.8777717038745
992,519.808,0.707134979263945,0.416238487748539,1039.616,2020_kk_115_redo,Kusko,2020,0.708209071740159,0.410244637560945,2.6001425031085e-4,1208.79739356785,1397.71368411467,1859.152,0.707392497651068,915.8777717038745
993,520.332,0.707514619446055,0.412563556681136,1040.664,2020_kk_115_redo,Kusko,2020,0.708196979877017,0.410395436381508,1.5079882056268e-4,1208.79739356785,1397.71368411467,1859.152,0.707392497651068,915.8777717038745
994,520.856,0.707852178342662,0.417537951233667,1041.712,2020_kk_115_redo,Kusko,2020,0.708217022460327,0.410494696690777,9.92603092691002e-5,1208.79739356785,1397.71368411467,1859.152,0.707392497651068,915.8777717038745
995,521.38,0.707719562376432,0.418664071200903,1042.76,2020_kk_115_redo,Kusko,2020,0.708205556470908,0.410626267181982,1.315704912051e-4,1208.79739356785,1397.71368411467,1859.152,0.707392497651068,915.8777717038745
996,521.904,0.708456181532416,0.41625939873826,1043.808,2020_kk_115_redo,Kusko,2020,0.708183808484319,0.410729841657441,1.0357447545889e-4,1208.79739356785,1397.71368411467,1859.152,0.707392497651068,915.8777717038745
997,522.428,0.709002529132739,0.417812410975936,1044.856,2020_kk_115_redo,Kusko,2020,0.708173863127581,0.410809252939978,7.94112825373006e-5,1208.79739356785,1397.71368411467,1859.152,0.707392497651068,915.8777717038745
998,522.952,0.708412372750458,0.418729698628074,1045.904,2020_kk_115_redo,Kusko,2020,0.708244023501083,0.410813175757328,3.92281734995503e-6,1208.79739356785,1397.71368411467,1859.152,0.707392497651068,915.8777717038745
999,523.476,0.708227208597255,0.418083203775985,1046.952,2020_kk_115_redo,Kusko,2020,0.70823571270242,0.410757312335461,-5.58634218669196e-5,1208.79739356785,1397.71368411467,1859.152,0.707392497651068,915.8777717038745
1000,524,0.708949083599504,0.418500448090516,1048,2020_kk_115_redo,Kusko,2020,0.708176134373876,0.410507163960784,-2.5014837467729e-4,1208.79739356785,1397.71368411467,1859.152,0.707392497651068,915.8777717038745
1001,524.524,0.71132752315107,0.41690352071934,1049.048,2020_kk_115_redo,Kusko,2020,0.708133473285304,0.410385876507935,-1.2128745284883e-4,1208.79739356785,1397.71368411467,1859.152,0.707392497651068,915.8777717038745
1002,525.048,0.711998656846914,0.416815535319643,1050.096,2020_kk_115_redo,Kusko,2020,0.708151464380722,0.410117544671426,-2.6833183650942e-4,1208.79739356785,1397.71368411467,1859.152,0.707392497651068,915.8777717038745
1003,525.572,0.707713851554124,0.417041100368393,1051.144,2020_kk_115_redo,Kusko,2020,0.708112622576661,0.409820396349333,-2.9714832209265e-4,1208.79739356785,1397.71368411467,1859.152,0.707392497651068,915.8777717038745
1004,526.096,0.709058268896715,0.422671086935714,1052.192,2020_kk_115_redo,Kusko,2020,0.708103414710766,0.409483641807761,-3.3675454157244e-4,1208.79739356785,1397.71368411467,1859.152,0.707392497651068,915.8777717038745
1005,526.62,0.708155599149371,0.417901616703149,1053.24,2020_kk_115_redo,Kusko,2020,0.708081582311325,0.409246859296887,-2.3678251087344e-4,1208.79739356785,1397.71368411467,1859.152,0.707392497651068,915.8777717038745
1006,527.144,0.705726486830766,0.414084464088071,1054.288,2020_kk_115_redo,Kusko,2020,0.708103762102693,0.408906917664968,-3.3994163191891e-4,1208.79739356785,1397.71368411467,1859.152,0.707392497651068,915.8777717038745
1007,527.668,0.707459737361511,0.412901973683473,1055.336,2020_kk_115_redo,Kusko,2020,0.708094811692014,0.408485213489564,-4.2170417540426e-4,1208.79739356785,1397.71368411467,1859.152,0.707392497651068,915.8777717038745
1008,528.192,0.707507075909867,0.407885911224062,1056.384,2020_kk_115_redo,Kusko,2020,0.708107820006857,0.40795270722519,-5.3250626437395e-4,1208.79739356785,1397.71368411467,1859.152,0.707392497651068,915.8777717038745
1009,528.716,0.707721689845914,0.417535943921787,1057.432,2020_kk_115_redo,Kusko,2020,0.708075100196189,0.40748289029944,-4.6981692575043e-4,1208.79739356785,1397.71368411467,1859.152,0.707392497651068,915.8777717038745
1010,529.24,0.709768761450172,0.410979443779154,1058.48,2020_kk_115_redo,Kusko,2020,0.708060922341218,0.406963663458015,-5.1922684142496e-4,1208.79739356785,1397.71368411467,1859.152,0.707392497651068,915.8777717038745
1011,529.764,0.708078508953707,0.411172843866586,1059.528,2020_kk_115_redo,Kusko,2020,0.708017033689208,0.406545364012717,-4.1829944529786e-4,1208.79739356785,1397.71368411467,1859.152,0.707392497651068,915.8777717038745
1012,530.288,0.709367033740693,0.41067983519392,1060.576,2020_kk_115_redo,Kusko,2020,0.708077459508086,0.406001969161623,-5.43394851094e-4,1208.79739356785,1397.71368411467,1859.152,0.707392497651068,915.8777717038745
1013,530.812,0.709044523771788,0.415564661115042,1061.624,2020_kk_115_redo,Kusko,2020,0.708066928335989,0.405400862478063,-6.0110668355983e-4,1208.79739356785,1397.71368411467,1859.152,0.707392497651068,915.8777717038745
1014,531.336,0.706661829919133,0.403016401491057,1062.672,2020_kk_115_redo,Kusko,2020,0.708024704801825,0.404887527152686,-5.133353253775e-4,1208.79739356785,1397.71368411467,1859.152,0.707392497651068,915.8777717038745
1015,531.86,0.707351487539803,0.406498267082161,1063.72,2020_kk_115_redo,Kusko,2020,0.707987338775483,0.404256310304032,-6.3121684865385e-4,1208.79739356785,1397.71368411467,1859.152,0.707392497651068,915.8777717038745
1016,532.384,0.708743651707301,0.40424475883358,1064.768,2020_kk_115_redo,Kusko,2020,0.708051678120245,0.403512576800611,-7.4373350342071e-4,1208.79739356785,1397.71368411467,1859.152,0.707392497651068,915.8777717038745
1017,532.908,0.711003103058969,0.407105692970302,1065.816,2020_kk_115_redo,Kusko,2020,0.708009756838731,0.402768988469059,-7.4358833155219e-4,1208.79739356785,1397.71368411467,1859.152,0.707392497651068,915.8777717038745
1018,533.432,0.702308998687595,0.409463874691957,1066.864,2020_kk_115_redo,Kusko,2020,0.708013209372063,0.401895870739608,-8.7311772945064e-4,1208.79739356785,1397.71368411467,1859.152,0.707392497651068,915.8777717038745
1019,533.956,0.706862385529141,0.40670183641349,1067.912,2020_kk_115_redo,Kusko,2020,0.708068577014372,0.400982681536379,-9.1318920322913e-4,1208.79739356785,1397.71368411467,1859.152,0.707392497651068,915.8777717038745
1020,534.48,0.70834257037325,0.411450000252439,1068.96,2020_kk_115_redo,Kusko,2020,0.708049472768979,0.400011805844484,-9.7087569189535e-4,1208.79739356785,1397.71368411467,1859.152,0.707392497651068,915.8777717038745
1021,535.004,0.708322765384827,0.412674254027629,1070.008,2020_kk_115_redo,Kusko,2020,0.708011784624634,0.398991626063282,-0.00102017978120122,1208.79739356785,1397.71368411467,1859.152,0.707392497651068,915.8777717038745
1022,535.528,0.706580606566416,0.409077044345792,1071.056,2020_kk_115_redo,Kusko,2020,0.70803196715604,0.397917186376727,-0.00107443968655513,1208.79739356785,1397.71368411467,1859.152,0.707392497651068,915.8777717038745
1023,536.052,0.707003193208713,0.407271963796427,1072.104,2020_kk_115_redo,Kusko,2020,0.708031274994046,0.396878122927323,-0.00103906344940463,1208.79739356785,1397.71368411467,1859.152,0.707392497651068,915.8777717038745
1024,536.576,0.707527622161052,0.40562185818478,1073.152,2020_kk_115_redo,Kusko,2020,0.707999186358366,0.395749379319661,-0.00112874360766146,1208.79739356785,1397.71368411467,1859.152,0.707392497651068,915.8777717038745
1025,537.1,0.707723124264572,0.401269410965971,1074.2,2020_kk_115_redo,Kusko,2020,0.708022687380998,0.394586938424801,-0.0011624408948599,1208.79739356785,1397.71368411467,1859.152,0.707392497651068,915.8777717038745
1026,537.624,0.707505421879355,0.402062830204962,1075.248,2020_kk_115_redo,Kusko,2020,0.708032685727842,0.393389311205653,-0.00119762721914835,1208.79739356785,1397.71368411467,1859.152,0.707392497651068,915.8777717038745
1027,538.148,0.708002496954322,0.400119233918955,1076.296,2020_kk_115_redo,Kusko,2020,0.708020084854623,0.392087592252431,-0.00130171895322168,1208.79739356785,1397.71368411467,1859.152,0.707392497651068,915.8777717038745
1028,538.672,0.7119575976472,0.399576116251514,1077.344,2020_kk_115_redo,Kusko,2020,0.708045252858306,0.390812926712449,-0.00127466553998185,1208.79739356785,1397.71368411467,1859.152,0.707392497651068,915.8777717038745
1029,539.196,0.708965217797922,0.398272955892353,1078.392,2020_kk_115_redo,Kusko,2020,0.70805371819003,0.389505548537224,-0.00130737817522586,1208.79739356785,1397.71368411467,1859.152,0.707392497651068,915.8777717038745
1030,539.72,0.705495415123023,0.390003472187407,1079.44,2020_kk_115_redo,Kusko,2020,0.708065748390537,0.388272497598107,-0.00123305093911624,1208.79739356785,1397.71368411467,1859.152,0.707392497651068,915.8777717038745
1031,540.244,0.707186492545478,0.391696755422755,1080.488,2020_kk_115_redo,Kusko,2020,0.708022544875521,0.386998320046791,-0.00127417755131592,1208.79739356785,1397.71368411467,1859.152,0.707392497651068,915.8777717038745
1032,540.768,0.707394857858775,0.38360471212135,1081.536,2020_kk_115_redo,Kusko,2020,0.707926869044702,0.385614944354265,-0.00138337569252622,1208.79739356785,1397.71368411467,1859.152,0.707392497651068,915.8777717038745
1033,541.292,0.708431879326952,0.381851840282869,1082.584,2020_kk_115_redo,Kusko,2020,0.707959643475659,0.384296024239473,-0.00131892011479173,1208.79739356785,1397.71368411467,1859.152,0.707392497651068,915.8777717038745
1034,541.816,0.70831318172009206,0.385687915647583,1083.632,2020_kk_115_redo,Kusko,2020,0.707919570362391,0.382864327411127,-0.00143169682834676,1208.79739356785,1397.71368411467,1859.152,0.707392497651068,915.8777717038745
1035,542.34,0.70821723730513,0.386815941229632,1084.68,2020_kk_115_redo,Kusko,2020,0.707968153292553,0.381537384008157,-0.00132694340296974,1208.79739356785,1397.71368411467,1859.152,0.707392497651068,915.8777717038745
1036,542.864,0.709807807156489,0.385629096462727,1085.728,2020_kk_115_redo,Kusko,2020,0.70805764841076,0.380219262002717,-0.00131812200543963,1208.79739356785,1397.71368411467,1859.152,0.707392497651068,915.8777717038745
1037,543.388,0.706350027761249,0.385618350964957,1086.776,2020_kk_115_redo,Kusko,2020,0.708026932247941,0.378869268631721,-0.00134999337099623,1208.79739356785,1397.71368411467,1859.152,0.707392497651068,915.8777717038745
1038,543.912,0.706806282715126,0.380745904436075,1087.824,2020_kk_115_redo,Kusko,2020,0.708058515314757,0.377595311395065,-0.00127395723665591,1208.79739356785,1397.71368411467,1859.152,0.707392497651068,915.8777717038745
1039,544.436,0.707689898078392,0.377863404293717,1088.872,2020_kk_115_redo,Kusko,2020,0.708039441295859,0.376133351729785,-0.00146195966528018,1208.79739356785,1397.71368411467,1859.152,0.707392497651068,915.8777717038745
1040,544.96,0.707869060037503,0.378389702721428,1089.92,2020_kk_115_redo,Kusko,2020,0.707975107073246,0.3746770133919,-0.00145633833788528,1208.79739356785,1397.71368411467,1859.152,0.707392497651068,915.8777717038745
1041,545.484,0.708269624371389,0.383266311151565,1090.968,2020_kk_115_redo,Kusko,2020,0.708004208876889,0.37319015002582,-0.00148686336607995,1208.79739356785,1397.71368411467,1859.152,0.707392497651068,915.8777717038745
1042,546.008,0.708819046501615,0.383187732260144,1092.016,2020_kk_115_redo,Kusko,2020,0.708006562861147,0.371707126653674,-0.00148302337214573,1208.79739356785,1397.71368411467,1859.152,0.707392497651068,915.8777717038745
1043,546.532,0.708245009665764,0.376738300196166,1093.064,2020_kk_115_redo,Kusko,2020,0.70795907954602,0.370077573847129,-0.00162955280654481,1208.79739356785,1397.71368411467,1859.152,0.707392497651068,915.8777717038745
1044,547.056,0.70566078082153,0.380139334036532,1094.112,2020_kk_115_redo,Kusko,2020,0.707990695304782,0.36861358330049,-0.00146399054663915,1208.79739356785,1397.71368411467,1859.152,0.707392497651068,915.8777717038745
1045,547.58,0.706311248701535,0.373604994260804,1095.16,2020_kk_115_redo,Kusko,2020,0.708024588544673,0.367119353887618,-0.00149422941287164,1208.79739356785,1397.71368411467,1859.152,0.707392497651068,915.8777717038745
1046,548.104,0.70918150818805,0.370507859988666,1096.208,2020_kk_115_redo,Kusko,2020,0.70802121859268,0.365727619886586,-0.00139173400103193,1208.79739356785,1397.71368411467,1859.152,0.707392497651068,915.8777717038745
1047,548.628,0.705931588308753,0.367329169145172,1097.256,2020_kk_115_redo,Kusko,2020,0.707996114302279,0.364131544084751,-0.00159607580183563,1208.79739356785,1397.71368411467,1859.152,0.707392497651068,915.8777717038745
1048,549.152,0.706572706381829,0.365186159350416,1098.304,2020_kk_115_redo,Kusko,2020,0.708121364915618,0.362516713455327,-0.00161483062942386,1208.79739356785,1397.71368411467,1859.152,0.707392497651068,915.8777717038745
1049,549.676,0.711544027104544,0.363421734716957,1099.352,2020_kk_115_redo,Kusko,2020,0.708054577146023,0.360943981142006,-0.00157273231332139,1208.79739356785,1397.71368411467,1859.152,0.707392497651068,915.8777717038745
1050,550.2,0.707547000436567,0.359269924829329,1100.4,2020_kk_115_redo,Kusko,2020,0.708048017034999,0.35932109207107,-0.00162288907093594,1208.79739356785,1397.71368411467,1859.152,0.707392497651068,915.8777717038745
1051,550.724,0.70800389218463,0.35798528477598,1101.448,2020_kk_115_redo,Kusko,2020,0.708059404889816,0.357666225554651,-0.00165486651641839,1208.79739356785,1397.71368411467,1859.152,0.707392497651068,915.8777717038745
1052,551.248,0.708345931148361,0.351772106555233,1102.496,2020_kk_115_redo,Kusko,2020,0.708094749820611,0.356110041702263,-0.00155618385238848,1208.79739356785,1397.71368411467,1859.152,0.707392497651068,915.8777717038745
1053,551.772,0.70747308972637,0.350219749716857,1103.544,2020_kk_115_redo,Kusko,2020,0.708132036050924,0.354647198218521,-0.00146284348374154,1208.79739356785,1397.71368411467,1859.152,0.707392497651068,915.8777717038745
1054,552.296,0.705926860201908,0.349813334773977,1104.592,2020_kk_115_redo,Kusko,2020,0.708170622721064,0.353044568278841,-0.00160262993968019,1208.79739356785,1397.71368411467,1859.152,0.707392497651068,915.8777717038745
1055,552.82,0.709129623734331,0.348917617509311,1105.64,2020_kk_115_redo,Kusko,2020,0.70814378377541,0.351497860085232,-0.00154670819360919,1208.79739356785,1397.71368411467,1859.152,0.707392497651068,915.8777717038745
1056,553.344,0.709056082343031,0.344401765589357,1106.688,2020_kk_115_redo,Kusko,2020,0.708087373907056,0.349902355266816,-0.00159550481841625,1208.79739356785,1397.71368411467,1859.152,0.707392497651068,915.8777717038745
1057,553.868,0.708246476739634,0.339709273782639,1107.736,2020_kk_115_redo,Kusko,2020,0.708078720628829,0.34834563299321,-0.00155672227360587,1208.79739356785,1397.71368411467,1859.152,0.707392497651068,915.8777717038745
1058,554.392,0.709922452971415,0.342249766229163,1108.784,2020_kk_115_redo,Kusko,2020,0.708057836170202,0.346758066980965,-0.00158756601224463,1208.79739356785,1397.71368411467,1859.152,0.707392497651068,915.8777717038745
1059,554.916,0.70873512850067,0.339640513262434,1109.832,2020_kk_115_redo,Kusko,2020,0.708006409189021,0.345180984110307,-0.00157708287065816,1208.79739356785,1397.71368411467,1859.152,0.707392497651068,915.8777717038745
1060,555.44,0.709670895629942,0.34451739174354,1110.88,2020_kk_115_redo,Kusko,2020,0.708111201422274,0.343722775099767,-0.00145820901053956,1208.79739356785,1397.71368411467,1859.152,0.707392497651068,915.8777717038745
1061,555.964,0.708735312250135,0.340452867640386,1111.928,2020_kk_115_redo,Kusko,2020,0.708102280803341,0.342283550791989,-0.00143922430777804,1208.79739356785,1397.71368411467,1859.152,0.707392497651068,915.8777717038745
1062,556.488,0.706258106997771,0.333812993768068,1112.976,2020_kk_115_redo,Kusko,2020,0.708158405557377,0.340844233104479,-0.0014393176875107101,1208.79739356785,1397.71368411467,1859.152,0.707392497651068,915.8777717038745
1063,557.012,0.709680317411521,0.337905893480889,1114.024,2020_kk_115_redo,Kusko,2020,0.708156835566727,0.339405879534345,-0.00143835357013328,1208.79739356785,1397.71368411467,1859.152,0.707392497651068,915.8777717038745
1064,557.536,0.706653882100672,0.336769277234909,1115.072,2020_kk_115_redo,Kusko,2020,0.708170876564296,0.337949588395536,-0.0014562911388093,1208.79739356785,1397.71368411467,1859.152,0.707392497651068,915.8777717038745
1065,558.06,0.711070574959062,0.338285012524964,1116.12,2020_kk_115_redo,Kusko,2020,0.708155096957942,0.336403444112914,-0.00154614428262234,1208.79739356785,1397.71368411467,1859.152,0.707392497651068,915.8777717038745
1066,558.584,0.711096193923209,0.334997143761691,1117.168,2020_kk_115_redo,Kusko,2020,0.708139755200406,0.334888622860851,-0.00151482125206304,1208.79739356785,1397.71368411467,1859.152,0.707392497651068,915.8777717038745
1067,559.108,0.705616767592373,0.331902371423699,1118.216,2020_kk_115_redo,Kusko,2020,0.708138646969663,0.3333563823116,-0.00153224054925027,1208.79739356785,1397.71368411467,1859.152,0.707392497651068,915.8777717038745
1068,559.632,0.70940205991881,0.33144847702471,1119.264,2020_kk_115_redo,Kusko,2020,0.708156302812302,0.332016146158809,-0.0013402361527915,1208.79739356785,1397.71368411467,1859.152,0.707392497651068,915.8777717038745
1069,560.156,0.70657724871203,0.329818364004972,1120.312,2020_kk_115_redo,Kusko,2020,0.708144563193952,0.330659545284943,-0.00135660087386591,1208.79739356785,1397.71368411467,1859.152,0.707392497651068,915.8777717038745
1070,560.68,0.705908708093384,0.323599143506041,1121.36,2020_kk_115_redo,Kusko,2020,0.708123586787394,0.329246930792134,-0.00141261449280866,1208.79739356785,1397.71368411467,1859.152,0.707392497651068,915.8777717038745
1071,561.204,0.709824617172304,0.321961041901788,1122.408,2020_kk_115_redo,Kusko,2020,0.708143028354923,0.327772300736098,-0.00147463005603626,1208.79739356785,1397.71368411467,1859.152,0.707392497651068,915.8777717038745
1072,561.728,0.709508272796155,0.321698432865177,1123.456,2020_kk_115_redo,Kusko,2020,0.708087220934047,0.32633219218576,-0.00144010855033855,1208.79739356785,1397.71368411467,1859.152,0.707392497651068,915.8777717038745
1073,562.252,0.70619552486417,0.317791492722354,1124.504,2020_kk_115_redo,Kusko,2020,0.708094160262775,0.325007976891659,-0.00132421529410037,1208.79739356785,1397.71368411467,1859.152,0.707392497651068,915.8777717038745
1074,562.776,0.708558775444878,0.315176968692708,1125.552,2020_kk_115_redo,Kusko,2020,0.708103762660418,0.323625825899556,-0.00138215099210315,1208.79739356785,1397.71368411467,1859.152,0.707392497651068,915.8777717038745
1075,563.3,0.709385081933243,0.316844502309865,1126.6,2020_kk_115_redo,Kusko,2020,0.708098764460755,0.32229627184364,-0.001329554055916,1208.79739356785,1397.71368411467,1859.152,0.707392497651068,915.8777717038745
1076,563.824,0.708541454587693,0.320740718771667,1127.648,2020_kk_115_redo,Kusko,2020,0.708056047982846,0.321047429175548,-0.00124884266809172,1208.79739356785,1397.71368411467,1859.152,0.707392497651068,915.8777717038745
1077,564.348,0.709496845634929,0.311341144860161,1128.696,2020_kk_115_redo,Kusko,2020,0.708073125817248,0.319845876869527,-0.00120155230602176,1208.79739356785,1397.71368411467,1859.152,0.707392497651068,915.8777717038745
1078,564.872,0.709824035487931,0.312574036926525,1129.744,2020_kk_115_redo,Kusko,2020,0.70812764635863,0.318721292347474,-0.00112458452205266,1208.79739356785,1397.71368411467,1859.152,0.707392497651068,915.8777717038745
1079,565.396,0.702855119353454,0.312337897614205,1130.792,2020_kk_115_redo,Kusko,2020,0.708063401967781,0.317611836682613,-0.00110945566486065,1208.79739356785,1397.71368411467,1859.152,0.707392497651068,915.8777717038745
1080,565.92,0.707948963711804,0.314076655996285,1131.84,2020_kk_115_redo,Kusko,2020,0.708090978757155,0.316556431697582,-0.00105540498503137,1208.79739356785,1397.71368411467,1859.152,0.707392497651068,915.8777717038745
1081,566.444,0.709006036673823,0.313382263042526,1132.888,2020_kk_115_redo,Kusko,2020,0.708082539049265,0.315554625197242,-0.00100180650033954,1208.79739356785,1397.71368411467,1859.152,0.707392497651068,915.8777717038745
1082,566.968,0.708701302414159,0.315706013202481,1133.936,2020_kk_115_redo,Kusko,2020,0.708003997206912,0.314684591721506,-8.7003347573616e-4,1208.79739356785,1397.71368411467,1859.152,0.707392497651068,915.8777717038745
1083,567.492,0.709240367027454,0.319501354771935,1134.984,2020_kk_115_redo,Kusko,2020,0.708044829754955,0.313837290709886,-8.4730101162028e-4,1208.79739356785,1397.71368411467,1859.152,0.707392497651068,915.8777717038745
1084,568.016,0.70984282236947,0.309464061803969,1136.032,2020_kk_115_redo,Kusko,2020,0.708045007233101,0.312928240403219,-9.0905030666732e-4,1208.79739356785,1397.71368411467,1859.152,0.707392497651068,915.8777717038745
1085,568.54,0.706112787525318,0.30846691934942,1137.08,2020_kk_115_redo,Kusko,2020,0.708029260028951,0.312085082651287,-8.4315775193116e-4,1208.79739356785,1397.71368411467,1859.152,0.707392497651068,915.8777717038745
1086,569.064,0.70412082977814,0.306332541099989,1138.128,2020_kk_115_redo,Kusko,2020,0.708088456613471,0.311347011646946,-7.3807100434147e-4,1208.79739356785,1397.71368411467,1859.152,0.707392497651068,915.8777717038745
1087,569.588,0.707483300260689,0.3067158975026,1139.176,2020_kk_115_redo,Kusko,2020,0.708065149554331,0.310633121849622,-7.1388979732361e-4,1208.79739356785,1397.71368411467,1859.152,0.707392497651068,915.8777717038745
1088,570.112,0.710704530129574,0.304322155516837,1140.224,2020_kk_115_redo,Kusko,2020,0.707979294423301,0.309891858702531,-7.4126314709172e-4,1208.79739356785,1397.71368411467,1859.152,0.707392497651068,915.8777717038745
1089,570.636,0.705879598927064,0.303647983652861,1141.272,2020_kk_115_redo,Kusko,2020,0.707942085342397,0.309203287576156,-6.8857112637477e-4,1208.79739356785,1397.71368411467,1859.152,0.707392497651068,915.8777717038745
1090,571.16,0.711782949118201,0.302510931555034,1142.32,2020_kk_115_redo,Kusko,2020,0.707923811047188,0.308348935859818,-8.543517163374e-4,1208.79739356785,1397.71368411467,1859.152,0.707392497651068,915.8777717038745
1091,571.684,0.706651255409494,0.305343296956073,1143.368,2020_kk_115_redo,Kusko,2020,0.707893143764539,0.307621265467737,-7.2767039208177e-4,1208.79739356785,1397.71368411467,1859.152,0.707392497651068,915.8777717038745
1092,572.208,0.710762343100964,0.297245650870706,1144.416,2020_kk_115_redo,Kusko,2020,0.707908357853948,0.307054986710936,-5.6627875680109e-4,1208.79739356785,1397.71368411467,1859.152,0.707392497651068,915.8777717038745
1093,572.732,0.708337679887958,0.295550626074871,1145.464,2020_kk_115_redo,Kusko,2020,0.707930587888855,0.306387369323257,-6.6761738767856e-4,1208.79739356785,1397.71368411467,1859.152,0.707392497651068,915.8777717038745
1094,573.256,0.709155641574231,0.298310447319024,1146.512,2020_kk_115_redo,Kusko,2020,0.707976842308991,0.305746811023995,-6.4055829926162e-4,1208.79739356785,1397.71368411467,1859.152,0.707392497651068,915.8777717038745
1095,573.78,0.707270460923882,0.294047284272292,1147.56,2020_kk_115_redo,Kusko,2020,0.707916886932163,0.305160996081181,-5.8581494281423e-4,1208.79739356785,1397.71368411467,1859.152,0.707392497651068,915.8777717038745
1096,574.304,0.708887301704292,0.294739821338946,1148.608,2020_kk_115_redo,Kusko,2020,0.707839870315388,0.304576108879758,-5.848872014233e-4,1208.79739356785,1397.71368411467,1859.152,0.707392497651068,915.8777717038745
1097,574.828,0.706283533916668,0.293683918009939,1149.656,2020_kk_115_redo,Kusko,2020,0.707882951383457,0.304103226352289,-4.7288252746879e-4,1208.79739356785,1397.71368411467,1859.152,0.707392497651068,915.8777717038745
1098,575.352,0.707865633273504,0.300331735268586,1150.704,2020_kk_115_redo,Kusko,2020,0.707826994101802,0.303554326416478,-5.4889993581075e-4,1208.79739356785,1397.71368411467,1859.152,0.707392497651068,915.8777717038745
1099,575.876,0.706985520977352,0.296467351861762,1151.752,2020_kk_115_redo,Kusko,2020,0.707879003005281,0.30303823975504,-5.1608666143859e-4,1208.79739356785,1397.71368411467,1859.152,0.707392497651068,915.8777717038745
1100,576.4,0.706610475644018,0.293632833152909,1152.8,2020_kk_115_redo,Kusko,2020,0.707948202368958,0.302662484981174,-3.7575477386553e-4,1208.79739356785,1397.71368411467,1859.152,0.707392497651068,915.8777717038745
1101,576.924,0.709436118423141,0.29478850778939,1153.848,2020_kk_115_redo,Kusko,2020,0.707970794075714,0.302312968849745,-3.4951613142947e-4,1208.79739356785,1397.71368411467,1859.152,0.707392497651068,915.8777717038745
1102,577.448,0.705470601249066,0.29678121923983,1154.896,2020_kk_115_redo,Kusko,2020,0.707870436867851,0.301995051385004,-3.1791746474085e-4,1208.79739356785,1397.71368411467,1859.152,0.707392497651068,915.8777717038745
1103,577.972,0.708661369389436,0.297285382550143,1155.944,2020_kk_115_redo,Kusko,2020,0.707941517730266,0.301680679805613,-3.1437157939029e-4,1208.79739356785,1397.71368411467,1859.152,0.707392497651068,915.8777717038745
1104,578.496,0.706236924680122,0.297210274510347,1156.992,2020_kk_115_redo,Kusko,2020,0.707804788858737,0.301462998115563,-2.176816900502e-4,1208.79739356785,1397.71368411467,1859.152,0.707392497651068,915.8777717038745
1105,579.02,0.706011356721728,0.293831750905843,1158.04,2020_kk_115_redo,Kusko,2020,0.707758485764952,0.301261239181422,-2.0175893414176e-4,1208.79739356785,1397.71368411467,1859.152,0.707392497651068,915.8777717038745
1106,579.544,0.706618519513553,0.29557729990316,1159.088,2020_kk_115_redo,Kusko,2020,0.707778221740876,0.301025377357018,-2.3586182440399e-4,1208.79739356785,1397.71368411467,1859.152,0.707392497651068,915.8777717038745
1107,580.068,0.70695625837286,0.29523603078387,1160.136,2020_kk_115_redo,Kusko,2020,0.707778099816487,0.300944516234772,-8.08611222459787e-5,1208.79739356785,1397.71368411467,1859.152,0.707392497651068,915.8777717038745
1108,580.592,0.70984393886475,0.297711088027255,1161.184,2020_kk_115_redo,Kusko,2020,0.707769195715323,0.300826116410094,-1.1839982467798e-4,1208.79739356785,1397.71368411467,1859.152,0.707392497651068,915.8777717038745
1109,581.116,0.707689363653598,0.296854394825318,1162.232,2020_kk_115_redo,Kusko,2020,0.70788033402487,0.300787563146009,-3.85532640841402e-5,1208.79739356785,1397.71368411467,1859.152,0.707392497651068,915.8777717038745
1110,581.64,0.709201607798972,0.295945625727447,1163.28,2020_kk_115_redo,Kusko,2020,0.707919290227942,0.300797400381297,9.83723528713565e-6,1208.79739356785,1397.71368411467,1859.152,0.707392497651068,915.8777717038745
1111,582.164,0.707497509711248,0.297876894755607,1164.328,2020_kk_115_redo,Kusko,2020,0.707883219105231,0.300785062395547,-1.23379857490669e-5,1208.79739356785,1397.71368411467,1859.152,0.707392497651068,915.8777717038745
1112,582.688,0.703633420607155,0.299570098011063,1165.376,2020_kk_115_redo,Kusko,2020,0.707870620558753,0.300847805290182,6.2742894634038e-5,1208.79739356785,1397.71368411467,1859.152,0.707392497651068,915.8777717038745
1113,583.212,0.70992304260899,0.29938168901964,1166.424,2020_kk_115_redo,Kusko,2020,0.707846868302256,0.300813245463881,-3.45598263004621e-5,1208.79739356785,1397.71368411467,1859.152,0.707392497651068,915.8777717038745
1114,583.736,0.705937508890634,0.295270316373937,1167.472,2020_kk_115_redo,Kusko,2020,0.707886227703907,0.300969537124939,1.5629166105757e-4,1208.79739356785,1397.71368411467,1859.152,0.707392497651068,915.8777717038745
1115,584.26,0.708184791485357,0.298328152393441,1168.52,2020_kk_115_redo,Kusko,2020,0.707886212291153,0.30117702955027,2.0749242533096e-4,1208.79739356785,1397.71368411467,1859.152,0.707392497651068,915.8777717038745
1116,584.784,0.712607877414227,0.300117505328867,1169.568,2020_kk_115_redo,Kusko,2020,0.707977518147306,0.301442864537748,2.6583498747823e-4,1208.79739356785,1397.71368411467,1859.152,0.707392497651068,915.8777717038745
1117,585.308,0.706848053191247,0.296875885943223,1170.616,2020_kk_115_redo,Kusko,2020,0.707966252145203,0.301712061152824,2.6919661507612e-4,1208.79739356785,1397.71368411467,1859.152,0.707392497651068,915.8777717038745
1118,585.832,0.704771145109598,0.297773977403658,1171.664,2020_kk_115_redo,Kusko,2020,0.707902310698358,0.302039473951999,3.2741279917547e-4,1208.79739356785,1397.71368411467,1859.152,0.707392497651068,915.8777717038745
1119,586.356,0.706502583646404,0.298326245679947,1172.712,2020_kk_115_redo,Kusko,2020,0.707874048885461,0.30246650919866,0.00042703524666049003,1208.79739356785,1397.71368411467,1859.152,0.707392497651068,915.8777717038745
1120,586.88,0.708574437917459,0.293256288763294,1173.76,2020_kk_115_redo,Kusko,2020,0.707822860347005,0.302975197253616,5.0868805495651e-4,1208.79739356785,1397.71368411467,1859.152,0.707392497651068,915.8777717038745
1121,587.404,0.706895275291152,0.29679264411548,1174.808,2020_kk_115_redo,Kusko,2020,0.707839822050432,0.303348938507147,3.7374125353101e-4,1208.79739356785,1397.71368411467,1859.152,0.707392497651068,915.8777717038745
1122,587.928,0.707170952362317,0.299836268360004,1175.856,2020_kk_115_redo,Kusko,2020,0.707797805655799,0.304003086082665,6.5414757551762e-4,1208.79739356785,1397.71368411467,1859.152,0.707392497651068,915.8777717038745
1123,588.452,0.711014119505962,0.297848850220172,1176.904,2020_kk_115_redo,Kusko,2020,0.707809494554865,0.304729301533811,7.2621545114615e-4,1208.79739356785,1397.71368411467,1859.152,0.707392497651068,915.8777717038745
1124,588.976,0.70942914730881,0.298335779279211,1177.952,2020_kk_115_redo,Kusko,2020,0.707725538293715,0.305469869298849,7.4056776503816e-4,1208.79739356785,1397.71368411467,1859.152,0.707392497651068,915.8777717038745
1125,589.5,0.707473252349412,0.303136115956112,1179,2020_kk_115_redo,Kusko,2020,0.707715923971409,0.306543871253734,0.00107400195488411,1208.79739356785,1397.71368411467,1859.152,0.707392497651068,915.8777717038745
1126,590.024,0.706475196916722,0.299903911676293,1180.048,2020_kk_115_redo,Kusko,2020,0.707662839654666,0.307707300934682,0.00116342968094801,1208.79739356785,1397.71368411467,1859.152,0.707392497651068,915.8777717038745
1127,590.548,0.7082016316765,0.303529419775568,1181.096,2020_kk_115_redo,Kusko,2020,0.707683068665257,0.308960865466524,0.00125356453184272,1208.79739356785,1397.71368411467,1859.152,0.707392497651068,915.8777717038745
1128,591.072,0.706044623019526,0.298514480876069,1182.144,2020_kk_115_redo,Kusko,2020,0.707654041940211,0.310151524615206,0.00119065914868194,1208.79739356785,1397.71368411467,1859.152,0.707392497651068,915.8777717038745
1129,591.596,0.709697782920738,0.298853164318654,1183.192,2020_kk_115_redo,Kusko,2020,0.707669287777909,0.311495409546894,0.00134388493168824,1208.79739356785,1397.71368411467,1859.152,0.707392497651068,915.8777717038745
1130,592.12,0.710060669913997,0.30105385707411,1184.24,2020_kk_115_redo,Kusko,2020,0.707732661828267,0.312779118769257,0.00128370922236271,1208.79739356785,1397.71368411467,1859.152,0.707392497651068,915.8777717038745
1131,592.644,0.711180119577686,0.300990074016018,1185.288,2020_kk_115_redo,Kusko,2020,0.707652740755565,0.314046770641747,0.00126765187248989,1208.79739356785,1397.71368411467,1859.152,0.707392497651068,915.8777717038745
1132,593.168,0.703486840324375,0.302623384980726,1186.336,2020_kk_115_redo,Kusko,2020,0.707728109704503,0.315197231357145,0.0011504607153982,1208.79739356785,1397.71368411467,1859.152,0.707392497651068,915.8777717038745
1133,593.692,0.710460376609078,0.298929197958934,1187.384,2020_kk_115_redo,Kusko,2020,0.707742240816997,0.316382674495846,0.00118544313870067,1208.79739356785,1397.71368411467,1859.152,0.707392497651068,915.8777717038745
1134,594.216,0.700355043153117,0.302116067289695,1188.432,2020_kk_115_redo,Kusko,2020,0.707736644500345,0.317602231104431,0.00121955660858508,1208.79739356785,1397.71368411467,1859.152,0.707392497651068,915.8777717038745
1135,594.74,0.706606896306183,0.304738966261361,1189.48,2020_kk_115_redo,Kusko,2020,0.707728324887073,0.31890330495493,0.00130107385049955,1208.79739356785,1397.71368411467,1859.152,0.707392497651068,915.8777717038745
1136,595.264,0.709725613143076,0.306589009307426,1190.528,2020_kk_115_redo,Kusko,2020,0.707745813837022,0.32018212349179,0.00127881853685924,1208.79739356785,1397.71368411467,1859.152,0.707392497651068,915.8777717038745
1137,595.788,0.709489530171594,0.306489477525402,1191.576,2020_kk_115_redo,Kusko,2020,0.707805045734447,0.321420555432113,0.00123843194032319,1208.79739356785,1397.71368411467,1859.152,0.707392497651068,915.8777717038745
1138,596.312,0.709289789418124,0.305470047445845,1192.624,2020_kk_115_redo,Kusko,2020,0.707730112290288,0.322559630102189,0.00113907467007585,1208.79739356785,1397.71368411467,1859.152,0.707392497651068,915.8777717038745
1139,596.836,0.709523417926269,0.310024701769157,1193.672,2020_kk_115_redo,Kusko,2020,0.707765165750911,0.323722275022525,0.0011626449203363,1208.79739356785,1397.71368411467,1859.152,0.707392497651068,915.8777717038745
1140,597.36,0.710286335896097,0.314666890113516,1194.72,2020_kk_115_redo,Kusko,2020,0.707708692405254,0.324906472117446,0.00118419709492079,1208.79739356785,1397.71368411467,1859.152,0.707392497651068,915.8777717038745
1141,597.884,0.706841769311201,0.312641983897581,1195.768,2020_kk_115_redo,Kusko,2020,0.707719526854907,0.326078086521233,0.00117161440378694,1208.79739356785,1397.71368411467,1859.152,0.707392497651068,915.8777717038745
1142,598.408,0.707945389625446,0.319470586880524,1196.816,2020_kk_115_redo,Kusko,2020,0.707747522540764,0.327339937378342,0.00126185085710917,1208.79739356785,1397.71368411467,1859.152,0.707392497651068,915.8777717038745
1143,598.932,0.707815231637676,0.317427765193908,1197.864,2020_kk_115_redo,Kusko,2020,0.707685759631224,0.328641221926834,0.00130128454849221,1208.79739356785,1397.71368411467,1859.152,0.707392497651068,915.8777717038745
1144,599.456,0.712204386468511,0.318841561467422,1198.912,2020_kk_115_redo,Kusko,2020,0.707728075503638,0.330019577203091,0.00137835527625674,1208.79739356785,1397.71368411467,1859.152,0.707392497651068,915.8777717038745
1145,599.98,0.706111862760089,0.320916464869277,1199.96,2020_kk_115_redo,Kusko,2020,0.707706566150994,0.331334739686069,0.00131516248297786,1208.79739356785,1397.71368411467,1859.152,0.707392497651068,915.8777717038745
1146,600.504,0.709599181147298,0.322282640348684,1201.008,2020_kk_115_redo,Kusko,2020,0.707628240120882,0.332614282485179,0.00127954279911013,1208.79739356785,1397.71368411467,1859.152,0.707392497651068,915.8777717038745
1147,601.028,0.706807340134535,0.322867694407167,1202.056,2020_kk_115_redo,Kusko,2020,0.707637806183249,0.334033051877281,0.00141876939210217,1208.79739356785,1397.71368411467,1859.152,0.707392497651068,915.8777717038745
1148,601.552,0.70686804331886,0.323966923467368,1203.104,2020_kk_115_redo,Kusko,2020,0.707686890729484,0.335408622547257,0.00137557066997573,1208.79739356785,1397.71368411467,1859.152,0.707392497651068,915.8777717038745
1149,602.076,0.70418389015322,0.32927009845249,1204.152,2020_kk_115_redo,Kusko,2020,0.707751076173561,0.336834450092053,0.00142582754479648,1208.79739356785,1397.71368411467,1859.152,0.707392497651068,915.8777717038745
1150,602.6,0.708711636810882,0.333032214852428,1205.2,2020_kk_115_redo,Kusko,2020,0.707739546341937,0.33827461612109,0.00144016602903685,1208.79739356785,1397.71368411467,1859.152,0.707392497651068,915.8777717038745
1151,603.124,0.70766895761509,0.327767772167933,1206.248,2020_kk_115_redo,Kusko,2020,0.707740405569746,0.339619990560995,0.00134537443990512,1208.79739356785,1397.71368411467,1859.152,0.707392497651068,915.8777717038745
1152,603.648,0.708241359422978,0.336494505401763,1207.296,2020_kk_115_redo,Kusko,2020,0.707780641729823,0.340920259636239,0.00130026907524378,1208.79739356785,1397.71368411467,1859.152,0.707392497651068,915.8777717038745
1153,604.172,0.709039013831952,0.339123553143641,1208.344,2020_kk_115_redo,Kusko,2020,0.707743553461989,0.342309480370921,0.00138922073468167,1208.79739356785,1397.71368411467,1859.152,0.707392497651068,915.8777717038745
1154,604.696,0.704118265905223,0.342744513221314,1209.392,2020_kk_115_redo,Kusko,2020,0.707716906769503,0.343690769036178,0.00138128866525766,1208.79739356785,1397.71368411467,1859.152,0.707392497651068,915.8777717038745
1155,605.22,0.706693601585529,0.358487401565338,1210.44,2020_kk_115_redo,Kusko,2020,0.707744941562793,0.345046041719949,0.00135527268377106,1208.79739356785,1397.71368411467,1859.152,0.707392497651068,915.8777717038745
1156,605.744,0.705702242699703,0.364545602195828,1211.488,2020_kk_115_redo,Kusko,2020,0.707821049491296,0.346432136376421,0.0013860946564716,1208.79739356785,1397.71368411467,1859.152,0.707392497651068,915.8777717038745
1157,606.268,0.707497274552094,0.368897789920501,1212.536,2020_kk_115_redo,Kusko,2020,0.707759370010823,0.347689927945199,0.00125779156877837,1208.79739356785,1397.71368411467,1859.152,0.707392497651068,915.8777717038745
1158,606.792,0.706124029770765,0.371771284189504,1213.584,2020_kk_115_redo,Kusko,2020,0.707759557639475,0.349101596333488,0.00141166838828866,1208.79739356785,1397.71368411467,1859.152,0.707392497651068,915.8777717038745
1159,607.316,0.707900271239243,0.377100447763058,1214.632,2020_kk_115_redo,Kusko,2020,0.707709874183159,0.350432215395839,0.00133061906235116,1208.79739356785,1397.71368411467,1859.152,0.707392497651068,915.8777717038745
1160,607.84,0.7104129186655,0.370655386494667,1215.68,2020_kk_115_redo,Kusko,2020,0.70766204510999,0.351740352139103,0.00130813674326397,1208.79739356785,1397.71368411467,1859.152,0.707392497651068,915.8777717038745
1161,608.364,0.704640854061014,0.370847620138784,1216.728,2020_kk_115_redo,Kusko,2020,0.707550426075404,0.353136863976985,0.00139651183788225,1208.79739356785,1397.71368411467,1859.152,0.707392497651068,915.8777717038745
1162,608.888,0.709992738185353,0.365808862163724,1217.776,2020_kk_115_redo,Kusko,2020,0.707623271910906,0.354465508675309,0.00132864469832322,1208.79739356785,1397.71368411467,1859.152,0.707392497651068,915.8777717038745
1163,609.412,0.709509236139034,0.368411970872182,1218.824,2020_kk_115_redo,Kusko,2020,0.707557095504342,0.355796477546095,0.0013309688707861,1208.79739356785,1397.71368411467,1859.152,0.707392497651068,915.8777717038745
1164,609.936,0.705901145681023,0.370383671025451,1219.872,2020_kk_115_redo,Kusko,2020,0.707651448550692,0.35717114770517,0.00137467015907483,1208.79739356785,1397.71368411467,1859.152,0.707392497651068,915.8777717038745
1165,610.46,0.705512179925438,0.371896181935814,1220.92,2020_kk_115_redo,Kusko,2020,0.707699081678583,0.358502018122096,0.00133087041692626,1208.79739356785,1397.71368411467,1859.152,0.707392497651068,915.8777717038745
1166,610.984,0.707667856510441,0.372306412114712,1221.968,2020_kk_115_redo,Kusko,2020,0.707671939564251,0.359748076356322,0.00124605823422597,1208.79739356785,1397.71368411467,1859.152,0.707392497651068,915.8777717038745
1167,611.508,0.710510172218374,0.369541947203264,1223.016,2020_kk_115_redo,Kusko,2020,0.70762184067846,0.360914789035912,0.00116671267959023,1208.79739356785,1397.71368411467,1859.152,0.707392497651068,915.8777717038745
1168,612.032,0.705347932215213,0.366055568231803,1224.064,2020_kk_115_redo,Kusko,2020,0.70761434014553,0.362190680069792,0.00127589103387954,1208.79739356785,1397.71368411467,1859.152,0.707392497651068,915.8777717038745
1169,612.556,0.709792571290976,0.3666130900455,1225.112,2020_kk_115_redo,Kusko,2020,0.707581257093246,0.363310341398621,0.00111966132882974,1208.79739356785,1397.71368411467,1859.152,0.707392497651068,915.8777717038745
1170,613.08,0.705813207059551,0.366997451422692,1226.16,2020_kk_115_redo,Kusko,2020,0.707547094564483,0.364389030812047,0.00107868941342526,1208.79739356785,1397.71368411467,1859.152,0.707392497651068,915.8777717038745
1171,613.604,0.708147576690456,0.368173758982825,1227.208,2020_kk_115_redo,Kusko,2020,0.70758724357866,0.365435246917696,0.00104621610564914,1208.79739356785,1397.71368411467,1859.152,0.707392497651068,915.8777717038745
1172,614.128,0.705313161758574,0.375281149437611,1228.256,2020_kk_115_redo,Kusko,2020,0.707597391622281,0.36634388698793,9.0864007023461e-4,1208.79739356785,1397.71368411467,1859.152,0.707392497651068,915.8777717038745
1173,614.652,0.706217268036578,0.377458761929172,1229.304,2020_kk_115_redo,Kusko,2020,0.707590433218331,0.367305016626629,9.6112963869832e-4,1208.79739356785,1397.71368411467,1859.152,0.707392497651068,915.8777717038745
1174,615.176,0.708476461235454,0.377971632949343,1230.352,2020_kk_115_redo,Kusko,2020,0.707476569243759,0.368247141164322,9.4212453769321e-4,1208.79739356785,1397.71368411467,1859.152,0.707392497651068,915.8777717038745
1175,615.7,0.706894230326755,0.377237901372113,1231.4,2020_kk_115_redo,Kusko,2020,0.707481360908196,0.369173859161568,9.2671799724591e-4,1208.79739356785,1397.71368411467,1859.152,0.707392497651068,915.8777717038745
1176,616.224,0.707908315607454,0.376890073275475,1232.448,2020_kk_115_redo,Kusko,2020,0.707481245441044,0.36997598317506,8.021240134925e-4,1208.79739356785,1397.71368411467,1859.152,0.707392497651068,915.8777717038745
1177,616.748,0.707422016933288,0.382002049469353,1233.496,2020_kk_115_redo,Kusko,2020,0.707462969220384,0.370750602826454,7.7461965139397e-4,1208.79739356785,1397.71368411467,1859.152,0.707392497651068,915.8777717038745
1178,617.272,0.707716217883721,0.380308217602202,1234.544,2020_kk_115_redo,Kusko,2020,0.707507836345566,0.371532196047723,7.8159322126908e-4,1208.79739356785,1397.71368411467,1859.152,0.707392497651068,915.8777717038745
1179,617.796,0.710353710291001,0.383875898367735,1235.592,2020_kk_115_redo,Kusko,2020,0.707578970138932,0.37217661631375,6.4442026602668e-4,1208.79739356785,1397.71368411467,1859.152,0.707392497651068,915.8777717038745
1180,618.32,0.70788264802001,0.379666250505504,1236.64,2020_kk_115_redo,Kusko,2020,0.707551557984851,0.372770713562857,5.940972491073e-4,1208.79739356785,1397.71368411467,1859.152,0.707392497651068,915.8777717038745
1181,618.844,0.706946828959692,0.37751511050979,1237.688,2020_kk_115_redo,Kusko,2020,0.707569084118265,0.373478033412051,7.0731984919336e-4,1208.79739356785,1397.71368411467,1859.152,0.707392497651068,915.8777717038745
1182,619.368,0.709585121966952,0.377852412874627,1238.736,2020_kk_115_redo,Kusko,2020,0.707546885806013,0.374011733066698,5.3369965464711e-4,1208.79739356785,1397.71368411467,1859.152,0.707392497651068,915.8777717038745
1183,619.892,0.708788823435925,0.381202094301074,1239.784,2020_kk_115_redo,Kusko,2020,0.707494113220115,0.374498421899497,4.8668883279889e-4,1208.79739356785,1397.71368411467,1859.152,0.707392497651068,915.8777717038745
1184,620.416,0.707830345759635,0.381213099194671,1240.832,2020_kk_115_redo,Kusko,2020,0.70753644802567806,0.374915338863536,4.16916964039e-4,1208.79739356785,1397.71368411467,1859.152,0.707392497651068,915.8777717038745
1185,620.94,0.709155339946797,0.384452476982377,1241.88,2020_kk_115_redo,Kusko,2020,0.707575696622068,0.375122391848387,2.070529848514e-4,1208.79739356785,1397.71368411467,1859.152,0.707392497651068,915.8777717038745
1186,621.464,0.711041672626938,0.383069591064587,1242.928,2020_kk_115_redo,Kusko,2020,0.707612187071332,0.375194203435642,7.1811587254833e-5,1208.79739356785,1397.71368411467,1859.152,0.707392497651068,915.8777717038745
1187,621.988,0.70450086284811,0.378996913902269,1243.976,2020_kk_115_redo,Kusko,2020,0.707606105356546,0.375280041580497,8.58381448554657e-5,1208.79739356785,1397.71368411467,1859.152,0.707392497651068,915.8777717038745
1188,622.512,0.706055880738632,0.383214584173388,1245.024,2020_kk_115_redo,Kusko,2020,0.707681065571259,0.375302523230731,2.24816502331637e-5,1208.79739356785,1397.71368411467,1859.152,0.707392497651068,915.8777717038745
1189,623.036,0.706716775541757,0.378690308059725,1246.072,2020_kk_115_redo,Kusko,2020,0.707729250604322,0.375235946507607,-6.65767231235459e-5,1208.79739356785,1397.71368411467,1859.152,0.707392497651068,915.8777717038745
1190,623.56,0.707190925523904,0.37954206166994803,1247.12,2020_kk_115_redo,Kusko,2020,0.70769425645228,0.375269385201077,3.34386934701669e-5,1208.79739356785,1397.71368411467,1859.152,0.707392497651068,915.8777717038745
1191,624.084,0.704482977502514,0.384780784288956,1248.168,2020_kk_115_redo,Kusko,2020,0.707727114359613,0.375298617628456,2.92324273787892e-5,1208.79739356785,1397.71368411467,1859.152,0.707392497651068,915.8777717038745
1192,624.608,0.707857590454483,0.382342066880122,1249.216,2020_kk_115_redo,Kusko,2020,0.707689477134966,0.37541766631324,1.1904868478362e-4,1208.79739356785,1397.71368411467,1859.152,0.707392497651068,915.8777717038745
1193,625.132,0.706489792215216,0.378787330206097,1250.264,2020_kk_115_redo,Kusko,2020,0.707642592660505,0.375522822168594,1.0515585535414e-4,1208.79739356785,1397.71368411467,1859.152,0.707392497651068,915.8777717038745
1194,625.656,0.706016225934125,0.384596276834183,1251.312,2020_kk_115_redo,Kusko,2020,0.707630711277332,0.375562967680611,4.01455120175309e-5,1208.79739356785,1397.71368411467,1859.152,0.707392497651068,915.8777717038745
1195,626.18,0.709464883979659,0.38459119127694,1252.36,2020_kk_115_redo,Kusko,2020,0.707659000055215,0.375530703760777,-3.22639198342412e-5,1208.79739356785,1397.71368411467,1859.152,0.707392497651068,915.8777717038745
1196,626.704,0.708097086283132,0.381352503360984,1253.408,2020_kk_115_redo,Kusko,2020,0.707667307776606,0.375569291266492,3.85875057153373e-5,1208.79739356785,1397.71368411467,1859.152,0.707392497651068,915.8777717038745
1197,627.228,0.706483597024157,0.376492238300815,1254.456,2020_kk_115_redo,Kusko,2020,0.707601879337596,0.375588972701917,1.96814354245234e-5,1208.79739356785,1397.71368411467,1859.152,0.707392497651068,915.8777717038745
1198,627.752,0.708839757442332,0.382023509478618,1255.504,2020_kk_115_redo,Kusko,2020,0.707584039218614,0.375703848710722,1.1487600880483e-4,1208.79739356785,1397.71368411467,1859.152,0.707392497651068,915.8777717038745
1199,628.276,0.707538434789234,0.37720438149894,1256.552,2020_kk_115_redo,Kusko,2020,0.707545805537569,0.375761101503322,5.72527926001598e-5,1208.79739356785,1397.71368411467,1859.152,0.707392497651068,915.8777717038745
1200,628.8,0.708236584170303,0.379388254919033,1257.6,2020_kk_115_redo,Kusko,2020,0.707555123156585,0.375880183036086,1.1908153276435e-4,1208.79739356785,1397.71368411467,1859.152,0.707392497651068,915.8777717038745
1201,629.324,0.709250710161806,0.375414950236527,1258.648,2020_kk_115_redo,Kusko,2020,0.707536310604985,0.376006819059028,1.2663602294182e-4,1208.79739356785,1397.71368411467,1859.152,0.707392497651068,915.8777717038745
1202,629.848,0.708554272242689,0.373988991094598,1259.696,2020_kk_115_redo,Kusko,2020,0.70754464349661494,0.376058210047245,5.13909882172148e-5,1208.79739356785,1397.71368411467,1859.152,0.707392497651068,915.8777717038745
1203,630.372,0.707397727400693,0.37509554351581,1260.744,2020_kk_115_redo,Kusko,2020,0.707603115472981,0.376088557589844,3.03475425987854e-5,1208.79739356785,1397.71368411467,1859.152,0.707392497651068,915.8777717038745
1204,630.896,0.705372547994211,0.375369033729014,1261.792,2020_kk_115_redo,Kusko,2020,0.70753969667413,0.376086537708465,-2.0198813786565e-6,1208.79739356785,1397.71368411467,1859.152,0.707392497651068,915.8777717038745
1205,631.42,0.706399362626292,0.376519544704034,1262.84,2020_kk_115_redo,Kusko,2020,0.707545035233843,0.376084636435864,-1.90127260174533e-6,1208.79739356785,1397.71368411467,1859.152,0.707392497651068,915.8777717038745
1206,631.944,0.709592253118151,0.370410081158231,1263.888,2020_kk_115_redo,Kusko,2020,0.707526533315619,0.376163606145477,7.89697096135189e-5,1208.79739356785,1397.71368411467,1859.152,0.707392497651068,915.8777717038745
1207,632.468,0.705710766894959,0.369344873490804,1264.936,2020_kk_115_redo,Kusko,2020,0.707537382547959,0.376114089467856,-4.951667762082e-5,1208.79739356785,1397.71368411467,1859.152,0.707392497651068,915.8777717038745
1208,632.992,0.709560070829794,0.370862516743517,1265.984,2020_kk_115_redo,Kusko,2020,0.707525850444638,0.376055238453734,-5.88510141223408e-5,1208.79739356785,1397.71368411467,1859.152,0.707392497651068,915.8777717038745
1209,633.516,0.708451917755158,0.367935314414093,1267.032,2020_kk_115_redo,Kusko,2020,0.70748859620491,0.375988258065892,-6.6980387841975e-5,1208.79739356785,1397.71368411467,1859.152,0.707392497651068,915.8777717038745
1210,634.04,0.707066907566027,0.368678049798864,1268.08,2020_kk_115_redo,Kusko,2020,0.707464574676748,0.375933213841272,-5.5044224620493e-5,1208.79739356785,1397.71368411467,1859.152,0.707392497651068,915.8777717038745
1211,634.564,0.708720525619917,0.370206963119537,1269.128,2020_kk_115_redo,Kusko,2020,0.707483516456476,0.37593258461051,-6.29230761994837e-7,1208.79739356785,1397.71368411467,1859.152,0.707392497651068,915.8777717038745
1212,635.088,0.706909460687849,0.36851648468059,1270.176,2020_kk_115_redo,Kusko,2020,0.707484776310038,0.375942394732256,9.81012174661178e-6,1208.79739356785,1397.71368411467,1859.152,0.707392497651068,915.8777717038745
1213,635.612,0.705872658678093,0.368324883111572,1271.224,2020_kk_115_redo,Kusko,2020,0.707440592344851,0.375843890709641,-9.85040226155198e-5,1208.79739356785,1397.71368411467,1859.152,0.707392497651068,915.8777717038745
1214,636.136,0.706658354238997,0.367759531063654,1272.272,2020_kk_115_redo,Kusko,2020,0.707443873011217,0.375716699873539,-1.271908361019e-4,1208.79739356785,1397.71368411467,1859.152,0.707392497651068,915.8777717038745
1215,636.66,0.70904851736894,0.370910580656424,1273.32,2020_kk_115_redo,Kusko,2020,0.707428574569688,0.375463072606554,-2.5362726698491e-4,1208.79739356785,1397.71368411467,1859.152,0.707392497651068,915.8777717038745
1216,637.184,0.707891669655544,0.368854297431117,1274.368,2020_kk_115_redo,Kusko,2020,0.707367957630932,0.375233672338488,-2.29400268066e-4,1208.79739356785,1397.71368411467,1859.152,0.707392497651068,915.8777717038745
1217,637.708,0.70713237166491,0.374048078611829,1275.416,2020_kk_115_redo,Kusko,2020,0.70734111592043,0.375058680095344,-1.749922431436e-4,1208.79739356785,1397.71368411467,1859.152,0.707392497651068,915.8777717038745
1218,638.232,0.710621642653578,0.373120183203494,1276.464,2020_kk_115_redo,Kusko,2020,0.707405124806168,0.374833376570816,-2.2530352452876e-4,1208.79739356785,1397.71368411467,1859.152,0.707392497651068,915.8777717038745
1219,638.756,0.710791373223028,0.373105844375644,1277.512,2020_kk_115_redo,Kusko,2020,0.707424108726087,0.374687643171238,-1.4573339957701e-4,1208.79739356785,1397.71368411467,1859.152,0.707392497651068,915.8777717038745
1220,639.28,0.70831326954297,0.372661708102877,1278.56,2020_kk_115_redo,Kusko,2020,0.707428947464169,0.374486579142711,-2.0106402852787e-4,1208.79739356785,1397.71368411467,1859.152,0.707392497651068,915.8777717038745
1221,639.804,0.706612328501005,0.372601565781514,1279.608,2020_kk_115_redo,Kusko,2020,0.707454714170922,0.374259204045098,-2.2737509761222e-4,1208.79739356785,1397.71368411467,1859.152,0.707392497651068,915.8777717038745
1222,640.328,0.707734504706521,0.37295178325074,1280.656,2020_kk_115_redo,Kusko,2020,0.707395923981604,0.374048217843125,-2.1098620197351e-4,1208.79739356785,1397.71368411467,1859.152,0.707392497651068,915.8777717038745
1223,640.852,0.70669616767139,0.37472132219343,1281.704,2020_kk_115_redo,Kusko,2020,0.707375920927091,0.373924552774843,-1.2366506828209e-4,1208.79739356785,1397.71368411467,1859.152,0.707392497651068,915.8777717038745
1224,641.376,0.705188262690598,0.372792401746502,1282.752,2020_kk_115_redo,Kusko,2020,0.707441645559074,0.37366978259715,-2.5477017769248e-4,1208.79739356785,1397.71368411467,1859.152,0.707392497651068,915.8777717038745
1225,641.9,0.707209506598412,0.369960346745759,1283.8,2020_kk_115_redo,Kusko,2020,0.707407474034352,0.373394094352441,-2.7568824470963e-4,1208.79739356785,1397.71368411467,1859.152,0.707392497651068,915.8777717038745
1226,642.424,0.708166319793923,0.374621662457632,1284.848,2020_kk_115_redo,Kusko,2020,0.707438337738251,0.373217579579834,-1.765147726066e-4,1208.79739356785,1397.71368411467,1859.152,0.707392497651068,915.8777717038745
1227,642.948,0.706584465877764,0.370722833328734,1285.896,2020_kk_115_redo,Kusko,2020,0.707414429224792,0.373051173999894,-1.6640557994029e-4,1208.79739356785,1397.71368411467,1859.152,0.707392497651068,915.8777717038745
1228,643.472,0.704277525076284,0.372948128760092,1286.944,2020_kk_115_redo,Kusko,2020,0.707425467558495,0.372743703767919,-3.0747023197452e-4,1208.79739356785,1397.71368411467,1859.152,0.707392497651068,915.8777717038745
1229,643.996,0.707498550428279,0.370048257601511,1287.992,2020_kk_115_redo,Kusko,2020,0.707396150702092,0.372564868172863,-1.7883559505604e-4,1208.79739356785,1397.71368411467,1859.152,0.707392497651068,915.8777717038745
1230,644.52,0.706372264200514,0.374142343388552,1289.04,2020_kk_115_redo,Kusko,2020,0.707409035830628,0.372262940388387,-3.0192778447568e-4,1208.79739356785,1397.71368411467,1859.152,0.707392497651068,915.8777717038745
1231,645.044,0.707018823594477,0.375771920359336,1290.088,2020_kk_115_redo,Kusko,2020,0.707369004685333,0.372182743181956,-8.01972064317091e-5,1208.79739356785,1397.71368411467,1859.152,0.707392497651068,915.8777717038745
1232,645.568,0.705813135256341,0.378364608730646,1291.136,2020_kk_115_redo,Kusko,2020,0.707352892982945,0.372104419584515,-7.83235974408103e-5,1208.79739356785,1397.71368411467,1859.152,0.707392497651068,915.8777717038745
1233,646.092,0.709725586618569,0.379279614485098,1292.184,2020_kk_115_redo,Kusko,2020,0.707342511867794,0.3718826346949,-2.2178488961477e-4,1208.79739356785,1397.71368411467,1859.152,0.707392497651068,915.8777717038745
1234,646.616,0.704671333304379,0.377850440066624,1293.232,2020_kk_115_redo,Kusko,2020,0.707361268631787,0.371680375031032,-2.0225966386844e-4,1208.79739356785,1397.71368411467,1859.152,0.707392497651068,915.8777717038745
1235,647.14,0.707214543909569,0.377123825016008,1294.28,2020_kk_115_redo,Kusko,2020,0.707347647819304,0.371385704597863,-2.9467043316872e-4,1208.79739356785,1397.71368411467,1859.152,0.707392497651068,915.8777717038745
1236,647.664,0.706798200513985,0.381628255852286,1295.328,2020_kk_115_redo,Kusko,2020,0.707368402052418,0.371204804206213,-1.8090039165008e-4,1208.79739356785,1397.71368411467,1859.152,0.707392497651068,915.8777717038745
1237,648.188,0.708072970873666,0.379031048812101,1296.376,2020_kk_115_redo,Kusko,2020,0.707444831523402,0.371019566118493,-1.8523808772008e-4,1208.79739356785,1397.71368411467,1859.152,0.707392497651068,915.8777717038745
1238,648.712,0.707024291684522,0.376777156754862,1297.424,2020_kk_115_redo,Kusko,2020,0.707338747725721,0.370853983405964,-1.6558271252908e-4,1208.79739356785,1397.71368411467,1859.152,0.707392497651068,915.8777717038745
1239,649.236,0.70811845590732,0.379857075097219,1298.472,2020_kk_115_redo,Kusko,2020,0.707351866956279,0.370786071720333,-6.79116856304174e-5,1208.79739356785,1397.71368411467,1859.152,0.707392497651068,915.8777717038745
1240,649.76,0.706441356330233,0.376363597028272,1299.52,2020_kk_115_redo,Kusko,2020,0.707285862655564,0.37071687505569,-6.9196664643445e-5,1208.79739356785,1397.71368411467,1859.152,0.707392497651068,915.8777717038745
1241,650.284,0.708083335743385,0.377477356664068,1300.568,2020_kk_115_redo,Kusko,2020,0.707298677616413,0.370587841558685,-1.2903349700527e-4,1208.79739356785,1397.71368411467,1859.152,0.707392497651068,915.8777717038745
1242,650.808,0.709660713180669,0.378441020179426,1301.616,2020_kk_115_redo,Kusko,2020,0.70732448614014,0.370485246938575,-1.0259462010975e-4,1208.79739356785,1397.71368411467,1859.152,0.707392497651068,915.8777717038745
1243,651.332,0.706137785524709,0.375291852944142,1302.664,2020_kk_115_redo,Kusko,2020,0.707362556688624,0.370390624065315,-9.46228732593979e-5,1208.79739356785,1397.71368411467,1859.152,0.707392497651068,915.8777717038745
1244,651.856,0.708027185741628,0.37358164902856,1303.712,2020_kk_115_redo,Kusko,2020,0.707336042702178,0.370230630173867,-1.599938914481e-4,1208.79739356785,1397.71368411467,1859.152,0.707392497651068,915.8777717038745
1245,652.38,0.708237433455015,0.369234840963282,1304.76,2020_kk_115_redo,Kusko,2020,0.707293554041954,0.370030518822286,-2.0011135158093e-4,1208.79739356785,1397.71368411467,1859.152,0.707392497651068,915.8777717038745
1246,652.904,0.707404656301574,0.369305574980626,1305.808,2020_kk_115_redo,Kusko,2020,0.707257791929624,0.369894649311177,-1.3586951110961e-4,1208.79739356785,1397.71368411467,1859.152,0.707392497651068,915.8777717038745
1247,653.428,0.702890360218037,0.36849737931365,1306.856,2020_kk_115_redo,Kusko,2020,0.707325116627007,0.369615481908155,-2.791674030218e-4,1208.79739356785,1397.71368411467,1859.152,0.707392497651068,915.8777717038745
1248,653.952,0.709896413882881,0.369696372701665,1307.904,2020_kk_115_redo,Kusko,2020,0.707302381150972,0.369382644761344,-2.3283714681088e-4,1208.79739356785,1397.71368411467,1859.152,0.707392497651068,915.8777717038745
1249,654.476,0.707855810736873,0.369946304085101,1308.952,2020_kk_115_redo,Kusko,2020,0.707273540815166,0.369161944108303,-2.2070065304064e-4,1208.79739356785,1397.71368411467,1859.152,0.707392497651068,915.8777717038745
1250,655,0.707481249808874,0.367478219958274,1310,2020_kk_115_redo,Kusko,2020,0.707288975989525,0.3690088225385,-1.5312156980396e-4,1208.79739356785,1397.71368411467,1859.152,0.707392497651068,915.8777717038745
1251,655.524,0.706028979907677,0.371138278432224,1311.048,2020_kk_115_redo,Kusko,2020,0.707309888947074,0.368827783176275,-1.8103936222485e-4,1208.79739356785,1397.71368411467,1859.152,0.707392497651068,915.8777717038745
1252,656.048,0.704330179095388,0.369682894761712,1312.096,2020_kk_115_redo,Kusko,2020,0.707309736534923,0.368680735080095,-1.4704809617954e-4,1208.79739356785,1397.71368411467,1859.152,0.707392497651068,915.8777717038745
1253,656.572,0.705289608944458,0.371367426109173,1313.144,2020_kk_115_redo,Kusko,2020,0.70733955145418,0.368618726563286,-6.20085168094309e-5,1208.79739356785,1397.71368411467,1859.152,0.707392497651068,915.8777717038745
1254,657.096,0.709959703853063,0.369310066172633,1314.192,2020_kk_115_redo,Kusko,2020,0.707329437869319,0.368556187595188,-6.25389680972699e-5,1208.79739356785,1397.71368411467,1859.152,0.707392497651068,915.8777717038745
1255,657.62,0.707414592496343,0.368049896594362,1315.24,2020_kk_115_redo,Kusko,2020,0.707304496514765,0.368482908634208,-7.32789609804718e-5,1208.79739356785,1397.71368411467,1859.152,0.707392497651068,915.8777717038745
1256,658.144,0.7099489085171,0.370761617004587,1316.288,2020_kk_115_redo,Kusko,2020,0.707278741009427,0.368311473407695,-1.7143522651275e-4,1208.79739356785,1397.71368411467,1859.152,0.707392497651068,915.8777717038745
1257,658.668,0.705049086216595,0.366507903504398,1317.336,2020_kk_115_redo,Kusko,2020,0.707317233957955,0.368202710011272,-1.087633964234e-4,1208.79739356785,1397.71368411467,1859.152,0.707392497651068,915.8777717038745
1258,659.192,0.709502057464558,0.363575295560146,1318.384,2020_kk_115_redo,Kusko,2020,0.70738237583164,0.368103873457153,-9.88365541191305e-5,1208.79739356785,1397.71368411467,1859.152,0.707392497651068,915.8777717038745
1259,659.716,0.705779423405061,0.366474245795576,1319.432,2020_kk_115_redo,Kusko,2020,0.707358600750029,0.368054439099382,-4.94343577707723e-5,1208.79739356785,1397.71368411467,1859.152,0.707392497651068,915.8777717038745
1260,660.24,0.709009691882409,0.36127258785049,1320.48,2020_kk_115_redo,Kusko,2020,0.707353438709522,0.367891665543565,-1.627735558165e-4,1208.79739356785,1397.71368411467,1859.152,0.707392497651068,915.8777717038745
1261,660.764,0.706848841444154,0.370603117850625,1321.528,2020_kk_115_redo,Kusko,2020,0.707364041085972,0.367648881949701,-2.4278359386481e-4,1208.79739356785,1397.71368411467,1859.152,0.707392497651068,915.8777717038745
1262,661.288,0.707587570099406,0.369289575248149,1322.576,2020_kk_115_redo,Kusko,2020,0.707400964297207,0.36738997807998,-2.5890386972016e-4,1208.79739356785,1397.71368411467,1859.152,0.707392497651068,915.8777717038745
1263,661.812,0.706774860491586,0.361788450138921,1323.624,2020_kk_115_redo,Kusko,2020,0.707368882976994,0.367030710404222,-3.5926767575872e-4,1208.79739356785,1397.71368411467,1859.152,0.707392497651068,915.8777717038745
1264,662.336,0.7064979538338,0.363233453896909,1324.672,2020_kk_115_redo,Kusko,2020,0.707434113487954,0.366617861393617,-4.1284901060512e-4,1208.79739356785,1397.71368411467,1859.152,0.707392497651068,915.8777717038745
1265,662.86,0.705582113877321,0.358839318713913,1325.72,2020_kk_115_redo,Kusko,2020,0.707405112797302,0.366219141533116,-3.9871986050082e-4,1208.79739356785,1397.71368411467,1859.152,0.707392497651068,915.8777717038745
1266,663.384,0.710837507104992,0.359556057659224,1326.768,2020_kk_115_redo,Kusko,2020,0.7074337246677,0.365714319862784,-5.0482167033133e-4,1208.79739356785,1397.71368411467,1859.152,0.707392497651068,915.8777717038745
1267,663.908,0.710296535154005,0.3582305882276,1327.816,2020_kk_115_redo,Kusko,2020,0.70739961835523,0.36528720460169,-4.2711526109473e-4,1208.79739356785,1397.71368411467,1859.152,0.707392497651068,915.8777717038745
1268,664.432,0.703195042968917,0.360927553991769,1328.864,2020_kk_115_redo,Kusko,2020,0.707447530247944,0.364851612392327,-4.3559220936301e-4,1208.79739356785,1397.71368411467,1859.152,0.707392497651068,915.8777717038745
1269,664.956,0.709239071588671,0.36386061327627,1329.912,2020_kk_115_redo,Kusko,2020,0.707447463434372,0.364452328903767,-3.9928348855916e-4,1208.79739356785,1397.71368411467,1859.152,0.707392497651068,915.8777717038745
1270,665.48,0.703106649523142,0.364526249920259,1330.96,2020_kk_115_redo,Kusko,2020,0.707465531212924,0.363997923133619,-4.5440577014854e-4,1208.79739356785,1397.71368411467,1859.152,0.707392497651068,915.8777717038745
1271,666.004,0.709489423270801,0.362464953299222,1332.008,2020_kk_115_redo,Kusko,2020,0.707439713949396,0.363529101645995,-4.6882148762433e-4,1208.79739356785,1397.71368411467,1859.152,0.707392497651068,915.8777717038745
1272,666.528,0.708457972111502,0.362360807474003,1333.056,2020_kk_115_redo,Kusko,2020,0.707439829536832,0.363072422099771,-4.5667954622397e-4,1208.79739356785,1397.71368411467,1859.152,0.707392497651068,915.8777717038745
1273,667.052,0.708156891587124,0.362647510716008,1334.104,2020_kk_115_redo,Kusko,2020,0.707445698248212,0.362756680134495,-3.1574196527556e-4,1208.79739356785,1397.71368411467,1859.152,0.707392497651068,915.8777717038745
1274,667.576,0.705067515052212,0.358159897576767,1335.152,2020_kk_115_redo,Kusko,2020,0.707450755805337,0.362451734241493,-3.0494589300184e-4,1208.79739356785,1397.71368411467,1859.152,0.707392497651068,915.8777717038745
1275,668.1,0.706499197755552,0.358903899561569,1336.2,2020_kk_115_redo,Kusko,2020,0.70744829894937,0.3622568818957,-1.9485234579313e-4,1208.79739356785,1397.71368411467,1859.152,0.707392497651068,915.8777717038745
1276,668.624,0.705745942915745,0.36070212676454,1337.248,2020_kk_115_redo,Kusko,2020,0.707442415088073,0.36213306555605,-1.2381633964964e-4,1208.79739356785,1397.71368411467,1859.152,0.707392497651068,915.8777717038745
1277,669.148,0.71117185350784,0.357298034430521,1338.296,2020_kk_115_redo,Kusko,2020,0.707489394812762,0.361941148461857,-1.919170941933e-4,1208.79739356785,1397.71368411467,1859.152,0.707392497651068,915.8777717038745
1278,669.672,0.709257514091491,0.359149954394842,1339.344,2020_kk_115_redo,Kusko,2020,0.707470327769267,0.361726173079827,-2.1497538203019e-4,1208.79739356785,1397.71368411467,1859.152,0.707392497651068,915.8777717038745
1279,670.196,0.709060953074662,0.359863805193203,1340.392,2020_kk_115_redo,Kusko,2020,0.707475667137172,0.36149468088155,-2.3149219827695e-4,1208.79739356785,1397.71368411467,1859.152,0.707392497651068,915.8777717038745
1280,670.72,0.70923938000455,0.36347441391464,1341.44,2020_kk_115_redo,Kusko,2020,0.707463483223541,0.361252576540216,-2.4210434133381e-4,1208.79739356785,1397.71368411467,1859.152,0.707392497651068,915.8777717038745
1281,671.244,0.707867105953933,0.361739204048022,1342.488,2020_kk_115_redo,Kusko,2020,0.707481515742402,0.360965842199136,-2.8673434107978e-4,1208.79739356785,1397.71368411467,1859.152,0.707392497651068,915.8777717038745
1282,671.768,0.707725359977429,0.364128897479969,1343.536,2020_kk_115_redo,Kusko,2020,0.707524208238147,0.360652196937018,-3.1364526211841e-4,1208.79739356785,1397.71368411467,1859.152,0.707392497651068,915.8777717038745
1283,672.292,0.708485062826823,0.371000811184862,1344.584,2020_kk_115_redo,Kusko,2020,0.707525359718101,0.360263038936591,-3.8915800042677e-4,1208.79739356785,1397.71368411467,1859.152,0.707392497651068,915.8777717038745
1284,672.816,0.704581447598943,0.369040063660667,1345.632,2020_kk_115_redo,Kusko,2020,0.707472137834538,0.359878780922923,-3.8425801366831e-4,1208.79739356785,1397.71368411467,1859.152,0.707392497651068,915.8777717038745
1285,673.34,0.705713025325162,0.365563609086928,1346.68,2020_kk_115_redo,Kusko,2020,0.707491164230468,0.359540281227145,-3.3849969577765e-4,1208.79739356785,1397.71368411467,1859.152,0.707392497651068,915.8777717038745
1286,673.864,0.706620989473646,0.364335548866866,1347.728,2020_kk_115_redo,Kusko,2020,0.707456531755134,0.359217489874284,-3.2279135286078e-4,1208.79739356785,1397.71368411467,1859.152,0.707392497651068,915.8777717038745
1287,674.388,0.708894042789465,0.364197029543332,1348.776,2020_kk_115_redo,Kusko,2020,0.707480360733602,0.35889332115363,-3.241687206541e-4,1208.79739356785,1397.71368411467,1859.152,0.707392497651068,915.8777717038745
1288,674.912,0.708186037497351,0.367017935512948,1349.824,2020_kk_115_redo,Kusko,2020,0.707446262858639,0.358649267937057,-2.4405321657344e-4,1208.79739356785,1397.71368411467,1859.152,0.707392497651068,915.8777717038745
1289,675.436,0.706072045531635,0.367082196135264,1350.872,2020_kk_115_redo,Kusko,2020,0.707465975065399,0.358369628681555,-2.7963925550178e-4,1208.79739356785,1397.71368411467,1859.152,0.707392497651068,915.8777717038745
1290,675.96,0.706062541770076,0.364375930039562,1351.92,2020_kk_115_redo,Kusko,2020,0.707465857888465,0.358197223075418,-1.7240560613746e-4,1208.79739356785,1397.71368411467,1859.152,0.707392497651068,915.8777717038745
1291,676.484,0.707654966181498,0.361204904727446,1352.968,2020_kk_115_redo,Kusko,2020,0.707472576472561,0.357826774911626,-3.70448163792e-4,1208.79739356785,1397.71368411467,1859.152,0.707392497651068,915.8777717038745
1292,677.008,0.708028527930416,0.362830376547438,1354.016,2020_kk_115_redo,Kusko,2020,0.707463262635156,0.357451443486599,-3.7533142502632e-4,1208.79739356785,1397.71368411467,1859.152,0.707392497651068,915.8777717038745
1293,677.532,0.707800707405816,0.357723553939578,1355.064,2020_kk_115_redo,Kusko,2020,0.70749074265586,0.357181186152578,-2.7025733402102e-4,1208.79739356785,1397.71368411467,1859.152,0.707392497651068,915.8777717038745
1294,678.056,0.708585163961985,0.353079499430317,1356.112,2020_kk_115_redo,Kusko,2020,0.707498546500878,0.356924041171883,-2.5714498069529e-4,1208.79739356785,1397.71368411467,1859.152,0.707392497651068,915.8777717038745
1295,678.58,0.705474502470463,0.353200633385957,1357.16,2020_kk_115_redo,Kusko,2020,0.707494916811777,0.356748983470917,-1.7505770096643e-4,1208.79739356785,1397.71368411467,1859.152,0.707392497651068,915.8777717038745
1296,679.104,0.708514912737842,0.351338955632405,1358.208,2020_kk_115_redo,Kusko,2020,0.707388110044587,0.356581646385861,-1.6733708505589e-4,1208.79739356785,1397.71368411467,1859.152,0.707392497651068,915.8777717038745
1297,679.628,0.706026592125489,0.353404133146417,1359.256,2020_kk_115_redo,Kusko,2020,0.707359033846403,0.356350406337922,-2.3124004793884e-4,1208.79739356785,1397.71368411467,1859.152,0.707392497651068,915.8777717038745
1298,680.152,0.709899005247352,0.350641624193082,1360.304,2020_kk_115_redo,Kusko,2020,0.707421100557982,0.356085336954008,-2.6506938391351e-4,1208.79739356785,1397.71368411467,1859.152,0.707392497651068,915.8777717038745
1299,680.676,0.708114447092977,0.35590006578367,1361.352,2020_kk_115_redo,Kusko,2020,0.707336516817387,0.355755877101081,-3.2945985292742e-4,1208.79739356785,1397.71368411467,1859.152,0.707392497651068,915.8777717038745
1300,681.2,0.707525423043359,0.34909925081936,1362.4,2020_kk_115_redo,Kusko,2020,0.70739055998467,0.355376015241791,-3.7986185928962e-4,1208.79739356785,1397.71368411467,1859.152,0.707392497651068,915.8777717038745
1301,681.724,0.706534299931686,0.349348067406609,1363.448,2020_kk_115_redo,Kusko,2020,0.707370340807771,0.355040436372703,-3.3557886908869e-4,1208.79739356785,1397.71368411467,1859.152,0.707392497651068,915.8777717038745
1302,682.248,0.70966764842684,0.351040247405986,1364.496,2020_kk_115_redo,Kusko,2020,0.707348932720387,0.354734227473585,-3.0620889911731e-4,1208.79739356785,1397.71368411467,1859.152,0.707392497651068,915.8777717038745
1303,682.772,0.706489908207533,0.356347335027608,1365.544,2020_kk_115_redo,Kusko,2020,0.707320823044466,0.354352547388514,-3.8168008507083e-4,1208.79739356785,1397.71368411467,1859.152,0.707392497651068,915.8777717038745
1304,683.296,0.708330639169122,0.355284895448451,1366.592,2020_kk_115_redo,Kusko,2020,0.707351309686281,0.354079902437108,-2.726449514061e-4,1208.79739356785,1397.71368411467,1859.152,0.707392497651068,915.8777717038745
1305,683.82,0.708090022096995,0.357543700215695,1367.64,2020_kk_115_redo,Kusko,2020,0.707351640388878,0.353830174209243,-2.4972822786506e-4,1208.79739356785,1397.71368411467,1859.152,0.707392497651068,915.8777717038745
1306,684.344,0.70705162462377,0.361876594601648,1368.688,2020_kk_115_redo,Kusko,2020,0.707435629227887,0.35362873377429,-2.0144043495312e-4,1208.79739356785,1397.71368411467,1859.152,0.707392497651068,915.8777717038745
1307,684.868,0.705709143699349,0.356982353662053,1369.736,2020_kk_115_redo,Kusko,2020,0.707404114854111,0.353415556286799,-2.1317748749133e-4,1208.79739356785,1397.71368411467,1859.152,0.707392497651068,915.8777717038745
1308,685.392,0.708752391273208,0.356797849779854,1370.784,2020_kk_115_redo,Kusko,2020,0.707353209115618,0.353091170634599,-3.2438565219949e-4,1208.79739356785,1397.71368411467,1859.152,0.707392497651068,915.8777717038745
1309,685.916,0.708176172811145,0.356056772188484,1371.832,2020_kk_115_redo,Kusko,2020,0.707338883681073,0.352748266634255,-3.4290400034414e-4,1208.79739356785,1397.71368411467,1859.152,0.707392497651068,915.8777717038745
1310,686.44,0.706750214991031,0.352951959478245,1372.88,2020_kk_115_redo,Kusko,2020,0.707313241316301,0.352293423125868,-4.5484350838709e-4,1208.79739356785,1397.71368411467,1859.152,0.707392497651068,915.8777717038745
1311,686.964,0.707110931039302,0.353934217967435,1373.928,2020_kk_115_redo,Kusko,2020,0.707314641343017,0.351909254661564,-3.8416846430361e-4,1208.79739356785,1397.71368411467,1859.152,0.707392497651068,915.8777717038745
1312,687.488,0.706891728840129,0.35086417903461,1374.976,2020_kk_115_redo,Kusko,2020,0.707270932292712,0.351438782847995,-4.7047181356935e-4,1208.79739356785,1397.71368411467,1859.152,0.707392497651068,915.8777717038745
1313,688.012,0.705358697741681,0.348017946083564,1376.024,2020_kk_115_redo,Kusko,2020,0.707235921983688,0.350851767732118,-5.8701511587705e-4,1208.79739356785,1397.71368411467,1859.152,0.707392497651068,915.8777717038745
1314,688.536,0.706766390839277,0.346254585352535,1377.072,2020_kk_115_redo,Kusko,2020,0.707327874751493,0.35031395361077,-5.3781412134762e-4,1208.79739356785,1397.71368411467,1859.152,0.707392497651068,915.8777717038745
1315,689.06,0.708556176252166,0.347739914847701,1378.12,2020_kk_115_redo,Kusko,2020,0.707361518877839,0.349862864148092,-4.5108946267868e-4,1208.79739356785,1397.71368411467,1859.152,0.707392497651068,915.8777717038745
1316,689.584,0.707870959997052,0.35139413583294,1379.168,2020_kk_115_redo,Kusko,2020,0.707411193750348,0.349416353603034,-4.4651054505806e-4,1208.79739356785,1397.71368411467,1859.152,0.707392497651068,915.8777717038745
1317,690.108,0.706478824924646,0.347057780265154,1380.216,2020_kk_115_redo,Kusko,2020,0.70740478809467,0.34902212045921,-3.9423314382397e-4,1208.79739356785,1397.71368411467,1859.152,0.707392497651068,915.8777717038745
1318,690.632,0.707456184966783,0.348932102565736,1381.264,2020_kk_115_redo,Kusko,2020,0.707361740049535,0.348521434602025,-5.0068585718443e-4,1208.79739356785,1397.71368411467,1859.152,0.707392497651068,915.8777717038745
1319,691.156,0.706962155810668,0.349695890465469,1382.312,2020_kk_115_redo,Kusko,2020,0.707340395874711,0.348054916825074,-4.665177769515e-4,1208.79739356785,1397.71368411467,1859.152,0.707392497651068,915.8777717038745
1320,691.68,0.709002661266394,0.350928251482243,1383.36,2020_kk_115_redo,Kusko,2020,0.707349098626623,0.347722342975244,-3.3257384983004e-4,1208.79739356785,1397.71368411467,1859.152,0.707392497651068,915.8777717038745
1321,692.204,0.707251956489893,0.348376228023103,1384.408,2020_kk_115_redo,Kusko,2020,0.7073753144463,0.347439673623316,-2.8266935192816e-4,1208.79739356785,1397.71368411467,1859.152,0.707392497651068,915.8777717038745
1322,692.728,0.707028739855102,0.346769689746569,1385.456,2020_kk_115_redo,Kusko,2020,0.707341756214491,0.347046675432273,-3.9299819104299e-4,1208.79739356785,1397.71368411467,1859.152,0.707392497651068,915.8777717038745
1323,693.252,0.70842366173384,0.34557301009766,1386.504,2020_kk_115_redo,Kusko,2020,0.707343268246043,0.346763917827776,-2.8275760449636e-4,1208.79739356785,1397.71368411467,1859.152,0.707392497651068,915.8777717038745
1324,693.776,0.706966184534843,0.347804755055191,1387.552,2020_kk_115_redo,Kusko,2020,0.707327540459853,0.346521136910183,-2.4278091759305e-4,1208.79739356785,1397.71368411467,1859.152,0.707392497651068,915.8777717038745
1325,694.3,0.70536433253131,0.348335856655927,1388.6,2020_kk_115_redo,Kusko,2020,0.707340782055127,0.346251395165002,-2.697417451814e-4,1208.79739356785,1397.71368411467,1859.152,0.707392497651068,915.8777717038745
1326,694.824,0.704429101073582,0.349515832555873,1389.648,2020_kk_115_redo,Kusko,2020,0.707375798761072,0.346020746067309,-2.3064909769315e-4,1208.79739356785,1397.71368411467,1859.152,0.707392497651068,915.8777717038745
1327,695.348,0.708551963262937,0.344356185351272,1390.696,2020_kk_115_redo,Kusko,2020,0.707384743321047,0.345858893383213,-1.6185268409596e-4,1208.79739356785,1397.71368411467,1859.152,0.707392497651068,915.8777717038745
1328,695.872,0.706919045663639,0.345023390956958,1391.744,2020_kk_115_redo,Kusko,2020,0.707289164210558,0.345652922117258,-2.0597126595511e-4,1208.79739356785,1397.71368411467,1859.152,0.707392497651068,915.8777717038745
1329,696.396,0.704164047152973,0.344093022100623,1392.792,2020_kk_115_redo,Kusko,2020,0.707315273701931,0.345367356217631,-2.8556589962697e-4,1208.79739356785,1397.71368411467,1859.152,0.707392497651068,915.8777717038745
1330,696.92,0.706349239560133,0.341734538362881,1393.84,2020_kk_115_redo,Kusko,2020,0.707355733396367,0.345173259404139,-1.9409681349152e-4,1208.79739356785,1397.71368411467,1859.152,0.707392497651068,915.8777717038745
1331,697.444,0.708276272656879,0.342330221153904,1394.888,2020_kk_115_redo,Kusko,2020,0.707359409989968,0.34498320352932,-1.9005587481896e-4,1208.79739356785,1397.71368411467,1859.152,0.707392497651068,915.8777717038745
1332,697.968,0.707173486868477,0.343988273526963,1395.936,2020_kk_115_redo,Kusko,2020,0.707332779727395,0.344776427612956,-2.0677591636381e-4,1208.79739356785,1397.71368411467,1859.152,0.707392497651068,915.8777717038745
1333,698.492,0.706470311031839,0.339746705611758,1396.984,2020_kk_115_redo,Kusko,2020,0.707297153117119,0.344420757051607,-3.5567056134955e-4,1208.79739356785,1397.71368411467,1859.152,0.707392497651068,915.8777717038745
1334,699.016,0.706896713561116,0.3418012004924,1398.032,2020_kk_115_redo,Kusko,2020,0.707256078553439,0.344108673271139,-3.1208378046748e-4,1208.79739356785,1397.71368411467,1859.152,0.707392497651068,915.8777717038745
1335,699.54,0.706519039911399,0.343920205889666,1399.08,2020_kk_115_redo,Kusko,2020,0.707153603502499,0.343642928711908,-4.657445592307e-4,1208.79739356785,1397.71368411467,1859.152,0.707392497651068,915.8777717038745
1336,700.064,0.710785273256275,0.348615700667354,1400.128,2020_kk_115_redo,Kusko,2020,0.707196181842173,0.343233178437018,-4.0975027489087e-4,1208.79739356785,1397.71368411467,1859.152,0.707392497651068,915.8777717038745
1337,700.588,0.709280991081292,0.34450738518104,1401.176,2020_kk_115_redo,Kusko,2020,0.707207155956767,0.342907497928988,-3.2568050802966e-4,1208.79739356785,1397.71368411467,1859.152,0.707392497651068,915.8777717038745
1338,701.112,0.706203169781865,0.339686815262875,1402.224,2020_kk_115_redo,Kusko,2020,0.707207575043188,0.342561124965308,-3.4637296368039e-4,1208.79739356785,1397.71368411467,1859.152,0.707392497651068,915.8777717038745
1339,701.636,0.708201427001983,0.339289565172553,1403.272,2020_kk_115_redo,Kusko,2020,0.707161345829894,0.3422397498224,-3.2137514290736e-4,1208.79739356785,1397.71368411467,1859.152,0.707392497651068,915.8777717038745
1340,702.16,0.70770083811821,0.336183803411415,1404.32,2020_kk_115_redo,Kusko,2020,0.707199807727198,0.341998162082258,-2.4158774014182e-4,1208.79739356785,1397.71368411467,1859.152,0.707392497651068,915.8777717038745
1341,702.684,0.707951107556938,0.338689096189805,1405.368,2020_kk_115_redo,Kusko,2020,0.707190554420879,0.341746357696078,-2.5180438617988e-4,1208.79739356785,1397.71368411467,1859.152,0.707392497651068,915.8777717038745
1342,703.208,0.705102816959091,0.335900588665808,1406.416,2020_kk_115_redo,Kusko,2020,0.707168011820663,0.34149120304521,-2.55154650868e-4,1208.79739356785,1397.71368411467,1859.152,0.707392497651068,915.8777717038745
1343,703.732,0.70638444428542,0.335779904232237,1407.464,2020_kk_115_redo,Kusko,2020,0.7071824936784,0.34125933481155,-2.3186823366006e-4,1208.79739356785,1397.71368411467,1859.152,0.707392497651068,915.8777717038745
1344,704.256,0.710098613667202,0.336771216379809,1408.512,2020_kk_115_redo,Kusko,2020,0.707199005528577,0.341100969324435,-1.5836548711589e-4,1208.79739356785,1397.71368411467,1859.152,0.707392497651068,915.8777717038745
1345,704.78,0.707731672905921,0.338498241326207,1409.56,2020_kk_115_redo,Kusko,2020,0.707115273874774,0.340949041977745,-1.5192734668939e-4,1208.79739356785,1397.71368411467,1859.152,0.707392497651068,915.8777717038745
1346,705.304,0.709601481824227,0.337544916163383,1410.608,2020_kk_115_redo,Kusko,2020,0.707088084634524,0.340789488415587,-1.5955356215852e-4,1208.79739356785,1397.71368411467,1859.152,0.707392497651068,915.8777717038745
1347,705.828,0.708509703448728,0.340543040913896,1411.656,2020_kk_115_redo,Kusko,2020,0.707061651249881,0.340614920216735,-1.7456819885197e-4,1208.79739356785,1397.71368411467,1859.152,0.707392497651068,915.8777717038745
1348,706.352,0.70560315478927,0.336976784081883,1412.704,2020_kk_115_redo,Kusko,2020,0.707008746186995,0.340351526334432,-2.6339388230256e-4,1208.79739356785,1397.71368411467,1859.152,0.707392497651068,915.8777717038745
1349,706.876,0.704791395042234,0.339091129518174,1413.752,2020_kk_115_redo,Kusko,2020,0.70703522782342,0.340199048208772,-1.524781256601e-4,1208.79739356785,1397.71368411467,1859.152,0.707392497651068,915.8777717038745
1350,707.4,0.706584706884766,0.34442149904976,1414.8,2020_kk_115_redo,Kusko,2020,0.707026608926375,0.340086563382882,-1.124848258901e-4,1208.79739356785,1397.71368411467,1859.152,0.707392497651068,915.8777717038745
1351,707.924,0.70922791536215,0.344244743611755,1415.848,2020_kk_115_redo,Kusko,2020,0.707040398538187,0.340055839901421,-3.07234814612145e-5,1208.79739356785,1397.71368411467,1859.152,0.707392497651068,915.8777717038745
1352,708.448,0.706015034021869,0.339250485084859,1416.896,2020_kk_115_redo,Kusko,2020,0.707066514857127,0.34021159771168,1.5575781025883e-4,1208.79739356785,1397.71368411467,1859.152,0.707392497651068,915.8777717038745
1353,708.972,0.707891429298933,0.340758097669793,1417.944,2020_kk_115_redo,Kusko,2020,0.707111309369087,0.340379647035951,1.6804932427122e-4,1208.79739356785,1397.71368411467,1859.152,0.707392497651068,915.8777717038745
1354,709.496,0.707641496790565,0.338512644374738,1418.992,2020_kk_115_redo,Kusko,2020,0.707077527071204,0.340615516280983,2.3586924503227e-4,1208.79739356785,1397.71368411467,1859.152,0.707392497651068,915.8777717038745
1355,710.02,0.706268998186935,0.337016128675072,1420.04,2020_kk_115_redo,Kusko,2020,0.707072456034057,0.340801093040545,1.855767595616e-4,1208.79739356785,1397.71368411467,1859.152,0.707392497651068,915.8777717038745
1356,710.544,0.710615915094521,0.337500009770815,1421.088,2020_kk_115_redo,Kusko,2020,0.707131059257572,0.341000526079353,1.9943303880842e-4,1208.79739356785,1397.71368411467,1859.152,0.707392497651068,915.8777717038745
1357,711.068,0.706563265723985,0.343692972100658,1422.136,2020_kk_115_redo,Kusko,2020,0.707132280979532,0.34123078818838,2.3026210902737e-4,1208.79739356785,1397.71368411467,1859.152,0.707392497651068,915.8777717038745
1358,711.592,0.704164258618028,0.338283348235775,1423.184,2020_kk_115_redo,Kusko,2020,0.707130859049983,0.34141940882109,1.8862063270952e-4,1208.79739356785,1397.71368411467,1859.152,0.707392497651068,915.8777717038745
1359,712.116,0.709681016575323,0.338766111806051,1424.232,2020_kk_115_redo,Kusko,2020,0.707191303917234,0.341596738945709,1.7733012461868e-4,1208.79739356785,1397.71368411467,1859.152,0.707392497651068,915.8777717038745
1360,712.64,0.709953004709557,0.337453442009868,1425.28,2020_kk_115_redo,Kusko,2020,0.707218891126268,0.341863152714434,2.664137687251e-4,1208.79739356785,1397.71368411467,1859.152,0.707392497651068,915.8777717038745
1361,713.164,0.706754895547707,0.337944714917472,1426.328,2020_kk_115_redo,Kusko,2020,0.70714449329104,0.34215013343411,2.8698071967614e-4,1208.79739356785,1397.71368411467,1859.152,0.707392497651068,915.8777717038745
1362,713.688,0.708069832672502,0.338633692424157,1427.376,2020_kk_115_redo,Kusko,2020,0.70716048868343,0.342435730236048,2.855968019384e-4,1208.79739356785,1397.71368411467,1859.152,0.707392497651068,915.8777717038745
1363,714.212,0.704352311590956,0.335007101346636,1428.424,2020_kk_115_redo,Kusko,2020,0.707114227323747,0.342694416247084,2.586860110359e-4,1208.79739356785,1397.71368411467,1859.152,0.707392497651068,915.8777717038745
1364,714.736,0.705866165348288,0.336559868620401,1429.472,2020_kk_115_redo,Kusko,2020,0.70714273185447,0.342888673221063,1.942569739789e-4,1208.79739356785,1397.71368411467,1859.152,0.707392497651068,915.8777717038745
1365,715.26,0.701941519040645,0.329599026661855,1430.52,2020_kk_115_redo,Kusko,2020,0.707166387742941,0.343039393143337,1.5071992227411e-4,1208.79739356785,1397.71368411467,1859.152,0.707392497651068,915.8777717038745
1366,715.784,0.709606325004183,0.337291578108193,1431.568,2020_kk_115_redo,Kusko,2020,0.707083776530578,0.343095401375573,5.6008232235949e-5,1208.79739356785,1397.71368411467,1859.152,0.707392497651068,915.8777717038745
1367,716.308,0.70636759057497,0.337441523180273,1432.616,2020_kk_115_redo,Kusko,2020,0.707019246745286,0.34321952834716,1.2412697158725e-4,1208.79739356785,1397.71368411467,1859.152,0.707392497651068,915.8777717038745
1368,716.832,0.708777536458472,0.336015471959033,1433.664,2020_kk_115_redo,Kusko,2020,0.707047934407786,0.343352707802623,1.3317945546231e-4,1208.79739356785,1397.71368411467,1859.152,0.707392497651068,915.8777717038745
1369,717.356,0.705402420013551,0.336774263614043,1434.712,2020_kk_115_redo,Kusko,2020,0.707066072466493,0.343478442415223,1.2573461260023e-4,1208.79739356785,1397.71368411467,1859.152,0.707392497651068,915.8777717038745
1370,717.88,0.709057928829231,0.338456695069736,1435.76,2020_kk_115_redo,Kusko,2020,0.70701628555167,0.34369176369586,2.1332128063683e-4,1208.79739356785,1397.71368411467,1859.152,0.707392497651068,915.8777717038745
1371,718.404,0.706555732660198,0.338825954796638,1436.808,2020_kk_115_redo,Kusko,2020,0.707037367182854,0.343832581392101,1.4081769624135e-4,1208.79739356785,1397.71368411467,1859.152,0.707392497651068,915.8777717038745
1372,718.928,0.705539172827159,0.335554899982531,1437.856,2020_kk_115_redo,Kusko,2020,0.707076191661665,0.344041376501422,2.0879510932136e-4,1208.79739356785,1397.71368411467,1859.152,0.707392497651068,915.8777717038745
1373,719.452,0.706227609205914,0.334105852063962,1438.904,2020_kk_115_redo,Kusko,2020,0.70708809696246,0.344258026503051,2.1665000162829e-4,1208.79739356785,1397.71368411467,1859.152,0.707392497651068,915.8777717038745
1374,719.976,0.707757101849875,0.336752656125576,1439.952,2020_kk_115_redo,Kusko,2020,0.70707602225138,0.344392870173242,1.3484367019106e-4,1208.79739356785,1397.71368411467,1859.152,0.707392497651068,915.8777717038745
1375,720.5,0.703532277023977,0.338624274046339,1441,2020_kk_115_redo,Kusko,2020,0.707022594541084,0.344532966040712,1.4009586746982e-4,1208.79739356785,1397.71368411467,1859.152,0.707392497651068,915.8777717038745
1376,721.024,0.70623960558204,0.341820922103431,1442.048,2020_kk_115_redo,Kusko,2020,0.706973845243255,0.344679850390957,1.4688435024529e-4,1208.79739356785,1397.71368411467,1859.152,0.707392497651068,915.8777717038745
1377,721.548,0.704892821846107,0.336583688334036,1443.096,2020_kk_115_redo,Kusko,2020,0.706917626745971,0.344768520078691,8.8669687733689e-5,1208.79739356785,1397.71368411467,1859.152,0.707392497651068,915.8777717038745
1378,722.072,0.704281881193617,0.333128469627582,1444.144,2020_kk_115_redo,Kusko,2020,0.706952651164782,0.34492440079225,1.5588071355898e-4,1208.79739356785,1397.71368411467,1859.152,0.707392497651068,915.8777717038745
1379,722.596,0.70855105399614,0.340547202925861,1445.192,2020_kk_115_redo,Kusko,2020,0.70698268811578,0.34506103983647,1.3663904422056e-4,1208.79739356785,1397.71368411467,1859.152,0.707392497651068,915.8777717038745
1380,723.12,0.708485527443738,0.344179161928839,1446.24,2020_kk_115_redo,Kusko,2020,0.706955388607493,0.345092916084859,3.18762483883517e-5,1208.79739356785,1397.71368411467,1859.152,0.707392497651068,915.8777717038745
1381,723.644,0.708079333198577,0.34653281913543,1447.288,2020_kk_115_redo,Kusko,2020,0.706981443531333,0.345097696488896,4.78040403767421e-6,1208.79739356785,1397.71368411467,1859.152,0.707392497651068,915.8777717038745
1382,724.168,0.708595718991485,0.356115158362099,1448.336,2020_kk_115_redo,Kusko,2020,0.707000211104504,0.345199854176658,1.0215768776217e-4,1208.79739356785,1397.71368411467,1859.152,0.707392497651068,915.8777717038745
1383,724.692,0.711111332451432,0.355655969553933,1449.384,2020_kk_115_redo,Kusko,2020,0.706953023195536,0.345311895715551,1.1204153889232e-4,1208.79739356785,1397.71368411467,1859.152,0.707392497651068,915.8777717038745
1384,725.216,0.704939246661879,0.361956909757128,1450.432,2020_kk_115_redo,Kusko,2020,0.70700589762831,0.345367408672868,5.55129573176494e-5,1208.79739356785,1397.71368411467,1859.152,0.707392497651068,915.8777717038745
1385,725.74,0.705060070302528,0.359470462229621,1451.48,2020_kk_115_redo,Kusko,2020,0.70698639473782,0.34544565072875,7.82420558815278e-5,1208.79739356785,1397.71368411467,1859.152,0.707392497651068,915.8777717038745
1386,726.264,0.707945294484426,0.361481814884382,1452.528,2020_kk_115_redo,Kusko,2020,0.706947547415663,0.345489830044213,4.41793154632997e-5,1208.79739356785,1397.71368411467,1859.152,0.707392497651068,915.8777717038745
1387,726.788,0.708625266580588,0.358171911892913,1453.576,2020_kk_115_redo,Kusko,2020,0.707005498377919,0.345470988206954,-1.88418372589205e-5,1208.79739356785,1397.71368411467,1859.152,0.707392497651068,915.8777717038745
1388,727.312,0.706833729890688,0.35634062891953,1454.624,2020_kk_115_redo,Kusko,2020,0.707086028265541,0.345599229188853,1.2824098189906e-4,1208.79739356785,1397.71368411467,1859.152,0.707392497651068,915.8777717038745
1389,727.836,0.707790739187991,0.354732829577744,1455.672,2020_kk_115_redo,Kusko,2020,0.707061205023467,0.345718488682444,1.1925949359065e-4,1208.79739356785,1397.71368411467,1859.152,0.707392497651068,915.8777717038745
1390,728.36,0.708004472102205,0.357719364486386,1456.72,2020_kk_115_redo,Kusko,2020,0.707024609762024,0.345812692105162,9.42034227180977e-5,1208.79739356785,1397.71368411467,1859.152,0.707392497651068,915.8777717038745
1391,728.884,0.703812402543166,0.359549064334472,1457.768,2020_kk_115_redo,Kusko,2020,0.707034781736755,0.345899910724893,8.72186197306002e-5,1208.79739356785,1397.71368411467,1859.152,0.707392497651068,915.8777717038745
1392,729.408,0.708133210411887,0.361124081643267,1458.816,2020_kk_115_redo,Kusko,2020,0.707036446436642,0.345990774516167,9.08637912744314e-5,1208.79739356785,1397.71368411467,1859.152,0.707392497651068,915.8777717038745
1393,729.932,0.703694629450864,0.355267866273916,1459.864,2020_kk_115_redo,Kusko,2020,0.7071065279852,0.346162672434943,1.7189791877553e-4,1208.79739356785,1397.71368411467,1859.152,0.707392497651068,915.8777717038745
1394,730.456,0.708606985404541,0.353456618931132,1460.912,2020_kk_115_redo,Kusko,2020,0.707108832919236,0.346318753586328,1.5608115138582e-4,1208.79739356785,1397.71368411467,1859.152,0.707392497651068,915.8777717038745
1395,730.98,0.707938393219657,0.352963401226113,1461.96,2020_kk_115_redo,Kusko,2020,0.707224313868895,0.346507883564344,1.8912997801529e-4,1208.79739356785,1397.71368411467,1859.152,0.707392497651068,915.8777717038745
1396,731.504,0.705828600514464,0.351976194601512,1463.008,2020_kk_115_redo,Kusko,2020,0.707158116494543,0.346548053721895,4.01701575508673e-5,1208.79739356785,1397.71368411467,1859.152,0.707392497651068,915.8777717038745
1397,732.028,0.705409203963806,0.351955003476275,1464.056,2020_kk_115_redo,Kusko,2020,0.707114087449078,0.34659292581951,4.48720976157224e-5,1208.79739356785,1397.71368411467,1859.152,0.707392497651068,915.8777717038745
1398,732.552,0.707924429531858,0.347677582590611,1465.104,2020_kk_115_redo,Kusko,2020,0.707077121134274,0.346677238517053,8.43126975424435e-5,1208.79739356785,1397.71368411467,1859.152,0.707392497651068,915.8777717038745
1399,733.076,0.709289710524375,0.346833641928567,1466.152,2020_kk_115_redo,Kusko,2020,0.707135717933233,0.346745814391522,6.85758744690124e-5,1208.79739356785,1397.71368411467,1859.152,0.707392497651068,915.8777717038745
1400,733.6,0.704713623228848,0.348983080249623,1467.2,2020_kk_115_redo,Kusko,2020,0.707031768075021,0.346789509435729,4.36950442076478e-5,1208.79739356785,1397.71368411467,1859.152,0.707392497651068,915.8777717038745
1401,734.124,0.70921600542795,0.347138157964288,1468.248,2020_kk_115_redo,Kusko,2020,0.707039982679226,0.346849856054569,6.03466188392465e-5,1208.79739356785,1397.71368411467,1859.152,0.707392497651068,915.8777717038745
1402,734.648,0.707432285687757,0.34842829522509,1469.296,2020_kk_115_redo,Kusko,2020,0.707125703711511,0.34690882092563,5.89648710616064e-5,1208.79739356785,1397.71368411467,1859.152,0.707392497651068,915.8777717038745
1403,735.172,0.707098762333116,0.348778904329937,1470.344,2020_kk_115_redo,Kusko,2020,0.70712335325995,0.347000011750042,9.11908244117243e-5,1208.79739356785,1397.71368411467,1859.152,0.707392497651068,915.8777717038745
1404,735.696,0.709374131002402,0.344861836591271,1471.392,2020_kk_115_redo,Kusko,2020,0.707091270534269,0.347008735116212,8.72336617036007e-6,1208.79739356785,1397.71368411467,1859.152,0.707392497651068,915.8777717038745
1405,736.22,0.704526010288153,0.346903993374399,1472.44,2020_kk_115_redo,Kusko,2020,0.707139863888354,0.346980182554886,-2.85525613259452e-5,1208.79739356785,1397.71368411467,1859.152,0.707392497651068,915.8777717038745
1406,736.744,0.706676523954499,0.3463579771781,1473.488,2020_kk_115_redo,Kusko,2020,0.707112769629614,0.346922385734229,-5.77968206578738e-5,1208.79739356785,1397.71368411467,1859.152,0.707392497651068,915.8777717038745
1407,737.268,0.705136593611697,0.345863222177919,1474.536,2020_kk_115_redo,Kusko,2020,0.707146656840388,0.346942888201928,2.0502467699024e-5,1208.79739356785,1397.71368411467,1859.152,0.707392497651068,915.8777717038745
1408,737.792,0.707704619917955,0.346329626895421,1475.584,2020_kk_115_redo,Kusko,2020,0.707212194235202,0.347084091543244,1.4120334131662e-4,1208.79739356785,1397.71368411467,1859.152,0.707392497651068,915.8777717038745
1409,738.316,0.706593612102091,0.347289472171407,1476.632,2020_kk_115_redo,Kusko,2020,0.707248713914283,0.347085395686469,1.30414322518924e-6,1208.79739356785,1397.71368411467,1859.152,0.707392497651068,915.8777717038745
1410,738.84,0.704946736387524,0.34633407395306,1477.68,2020_kk_115_redo,Kusko,2020,0.707245521775742,0.347035122812965,-5.02728735047864e-5,1208.79739356785,1397.71368411467,1859.152,0.707392497651068,915.8777717038745
1411,739.364,0.710791210792582,0.344531567854017,1478.728,2020_kk_115_redo,Kusko,2020,0.70720493430192,0.346924881708918,-1.1024110404667e-4,1208.79739356785,1397.71368411467,1859.152,0.707392497651068,915.8777717038745
1412,739.888,0.707141088412105,0.345379946350587,1479.776,2020_kk_115_redo,Kusko,2020,0.707189504693842,0.346591580353018,-3.3330135589965e-4,1208.79739356785,1397.71368411467,1859.152,0.707392497651068,915.8777717038745
1413,740.412,0.705060154760853,0.347480590003336,1480.824,2020_kk_115_redo,Kusko,2020,0.707106601689742,0.346329032535357,-2.6254781766099e-4,1208.79739356785,1397.71368411467,1859.152,0.707392497651068,915.8777717038745
1414,740.936,0.710813962757031,0.341843421813797,1481.872,2020_kk_115_redo,Kusko,2020,0.707155952548155,0.345969253903089,-3.5977863226843e-4,1208.79739356785,1397.71368411467,1859.152,0.707392497651068,915.8777717038745
1415,741.46,0.705098824757505,0.341710652027964,1482.92,2020_kk_115_redo,Kusko,2020,0.707219958700314,0.345607889618492,-3.6136428459654e-4,1208.79739356785,1397.71368411467,1859.152,0.707392497651068,915.8777717038745
1416,741.984,0.708285075765107,0.340150768698611,1483.968,2020_kk_115_redo,Kusko,2020,0.707239800182223,0.345159942594258,-4.4794702423428e-4,1208.79739356785,1397.71368411467,1859.152,0.707392497651068,915.8777717038745
1417,742.508,0.710040323459369,0.342562461865123,1485.016,2020_kk_115_redo,Kusko,2020,0.707227007943993,0.344752775168873,-4.0716742538488e-4,1208.79739356785,1397.71368411467,1859.152,0.707392497651068,915.8777717038745
1418,743.032,0.708996051875377,0.345977807149718,1486.064,2020_kk_115_redo,Kusko,2020,0.707228372348543,0.344411974038566,-3.4080113030687e-4,1208.79739356785,1397.71368411467,1859.152,0.707392497651068,915.8777717038745
1419,743.556,0.708191622050834,0.345921681421492,1487.112,2020_kk_115_redo,Kusko,2020,0.707232303001575,0.344027492500813,-3.8448153775305e-4,1208.79739356785,1397.71368411467,1859.152,0.707392497651068,915.8777717038745
1420,744.08,0.70775728902301,0.343105647372951,1488.16,2020_kk_115_redo,Kusko,2020,0.7071955695488,0.343562070634896,-4.6542186591674e-4,1208.79739356785,1397.71368411467,1859.152,0.707392497651068,915.8777717038745
1421,744.604,0.707365214031568,0.343177832101306,1489.208,2020_kk_115_redo,Kusko,2020,0.707274364778393,0.343088678215525,-4.7339241937111e-4,1208.79739356785,1397.71368411467,1859.152,0.707392497651068,915.8777717038745
1422,745.128,0.708169714665713,0.344085519900624,1490.256,2020_kk_115_redo,Kusko,2020,0.707277691854484,0.342637677691296,-4.510005242293e-4,1208.79739356785,1397.71368411467,1859.152,0.707392497651068,915.8777717038745
1423,745.652,0.708557204504403,0.345320976473168,1491.304,2020_kk_115_redo,Kusko,2020,0.707370375657991,0.342278348305692,-3.5932938560406e-4,1208.79739356785,1397.71368411467,1859.152,0.707392497651068,915.8777717038745
1424,746.176,0.706004461390473,0.345924737703551,1492.352,2020_kk_115_redo,Kusko,2020,0.707330360454644,0.341997211272504,-2.8113703318805e-4,1208.79739356785,1397.71368411467,1859.152,0.707392497651068,915.8777717038745
1425,746.7,0.708870376020166,0.340946825342773,1493.4,2020_kk_115_redo,Kusko,2020,0.707335265656825,0.341810058928935,-1.8715234356875e-4,1208.79739356785,1397.71368411467,1859.152,0.707392497651068,915.8777717038745
1426,747.224,0.705634482543107,0.339701787561243,1494.448,2020_kk_115_redo,Kusko,2020,0.707344417006352,0.341561795899688,-2.482630292469e-4,1208.79739356785,1397.71368411467,1859.152,0.707392497651068,915.8777717038745
1427,747.748,0.703725847847077,0.340133849037217,1495.496,2020_kk_115_redo,Kusko,2020,0.707384299344847,0.341306996861337,-2.5479903835079e-4,1208.79739356785,1397.71368411467,1859.152,0.707392497651068,915.8777717038745
1428,748.272,0.706559557570218,0.341074233811577,1496.544,2020_kk_115_redo,Kusko,2020,0.707411282107696,0.341067872695841,-2.3912416549604e-4,1208.79739356785,1397.71368411467,1859.152,0.707392497651068,915.8777717038745
1429,748.796,0.708918227951058,0.340888816082186,1497.592,2020_kk_115_redo,Kusko,2020,0.707393161716469,0.34082643863034,-2.4143406550192e-4,1208.79739356785,1397.71368411467,1859.152,0.707392497651068,915.8777717038745
1430,749.32,0.702820937336538,0.341078397722195,1498.64,2020_kk_115_redo,Kusko,2020,0.707422558824497,0.34058287783130903,-2.4356079903009e-4,1208.79739356785,1397.71368411467,1859.152,0.707392497651068,915.8777717038745
1431,749.844,0.707048608912475,0.342446751926995,1499.688,2020_kk_115_redo,Kusko,2020,0.707380029857554,0.34033504633658,-2.4783149472967e-4,1208.79739356785,1397.71368411467,1859.152,0.707392497651068,915.8777717038745
1432,750.368,0.71068243476426,0.339092792246224,1500.736,2020_kk_115_redo,Kusko,2020,0.707426537782883,0.33999336575712,-3.4168057946026e-4,1208.79739356785,1397.71368411467,1859.152,0.707392497651068,915.8777717038745
1433,750.892,0.706086582112256,0.339577301528667,1501.784,2020_kk_115_redo,Kusko,2020,0.707447557136356,0.339614118630835,-3.7924712628412e-4,1208.79739356785,1397.71368411467,1859.152,0.707392497651068,915.8777717038745
1434,751.416,0.705832138309016,0.337276058095799,1502.832,2020_kk_115_redo,Kusko,2020,0.707377880738475,0.339313289385486,-3.0082924534896e-4,1208.79739356785,1397.71368411467,1859.152,0.707392497651068,915.8777717038745
1435,751.94,0.706447878269053,0.336911120366783,1503.88,2020_kk_115_redo,Kusko,2020,0.707407737439817,0.338969244575285,-3.4404481020117e-4,1208.79739356785,1397.71368411467,1859.152,0.707392497651068,915.8777717038745
1436,752.464,0.704613950057655,0.338353112863959,1504.928,2020_kk_115_redo,Kusko,2020,0.707438840002672,0.33864710731026,-3.2213726502561e-4,1208.79739356785,1397.71368411467,1859.152,0.707392497651068,915.8777717038745
1437,752.988,0.706926054492558,0.337813836395979,1505.976,2020_kk_115_redo,Kusko,2020,0.707450668932637,0.338280595103206,-3.6651220705363e-4,1208.79739356785,1397.71368411467,1859.152,0.707392497651068,915.8777717038745
1438,753.512,0.708214124882467,0.341600670106581,1507.024,2020_kk_115_redo,Kusko,2020,0.707482268458384,0.337834927026471,-4.4566807673457e-4,1208.79739356785,1397.71368411467,1859.152,0.707392497651068,915.8777717038745
1439,754.036,0.71074223474096,0.340625451519371,1508.072,2020_kk_115_redo,Kusko,2020,0.707493765396489,0.3373623673991,-4.7255962737158e-4,1208.79739356785,1397.71368411467,1859.152,0.707392497651068,915.8777717038745
1440,754.56,0.70829399913131,0.341162789518552,1509.12,2020_kk_115_redo,Kusko,2020,0.707520572427956,0.336965297012237,-3.9707038686231e-4,1208.79739356785,1397.71368411467,1859.152,0.707392497651068,915.8777717038745
1441,755.084,0.705644084769224,0.339918352892627,1510.168,2020_kk_115_redo,Kusko,2020,0.707492947465549,0.336622061943443,-3.4323506879419e-4,1208.79739356785,1397.71368411467,1859.152,0.707392497651068,915.8777717038745
1442,755.608,0.70766994250685,0.33611707700812,1511.216,2020_kk_115_redo,Kusko,2020,0.707497225784317,0.336266453958227,-3.556079852165e-4,1208.79739356785,1397.71368411467,1859.152,0.707392497651068,915.8777717038745
1443,756.132,0.706137152205435,0.339903100494273,1512.264,2020_kk_115_redo,Kusko,2020,0.70757515234069,0.335931179107122,-3.3527485110512e-4,1208.79739356785,1397.71368411467,1859.152,0.707392497651068,915.8777717038745
1444,756.656,0.707900298166622,0.34037019182102,1513.312,2020_kk_115_redo,Kusko,2020,0.70757642539361,0.335668957664351,-2.6222144277099e-4,1208.79739356785,1397.71368411467,1859.152,0.707392497651068,915.8777717038745
1445,757.18,0.708900439432085,0.33778860515383,1514.36,2020_kk_115_redo,Kusko,2020,0.707660424074414,0.335407565309846,-2.6139235450517e-4,1208.79739356785,1397.71368411467,1859.152,0.707392497651068,915.8777717038745
1446,757.704,0.70913578339894,0.334604993430322,1515.408,2020_kk_115_redo,Kusko,2020,0.707634433297,0.335177416881632,-2.3014842821333e-4,1208.79739356785,1397.71368411467,1859.152,0.707392497651068,915.8777717038745
1447,758.228,0.707857732286811,0.333741866369824,1516.456,2020_kk_115_redo,Kusko,2020,0.707623217310175,0.334851200520298,-3.2621636133439e-4,1208.79739356785,1397.71368411467,1859.152,0.707392497651068,915.8777717038745
1448,758.752,0.70691559416369,0.335892561101118,1517.504,2020_kk_115_redo,Kusko,2020,0.707648215695134,0.334451141343012,-4.0005917728547e-4,1208.79739356785,1397.71368411467,1859.152,0.707392497651068,915.8777717038745
1449,759.276,0.708026578369928,0.331663937312562,1518.552,2020_kk_115_redo,Kusko,2020,0.70762686598221,0.334080181687948,-3.70959655064e-4,1208.79739356785,1397.71368411467,1859.152,0.707392497651068,915.8777717038745
1450,759.8,0.705800464935721,0.329794052531379,1519.6,2020_kk_115_redo,Kusko,2020,0.707582622612944,0.333709023430226,-3.711582577226e-4,1208.79739356785,1397.71368411467,1859.152,0.707392497651068,915.8777717038745
1451,760.324,0.708540116318715,0.331145519172207,1520.648,2020_kk_115_redo,Kusko,2020,0.707589107646294,0.33333003031352,-3.789931167058e-4,1208.79739356785,1397.71368411467,1859.152,0.707392497651068,915.8777717038745
1452,760.848,0.708332834977352,0.334064050189508,1521.696,2020_kk_115_redo,Kusko,2020,0.707560124743098,0.332949106130975,-3.809241825452e-4,1208.79739356785,1397.71368411467,1859.152,0.707392497651068,915.8777717038745
1453,761.372,0.709255657661301,0.333708103137671,1522.744,2020_kk_115_redo,Kusko,2020,0.707545001411783,0.332509836082072,-4.3927004890298e-4,1208.79739356785,1397.71368411467,1859.152,0.707392497651068,915.8777717038745
1454,761.896,0.706206073203725,0.336588396939852,1523.792,2020_kk_115_redo,Kusko,2020,0.707554267602885,0.332077625513973,-4.3221056809889e-4,1208.79739356785,1397.71368411467,1859.152,0.707392497651068,915.8777717038745
1455,762.42,0.708232705350484,0.341734260611987,1524.84,2020_kk_115_redo,Kusko,2020,0.707491366403761,0.331719184578497,-3.5844093547626e-4,1208.79739356785,1397.71368411467,1859.152,0.707392497651068,915.8777717038745
1456,762.944,0.706377681486061,0.337080412846701,1525.888,2020_kk_115_redo,Kusko,2020,0.707537629995437,0.331390250117027,-3.2893446146919e-4,1208.79739356785,1397.71368411467,1859.152,0.707392497651068,915.8777717038745
1457,763.468,0.707802144273551,0.336667061175223,1526.936,2020_kk_115_redo,Kusko,2020,0.70759691209482,0.330963426781186,-4.2682333584165e-4,1208.79739356785,1397.71368411467,1859.152,0.707392497651068,915.8777717038745
1458,763.992,0.709543395302773,0.333330132660848,1527.984,2020_kk_115_redo,Kusko,2020,0.707582457072656,0.330574071442079,-3.8935533910672e-4,1208.79739356785,1397.71368411467,1859.152,0.707392497651068,915.8777717038745
1459,764.516,0.708202487050776,0.332347597998449,1529.032,2020_kk_115_redo,Kusko,2020,0.707581152861999,0.330145540652254,-4.2853078982463e-4,1208.79739356785,1397.71368411467,1859.152,0.707392497651068,915.8777717038745
1460,765.04,0.70647744971053,0.334369432307821,1530.08,2020_kk_115_redo,Kusko,2020,0.707692653343154,0.329730375979785,-4.151646724691e-4,1208.79739356785,1397.71368411467,1859.152,0.707392497651068,915.8777717038745
1461,765.564,0.706664267411351,0.33226826828051,1531.128,2020_kk_115_redo,Kusko,2020,0.707634003070169,0.329228817397322,-5.0155858246309e-4,1208.79739356785,1397.71368411467,1859.152,0.707392497651068,915.8777717038745
1462,766.088,0.710222761207494,0.327927460457474,1532.176,2020_kk_115_redo,Kusko,2020,0.70761852785475,0.328796255945826,-4.3256145149633e-4,1208.79739356785,1397.71368411467,1859.152,0.707392497651068,915.8777717038745
1463,766.612,0.708359923541515,0.326024076752891,1533.224,2020_kk_115_redo,Kusko,2020,0.707671116374118,0.328337888299114,-4.5836764671181e-4,1208.79739356785,1397.71368411467,1859.152,0.707392497651068,915.8777717038745
1464,767.136,0.705193547129546,0.326812081870334,1534.272,2020_kk_115_redo,Kusko,2020,0.707706720062585,0.327900294945841,-4.3759335327298e-4,1208.79739356785,1397.71368411467,1859.152,0.707392497651068,915.8777717038745
1465,767.66,0.70631741236864,0.326261304762327,1535.32,2020_kk_115_redo,Kusko,2020,0.707747426384326,0.327408453352954,-4.9184159288745e-4,1208.79739356785,1397.71368411467,1859.152,0.707392497651068,915.8777717038745
1466,768.184,0.70854267772578,0.327029741276563,1536.368,2020_kk_115_redo,Kusko,2020,0.707819550022739,0.326886905835395,-5.2154751755895e-4,1208.79739356785,1397.71368411467,1859.152,0.707392497651068,915.8777717038745
1467,768.708,0.705846329409641,0.3238724897547,1537.416,2020_kk_115_redo,Kusko,2020,0.70783507144602,0.326372951137909,-5.1395469748566e-4,1208.79739356785,1397.71368411467,1859.152,0.707392497651068,915.8777717038745
1468,769.232,0.709600591462784,0.319589542291346,1538.464,2020_kk_115_redo,Kusko,2020,0.707826861941985,0.325804583196387,-5.6836794152181e-4,1208.79739356785,1397.71368411467,1859.152,0.707392497651068,915.8777717038745
1469,769.756,0.707283428388378,0.31893589452911,1539.512,2020_kk_115_redo,Kusko,2020,0.707782444611043,0.325243107195596,-5.6147600079109e-4,1208.79739356785,1397.71368411467,1859.152,0.707392497651068,915.8777717038745
1470,770.28,0.70655515827555,0.322509850741325,1540.56,2020_kk_115_redo,Kusko,2020,0.707813751091747,0.324714977523365,-5.2812967223131e-4,1208.79739356785,1397.71368411467,1859.152,0.707392497651068,915.8777717038745
1471,770.804,0.709133713048133,0.323937463726363,1541.608,2020_kk_115_redo,Kusko,2020,0.707858871244794,0.324210015296276,-5.0496222708917e-4,1208.79739356785,1397.71368411467,1859.152,0.707392497651068,915.8777717038745
1472,771.328,0.707397787538169,0.324043467237597,1542.656,2020_kk_115_redo,Kusko,2020,0.707802395604618,0.323887648124274,-3.2236717200173e-4,1208.79739356785,1397.71368411467,1859.152,0.707392497651068,915.8777717038745
1473,771.852,0.709735748143268,0.327364098937027,1543.704,2020_kk_115_redo,Kusko,2020,0.70786462729353,0.3235166944169,-3.7095370737422e-4,1208.79739356785,1397.71368411467,1859.152,0.707392497651068,915.8777717038745
1474,772.376,0.710890345932227,0.326110135247537,1544.752,2020_kk_115_redo,Kusko,2020,0.707837983623469,0.323112359167978,-4.0433524892119e-4,1208.79739356785,1397.71368411467,1859.152,0.707392497651068,915.8777717038745
1475,772.9,0.710138745605712,0.326027110757655,1545.8,2020_kk_115_redo,Kusko,2020,0.707839747486926,0.322710298431463,-4.0206073651505e-4,1208.79739356785,1397.71368411467,1859.152,0.707392497651068,915.8777717038745
1476,773.424,0.706725629120301,0.32634186300581,1546.848,2020_kk_115_redo,Kusko,2020,0.707849724074832,0.322383404534282,-3.2689389718149e-4,1208.79739356785,1397.71368411467,1859.152,0.707392497651068,915.8777717038745
1477,773.948,0.70936736424985,0.322989480185061,1547.896,2020_kk_115_redo,Kusko,2020,0.707833595625004,0.322077587062455,-3.0581747182645e-4,1208.79739356785,1397.71368411467,1859.152,0.707392497651068,915.8777717038745
1478,774.472,0.710495954972943,0.321974256512587,1548.944,2020_kk_115_redo,Kusko,2020,0.707818092239534,0.321725061034993,-3.525260274621e-4,1208.79739356785,1397.71368411467,1859.152,0.707392497651068,915.8777717038745
1479,774.996,0.706910639275362,0.323664102117651,1549.992,2020_kk_115_redo,Kusko,2020,0.707784540862116,0.321419187594337,-3.0587344065624e-4,1208.79739356785,1397.71368411467,1859.152,0.707392497651068,915.8777717038745
1480,775.52,0.705102686867048,0.320836151909597,1551.04,2020_kk_115_redo,Kusko,2020,0.707805573254778,0.321172448590737,-2.4673900360039e-4,1208.79739356785,1397.71368411467,1859.152,0.707392497651068,915.8777717038745
1481,776.044,0.707754316032604,0.320438245098959,1552.088,2020_kk_115_redo,Kusko,2020,0.707748840629669,0.320882559435723,-2.8988915501326e-4,1208.79739356785,1397.71368411467,1859.152,0.707392497651068,915.8777717038745
1482,776.568,0.706430740473958,0.321230068947912,1553.136,2020_kk_115_redo,Kusko,2020,0.707674369818405,0.320547858869089,-3.3470056663415e-4,1208.79739356785,1397.71368411467,1859.152,0.707392497651068,915.8777717038745
1483,777.092,0.707649804625477,0.318964773538987,1554.184,2020_kk_115_redo,Kusko,2020,0.707655517167721,0.320290977841594,-2.5688102749482e-4,1208.79739356785,1397.71368411467,1859.152,0.707392497651068,915.8777717038745
1484,777.616,0.706560432856595,0.319992103617617,1555.232,2020_kk_115_redo,Kusko,2020,0.707649273784785,0.319978277693021,-3.127001485737e-4,1208.79739356785,1397.71368411467,1859.152,0.707392497651068,915.8777717038745
1485,778.14,0.705096304072706,0.319440369214201,1556.28,2020_kk_115_redo,Kusko,2020,0.707633589603019,0.319525782549414,-4.5249514360695e-4,1208.79739356785,1397.71368411467,1859.152,0.707392497651068,915.8777717038745
1486,778.664,0.708410298043665,0.319965719873089,1557.328,2020_kk_115_redo,Kusko,2020,0.707663362174035,0.319174301648615,-3.5148090079861e-4,1208.79739356785,1397.71368411467,1859.152,0.707392497651068,915.8777717038745
1487,779.188,0.707282773810048,0.314524448886716,1558.376,2020_kk_115_redo,Kusko,2020,0.70763702539096,0.318818119757259,-3.56181891356e-4,1208.79739356785,1397.71368411467,1859.152,0.707392497651068,915.8777717038745
1488,779.712,0.705692256240423,0.317712913465175,1559.424,2020_kk_115_redo,Kusko,2020,0.70763509014452,0.318444487723626,-3.736320336326e-4,1208.79739356785,1397.71368411467,1859.152,0.707392497651068,915.8777717038745
1489,780.236,0.708839975311646,0.315176968692708,1560.472,2020_kk_115_redo,Kusko,2020,0.707649622837887,0.318088044235438,-3.5644348818803e-4,1208.79739356785,1397.71368411467,1859.152,0.707392497651068,915.8777717038745
1490,780.76,0.709510966205806,0.316168517374048,1561.52,2020_kk_115_redo,Kusko,2020,0.70763651469385,0.317621856305418,-4.6618793002001e-4,1208.79739356785,1397.71368411467,1859.152,0.707392497651068,915.8777717038745
1491,781.284,0.703529592533417,0.312353236979211,1562.568,2020_kk_115_redo,Kusko,2020,0.707664454142635,0.317171103758476,-4.5075254694276e-4,1208.79739356785,1397.71368411467,1859.152,0.707392497651068,915.8777717038745
1492,781.808,0.709753921839098,0.313139105156443,1563.616,2020_kk_115_redo,Kusko,2020,0.707616924989977,0.316796358239949,-3.7474551852689e-4,1208.79739356785,1397.71368411467,1859.152,0.707392497651068,915.8777717038745
1493,782.332,0.709241893274327,0.312075242725961,1564.664,2020_kk_115_redo,Kusko,2020,0.707590858384244,0.316464940252547,-3.3141798740132e-4,1208.79739356785,1397.71368411467,1859.152,0.707392497651068,915.8777717038745
1494,782.856,0.707968359617033,0.311020456899419,1565.712,2020_kk_115_redo,Kusko,2020,0.707612455625511,0.316064839035421,-4.0010121712691e-4,1208.79739356785,1397.71368411467,1859.152,0.707392497651068,915.8777717038745
1495,783.38,0.70889025757354,0.307400624793536,1566.76,2020_kk_115_redo,Kusko,2020,0.707577282065591,0.315681362745801,-3.8347628961982e-4,1208.79739356785,1397.71368411467,1859.152,0.707392497651068,915.8777717038745
1496,783.904,0.708941368362427,0.307060261810423,1567.808,2020_kk_115_redo,Kusko,2020,0.707545435079822,0.315429241300209,-2.5212144559161e-4,1208.79739356785,1397.71368411467,1859.152,0.707392497651068,915.8777717038745
1497,784.428,0.707857339889397,0.306976554546839,1568.856,2020_kk_115_redo,Kusko,2020,0.707563083688653,0.315241404076809,-1.8783722339982e-4,1208.79739356785,1397.71368411467,1859.152,0.707392497651068,915.8777717038745
1498,784.952,0.707721554640417,0.307498593615271,1569.904,2020_kk_115_redo,Kusko,2020,0.707502943598546,0.315113267693531,-1.2813638327863e-4,1208.79739356785,1397.71368411467,1859.152,0.707392497651068,915.8777717038745
1499,785.476,0.708077194884387,0.306936891471905,1570.952,2020_kk_115_redo,Kusko,2020,0.707524471416512,0.315041989534269,-7.12781592616119e-5,1208.79739356785,1397.71368411467,1859.152,0.707392497651068,915.8777717038745
1500,786,0.710172387973589,0.309475009184671,1572,2020_kk_115_redo,Kusko,2020,0.7074781836421,0.314854496675359,-1.8749285890962e-4,1208.79739356785,1397.71368411467,1859.152,0.707392497651068,915.8777717038745
1501,786.524,0.708351293952024,0.309620619267276,1573.048,2020_kk_115_redo,Kusko,2020,0.707459400806412,0.314688549690875,-1.6594698448474e-4,1208.79739356785,1397.71368411467,1859.152,0.707392497651068,915.8777717038745
1502,787.048,0.704281404096325,0.316775046688015,1574.096,2020_kk_115_redo,Kusko,2020,0.707460652184939,0.314619153604599,-6.93960862760412e-5,1208.79739356785,1397.71368411467,1859.152,0.707392497651068,915.8777717038745
1503,787.572,0.70987105354011,0.317645878051819,1575.144,2020_kk_115_redo,Kusko,2020,0.707399773927925,0.314491290270101,-1.2786333449776e-4,1208.79739356785,1397.71368411467,1859.152,0.707392497651068,915.8777717038745
1504,788.096,0.706301677962973,0.316110076885749,1576.192,2020_kk_115_redo,Kusko,2020,0.707354586098871,0.31435402008716,-1.3727018294096e-4,1208.79739356785,1397.71368411467,1859.152,0.707392497651068,915.8777717038745
1505,788.62,0.709006271239524,0.313664960962925,1577.24,2020_kk_115_redo,Kusko,2020,0.707339528851888,0.314252108317255,-1.019117699047e-4,1208.79739356785,1397.71368411467,1859.152,0.707392497651068,915.8777717038745
1506,789.144,0.709734378673299,0.314991359599434,1578.288,2020_kk_115_redo,Kusko,2020,0.707318278865964,0.314100523406231,-1.5158491102451e-4,1208.79739356785,1397.71368411467,1859.152,0.707392497651068,915.8777717038745
1507,789.668,0.706890025297139,0.315392818060235,1579.336,2020_kk_115_redo,Kusko,2020,0.707308826078757,0.313956274647395,-1.4424875883545e-4,1208.79739356785,1397.71368411467,1859.152,0.707392497651068,915.8777717038745
1508,790.192,0.70598539103549,0.314740999453393,1580.384,2020_kk_115_redo,Kusko,2020,0.707279508507479,0.313803106911511,-1.531677358843e-4,1208.79739356785,1397.71368411467,1859.152,0.707392497651068,915.8777717038745
1509,790.716,0.706013495724853,0.313311530873187,1581.432,2020_kk_115_redo,Kusko,2020,0.707256922528442,0.313613140776485,-1.8996613502542e-4,1208.79739356785,1397.71368411467,1859.152,0.707392497651068,915.8777717038745
1510,791.24,0.707062408495398,0.314989712315354,1582.48,2020_kk_115_redo,Kusko,2020,0.707375401481616,0.313538360660993,-7.4780115492612e-5,1208.79739356785,1397.71368411467,1859.152,0.707392497651068,915.8777717038745
1511,791.764,0.705136158812194,0.313752169871409,1583.528,2020_kk_115_redo,Kusko,2020,0.707335467586228,0.313446911181938,-9.14494790552056e-5,1208.79739356785,1397.71368411467,1859.152,0.707392497651068,915.8777717038745
1512,792.288,0.703864586301526,0.313982016191461,1584.576,2020_kk_115_redo,Kusko,2020,0.707337089655639,0.313370583722815,-7.6327459122727e-5,1208.79739356785,1397.71368411467,1859.152,0.707392497651068,915.8777717038745
1513,792.812,0.708124498620246,0.318295241487983,1585.624,2020_kk_115_redo,Kusko,2020,0.707364437583276,0.313260295575388,-1.1028814742702e-4,1208.79739356785,1397.71368411467,1859.152,0.707392497651068,915.8777717038745
1514,793.336,0.705831470227568,0.317826388025432,1586.672,2020_kk_115_redo,Kusko,2020,0.707396774079031,0.313145718031265,-1.1457754412319e-4,1208.79739356785,1397.71368411467,1859.152,0.707392497651068,915.8777717038745
1515,793.86,0.707291654444543,0.314584551995569,1587.72,2020_kk_115_redo,Kusko,2020,0.707468177500037,0.312961250394602,-1.8446763666246e-4,1208.79739356785,1397.71368411467,1859.152,0.707392497651068,915.8777717038745
1516,794.384,0.708164035747007,0.315991558798783,1588.768,2020_kk_115_redo,Kusko,2020,0.707432348737532,0.312826296769825,-1.3495362477739e-4,1208.79739356785,1397.71368411467,1859.152,0.707392497651068,915.8777717038745
1517,794.908,0.706221937289035,0.315296147693859,1589.816,2020_kk_115_redo,Kusko,2020,0.707440262618827,0.312792785367482,-3.35114023430894e-5,1208.79739356785,1397.71368411467,1859.152,0.707392497651068,915.8777717038745
1518,795.432,0.70942728051636,0.310912210642893,1590.864,2020_kk_115_redo,Kusko,2020,0.707434792798693,0.312729287117826,-6.34982496561798e-5,1208.79739356785,1397.71368411467,1859.152,0.707392497651068,915.8777717038745
1519,795.956,0.709074448652848,0.310960988707167,1591.912,2020_kk_115_redo,Kusko,2020,0.707404810627251,0.31260779364977,-1.2149346805551e-4,1208.79739356785,1397.71368411467,1859.152,0.707392497651068,915.8777717038745
1520,796.48,0.705690961068277,0.306398156506621,1592.96,2020_kk_115_redo,Kusko,2020,0.707332073006162,0.31239589456686,-2.1189908291052e-4,1208.79739356785,1397.71368411467,1859.152,0.707392497651068,915.8777717038745
1521,797.004,0.708340634338458,0.305223115463943,1594.008,2020_kk_115_redo,Kusko,2020,0.707412364817097,0.312178329867804,-2.1756469905587e-4,1208.79739356785,1397.71368411467,1859.152,0.707392497651068,915.8777717038745
1522,797.528,0.70737101204803,0.30544272934586,1595.056,2020_kk_115_redo,Kusko,2020,0.707421059227071,0.312000461288132,-1.7786857967178e-4,1208.79739356785,1397.71368411467,1859.152,0.707392497651068,915.8777717038745
1523,798.052,0.706795927197531,0.306138997508812,1596.104,2020_kk_115_redo,Kusko,2020,0.707407846371647,0.311985517192101,-1.49440960305336e-5,1208.79739356785,1397.71368411467,1859.152,0.707392497651068,915.8777717038745
1524,798.576,0.706489381605549,0.302806008842721,1597.152,2020_kk_115_redo,Kusko,2020,0.707390890180195,0.312012291488221,2.6774296119747e-5,1208.79739356785,1397.71368411467,1859.152,0.707392497651068,915.8777717038745
1525,799.1,0.70420699877345,0.303252727385136,1598.2,2020_kk_115_redo,Kusko,2020,0.707376399575769,0.312152716869713,1.4042538149194e-4,1208.79739356785,1397.71368411467,1859.152,0.707392497651068,915.8777717038745
1526,799.624,0.706631858579662,0.311902454541067,1599.248,2020_kk_115_redo,Kusko,2020,0.707318096302563,0.312340273485076,1.8755661536301e-4,1208.79739356785,1397.71368411467,1859.152,0.707392497651068,915.8777717038745
1527,800.148,0.706905245939444,0.312602256350709,1600.296,2020_kk_115_redo,Kusko,2020,0.707339313388533,0.312487652415213,1.4737893013711e-4,1208.79739356785,1397.71368411467,1859.152,0.707392497651068,915.8777717038745
1528,800.672,0.705992186056412,0.31190135929463,1601.344,2020_kk_115_redo,Kusko,2020,0.707273160844309,0.312688742387339,2.010899721257e-4,1208.79739356785,1397.71368411467,1859.152,0.707392497651068,915.8777717038745
1529,801.196,0.708575097466291,0.314659204973414,1602.392,2020_kk_115_redo,Kusko,2020,0.70726659408167,0.312841496203287,1.5275381594781e-4,1208.79739356785,1397.71368411467,1859.152,0.707392497651068,915.8777717038745
1530,801.72,0.703777891810833,0.311260279206747,1603.44,2020_kk_115_redo,Kusko,2020,0.707268976514769,0.313032595132377,1.910989290903e-4,1208.79739356785,1397.71368411467,1859.152,0.707392497651068,915.8777717038745
1531,802.244,0.708006742906859,0.313980644657278,1604.488,2020_kk_115_redo,Kusko,2020,0.707226303440619,0.313212778920533,1.8018378815576e-4,1208.79739356785,1397.71368411467,1859.152,0.707392497651068,915.8777717038745
1532,802.768,0.707472870249814,0.319879702061032,1605.536,2020_kk_115_redo,Kusko,2020,0.707356899516297,0.313305067837619,9.2288917086014207e-05,1208.79739356785,1397.71368411467,1859.152,0.707392497651068,915.8777717038745
1533,803.292,0.706083052722413,0.319692298867163,1606.584,2020_kk_115_redo,Kusko,2020,0.70735187756103,0.313348629001712,4.35611640927092e-5,1208.79739356785,1397.71368411467,1859.152,0.707392497651068,915.8777717038745
1534,803.816,0.70817907618901,0.317873924271078,1607.632,2020_kk_115_redo,Kusko,2020,0.707378543726364,0.313414277647265,6.56486455533067e-5,1208.79739356785,1397.71368411467,1859.152,0.707392497651068,915.8777717038745
1535,804.34,0.709235310786704,0.319912404563373,1608.68,2020_kk_115_redo,Kusko,2020,0.707294990226629,0.313599087102028,1.8480945476356e-4,1208.79739356785,1397.71368411467,1859.152,0.707392497651068,915.8777717038745
1536,804.864,0.705450629964898,0.317246768344337,1609.728,2020_kk_115_redo,Kusko,2020,0.70728601612949,0.31381120917812,2.1212207609122e-4,1208.79739356785,1397.71368411467,1859.152,0.707392497651068,915.8777717038745
1537,805.388,0.708800197017418,0.314334554654933,1610.776,2020_kk_115_redo,Kusko,2020,0.707330434765831,0.314002551491182,1.9134231306283e-4,1208.79739356785,1397.71368411467,1859.152,0.707392497651068,915.8777717038745
1538,805.912,0.708736900696234,0.312784192359533,1611.824,2020_kk_115_redo,Kusko,2020,0.70733475614955,0.314295280729443,2.9272923826045e-4,1208.79739356785,1397.71368411467,1859.152,0.707392497651068,915.8777717038745
1539,806.436,0.705555480533131,0.312266134016125,1612.872,2020_kk_115_redo,Kusko,2020,0.707352320351546,0.314596665518308,3.0138478886515e-4,1208.79739356785,1397.71368411467,1859.152,0.707392497651068,915.8777717038745
1540,806.96,0.712211424057525,0.316349344980042,1613.92,2020_kk_115_redo,Kusko,2020,0.707348609691662,0.314935752304702,3.3908678639371e-4,1208.79739356785,1397.71368411467,1859.152,0.707392497651068,915.8777717038745
1541,807.484,0.70535828230932,0.314951276355648,1614.968,2020_kk_115_redo,Kusko,2020,0.707389342774036,0.315371120475873,4.3536817117162e-4,1208.79739356785,1397.71368411467,1859.152,0.707392497651068,915.8777717038745
1542,808.008,0.706528064638598,0.31665042140055,1616.016,2020_kk_115_redo,Kusko,2020,0.707440317192703,0.315749596974073,3.7847649819944e-4,1208.79739356785,1397.71368411467,1859.152,0.707392497651068,915.8777717038745
1543,808.532,0.709290680283693,0.312347484693366,1617.064,2020_kk_115_redo,Kusko,2020,0.707437726755102,0.316137594953227,3.8799797915373e-4,1208.79739356785,1397.71368411467,1859.152,0.707392497651068,915.8777717038745
1544,809.056,0.708500622601914,0.313117450970224,1618.112,2020_kk_115_redo,Kusko,2020,0.707546938121817,0.316515956116036,3.783611628092e-4,1208.79739356785,1397.71368411467,1859.152,0.707392497651068,915.8777717038745
1545,809.58,0.709380509333063,0.308372311014454,1619.16,2020_kk_115_redo,Kusko,2020,0.707543551423095,0.316940035006734,4.2407889069828e-4,1208.79739356785,1397.71368411467,1859.152,0.707392497651068,915.8777717038745
1546,810.104,0.7062605722934,0.311868502386445,1620.208,2020_kk_115_redo,Kusko,2020,0.707500751483847,0.317287567711604,3.4753270487014e-4,1208.79739356785,1397.71368411467,1859.152,0.707392497651068,915.8777717038745
1547,810.628,0.707757606687733,0.312513764746129,1621.256,2020_kk_115_redo,Kusko,2020,0.707496161489834,0.317622423411107,3.3485569950292e-4,1208.79739356785,1397.71368411467,1859.152,0.707392497651068,915.8777717038745
1548,811.152,0.705364067032349,0.313903018485805,1622.304,2020_kk_115_redo,Kusko,2020,0.707476512346534,0.318069836526339,4.4741311523194e-4,1208.79739356785,1397.71368411467,1859.152,0.707392497651068,915.8777717038745
1549,811.676,0.707041045025117,0.307887360609378,1623.352,2020_kk_115_redo,Kusko,2020,0.70743619478688,0.318435800405858,3.6596387951926e-4,1208.79739356785,1397.71368411467,1859.152,0.707392497651068,915.8777717038745
1550,812.2,0.705146708940462,0.303454572399418,1624.4,2020_kk_115_redo,Kusko,2020,0.70744893696187106,0.318827836330513,3.9203592465419e-4,1208.79739356785,1397.71368411467,1859.152,0.707392497651068,915.8777717038745
1551,812.724,0.708347101189555,0.299299355035856,1625.448,2020_kk_115_redo,Kusko,2020,0.707463992939741,0.31924948834642,4.2165201590715e-4,1208.79739356785,1397.71368411467,1859.152,0.707392497651068,915.8777717038745
1552,813.248,0.710275586437528,0.302466990376138,1626.496,2020_kk_115_redo,Kusko,2020,0.707456195384741,0.319658917075714,4.0942872929394e-4,1208.79739356785,1397.71368411467,1859.152,0.707392497651068,915.8777717038745
1553,813.772,0.708449121948905,0.311178596964126,1627.544,2020_kk_115_redo,Kusko,2020,0.707477804670971,0.319995093514872,3.361764391585e-4,1208.79739356785,1397.71368411467,1859.152,0.707392497651068,915.8777717038745
1554,814.296,0.706950988129925,0.31262691466660403,1628.592,2020_kk_115_redo,Kusko,2020,0.707568377621624,0.32037497408656,3.7988057168797e-4,1208.79739356785,1397.71368411467,1859.152,0.707392497651068,915.8777717038745
1555,814.82,0.70802082130797,0.315826147683053,1629.64,2020_kk_115_redo,Kusko,2020,0.707629666668246,0.320767915203048,3.9294111648818e-4,1208.79739356785,1397.71368411467,1859.152,0.707392497651068,915.8777717038745
1556,815.344,0.705443171970041,0.318313658732204,1630.688,2020_kk_115_redo,Kusko,2020,0.707625629485247,0.321071666810089,3.037516070406e-4,1208.79739356785,1397.71368411467,1859.152,0.707392497651068,915.8777717038745
1557,815.868,0.709130365047577,0.315819290355066,1631.736,2020_kk_115_redo,Kusko,2020,0.707715466693041,0.321312584240039,2.4091742995041e-4,1208.79739356785,1397.71368411467,1859.152,0.707392497651068,915.8777717038745
1558,816.392,0.703752401987013,0.319563991942814,1632.784,2020_kk_115_redo,Kusko,2020,0.707728206980409,0.321616916007473,3.0433176743399e-4,1208.79739356785,1397.71368411467,1859.152,0.707392497651068,915.8777717038745
1559,816.916,0.707683189126022,0.316102120428773,1633.832,2020_kk_115_redo,Kusko,2020,0.707670103633833,0.321894044392374,2.7712838490101e-4,1208.79739356785,1397.71368411467,1859.152,0.707392497651068,915.8777717038745
1560,817.44,0.710315333959525,0.32094094493009,1634.88,2020_kk_115_redo,Kusko,2020,0.70773513669434,0.322250724741983,3.5668034960867e-4,1208.79739356785,1397.71368411467,1859.152,0.707392497651068,915.8777717038745
1561,817.964,0.705790909503039,0.320431646556623,1635.928,2020_kk_115_redo,Kusko,2020,0.707718981540165,0.322490523652558,2.3979891057512e-4,1208.79739356785,1397.71368411467,1859.152,0.707392497651068,915.8777717038745
1562,818.488,0.712117168637027,0.322312381713173,1636.976,2020_kk_115_redo,Kusko,2020,0.707702459866324,0.32263926311082,1.4873945826182e-4,1208.79739356785,1397.71368411467,1859.152,0.707392497651068,915.8777717038745
1563,819.012,0.709569736224074,0.320259547897382,1638.024,2020_kk_115_redo,Kusko,2020,0.70771940108545,0.322748640790691,1.0937767987129e-4,1208.79739356785,1397.71368411467,1859.152,0.707392497651068,915.8777717038745
1564,819.536,0.707901647882998,0.320048995618948,1639.072,2020_kk_115_redo,Kusko,2020,0.707740286400387,0.322891548102638,1.4290731194693e-4,1208.79739356785,1397.71368411467,1859.152,0.707392497651068,915.8777717038745
1565,820.06,0.703993061255437,0.324753528248737,1640.12,2020_kk_115_redo,Kusko,2020,0.707733716973393,0.323018031330257,1.2648322761887e-4,1208.79739356785,1397.71368411467,1859.152,0.707392497651068,915.8777717038745
1566,820.584,0.70919593284498506,0.327718684164909,1641.168,2020_kk_115_redo,Kusko,2020,0.707730160307721,0.323173745896739,1.5571456648183e-4,1208.79739356785,1397.71368411467,1859.152,0.707392497651068,915.8777717038745
1567,821.108,0.709555143477582,0.326873356844003,1642.216,2020_kk_115_redo,Kusko,2020,0.707730841193386,0.323420260163393,2.4651426665406e-4,1208.79739356785,1397.71368411467,1859.152,0.707392497651068,915.8777717038745
1568,821.632,0.706244674058641,0.332304753749022,1643.264,2020_kk_115_redo,Kusko,2020,0.707695601269934,0.323734333240436,3.1407307704278e-4,1208.79739356785,1397.71368411467,1859.152,0.707392497651068,915.8777717038745
1569,822.156,0.707067347844601,0.331394618205097,1644.312,2020_kk_115_redo,Kusko,2020,0.707782357695371,0.3240107291919,2.7639595146411e-4,1208.79739356785,1397.71368411467,1859.152,0.707392497651068,915.8777717038745
1570,822.68,0.706839768902388,0.335334919498978,1645.36,2020_kk_115_redo,Kusko,2020,0.707707546531722,0.324161211619441,1.5048242754112e-4,1208.79739356785,1397.71368411467,1859.152,0.707392497651068,915.8777717038745
1571,823.204,0.707580143754611,0.339874260141705,1646.408,2020_kk_115_redo,Kusko,2020,0.707681712038599,0.324374047711226,2.1283609178468e-4,1208.79739356785,1397.71368411467,1859.152,0.707392497651068,915.8777717038745
1572,823.728,0.706923051421529,0.336690606083426,1647.456,2020_kk_115_redo,Kusko,2020,0.707706837517551,0.324547224707123,1.7317699589736e-4,1208.79739356785,1397.71368411467,1859.152,0.707392497651068,915.8777717038745
1573,824.252,0.707969072364188,0.341575120237207,1648.504,2020_kk_115_redo,Kusko,2020,0.707645208153843,0.324737316849776,1.9009214265286e-4,1208.79739356785,1397.71368411467,1859.152,0.707392497651068,915.8777717038745
1574,824.776,0.712384152230481,0.340528057793982,1649.552,2020_kk_115_redo,Kusko,2020,0.707640289458961,0.324942578485966,2.0526163618961e-4,1208.79739356785,1397.71368411467,1859.152,0.707392497651068,915.8777717038745
1575,825.3,0.707088452521185,0.340029285437469,1650.6,2020_kk_115_redo,Kusko,2020,0.707621838372082,0.325243386158699,3.0080767273371e-4,1208.79739356785,1397.71368411467,1859.152,0.707392497651068,915.8777717038745
1576,825.824,0.705596039392167,0.336843521090993,1651.648,2020_kk_115_redo,Kusko,2020,0.707674026861721,0.325438708763852,1.9532260515309e-4,1208.79739356785,1397.71368411467,1859.152,0.707392497651068,915.8777717038745
1577,826.348,0.705946537648213,0.335387489664033,1652.696,2020_kk_115_redo,Kusko,2020,0.707625021983353,0.325560434727186,1.2172596333354e-4,1208.79739356785,1397.71368411467,1859.152,0.707392497651068,915.8777717038745
1578,826.872,0.708248331918399,0.33775699755681,1653.744,2020_kk_115_redo,Kusko,2020,0.70766803740644,0.325650714104666,9.02793774804622e-5,1208.79739356785,1397.71368411467,1859.152,0.707392497651068,915.8777717038745
1579,827.396,0.70665539507357,0.332918821478325,1654.792,2020_kk_115_redo,Kusko,2020,0.707683342488003,0.325906738349224,2.5602424455761e-4,1208.79739356785,1397.71368411467,1859.152,0.707392497651068,915.8777717038745
1580,827.92,0.706455491567786,0.329920311985872,1655.84,2020_kk_115_redo,Kusko,2020,0.707722692171321,0.326194203687972,2.8746533874812e-4,1208.79739356785,1397.71368411467,1859.152,0.707392497651068,915.8777717038745
1581,828.444,0.70924399301065,0.33052223641837,1656.888,2020_kk_115_redo,Kusko,2020,0.707718756188344,0.326559330410248,3.6512672227589e-4,1208.79739356785,1397.71368411467,1859.152,0.707392497651068,915.8777717038745
1582,828.968,0.706903158748036,0.330008453103495,1657.936,2020_kk_115_redo,Kusko,2020,0.707660189755421,0.326877235260291,3.1790485004301e-4,1208.79739356785,1397.71368411467,1859.152,0.707392497651068,915.8777717038745
1583,829.492,0.708092484371324,0.326309583858323,1658.984,2020_kk_115_redo,Kusko,2020,0.707607470181896,0.326976499464747,9.92642044562175e-5,1208.79739356785,1397.71368411467,1859.152,0.707392497651068,915.8777717038745
1584,830.016,0.711923758644732,0.325598843144001,1660.032,2020_kk_115_redo,Kusko,2020,0.707655404258597,0.327067751146884,9.12516821363618e-5,1208.79739356785,1397.71368411467,1859.152,0.707392497651068,915.8777717038745
1585,830.54,0.707884341570752,0.326829194374425,1661.08,2020_kk_115_redo,Kusko,2020,0.707589825796966,0.327097425230749,2.96740838655607e-5,1208.79739356785,1397.71368411467,1859.152,0.707392497651068,915.8777717038745
1586,831.064,0.706389627599736,0.330127550963506,1662.128,2020_kk_115_redo,Kusko,2020,0.707695381152268,0.327063236878505,-3.41883522440023e-5,1208.79739356785,1397.71368411467,1859.152,0.707392497651068,915.8777717038745
1587,831.588,0.712295478407062,0.327057302147735,1663.176,2020_kk_115_redo,Kusko,2020,0.707658799085331,0.327109914087209,4.66772087034384e-5,1208.79739356785,1397.71368411467,1859.152,0.707392497651068,915.8777717038745
1588,832.112,0.706756603298499,0.330161265340671,1664.224,2020_kk_115_redo,Kusko,2020,0.707718119120051,0.327138686283069,2.87721958600606e-5,1208.79739356785,1397.71368411467,1859.152,0.707392497651068,915.8777717038745
1589,832.636,0.705088896671762,0.331286908067472,1665.272,2020_kk_115_redo,Kusko,2020,0.707636966826309,0.32720721162473,6.85253416615184e-5,1208.79739356785,1397.71368411467,1859.152,0.707392497651068,915.8777717038745
1590,833.16,0.707679875441211,0.332661100183267,1666.32,2020_kk_115_redo,Kusko,2020,0.707570103864791,0.327158164746984,-4.90468777462061e-5,1208.79739356785,1397.71368411467,1859.152,0.707392497651068,915.8777717038745
1591,833.684,0.707037433656395,0.328368579291788,1667.368,2020_kk_115_redo,Kusko,2020,0.707611767258546,0.327176232101078,1.80673540937093e-5,1208.79739356785,1397.71368411467,1859.152,0.707392497651068,915.8777717038745
1592,834.208,0.706481569819312,0.32880406955674,1668.416,2020_kk_115_redo,Kusko,2020,0.70751958709245,0.327105624180363,-7.06079207150045e-5,1208.79739356785,1397.71368411467,1859.152,0.707392497651068,915.8777717038745
1593,834.732,0.707099525869988,0.32625495965944,1669.464,2020_kk_115_redo,Kusko,2020,0.707481837643531,0.327082408179649,-2.3216000714088e-5,1208.79739356785,1397.71368411467,1859.152,0.707392497651068,915.8777717038745
1594,835.256,0.709432195085267,0.326448362987897,1670.512,2020_kk_115_redo,Kusko,2020,0.707446915589092,0.327110623613362,2.82154337132856e-5,1208.79739356785,1397.71368411467,1859.152,0.707392497651068,915.8777717038745
1595,835.78,0.70884114516704,0.327501398220508,1671.56,2020_kk_115_redo,Kusko,2020,0.70752067993641,0.326989159326143,-1.2146428721909e-4,1208.79739356785,1397.71368411467,1859.152,0.707392497651068,915.8777717038745
1596,836.304,0.705237230024565,0.326589642333248,1672.608,2020_kk_115_redo,Kusko,2020,0.707515190730959,0.326796706848526,-1.9245247761651e-4,1208.79739356785,1397.71368411467,1859.152,0.707392497651068,915.8777717038745
1597,836.828,0.708841050157317,0.329125410654177,1673.656,2020_kk_115_redo,Kusko,2020,0.707522464098091,0.326673244936415,-1.2346191211098e-4,1208.79739356785,1397.71368411467,1859.152,0.707392497651068,915.8777717038745
1598,837.352,0.706622505289149,0.331628576982097,1674.704,2020_kk_115_redo,Kusko,2020,0.707553337886231,0.32641108135839,-2.6216357802477e-4,1208.79739356785,1397.71368411467,1859.152,0.707392497651068,915.8777717038745
1599,837.876,0.710760866059301,0.328849891103974,1675.752,2020_kk_115_redo,Kusko,2020,0.707571480460135,0.326112442807926,-2.9863855046424e-4,1208.79739356785,1397.71368411467,1859.152,0.707392497651068,915.8777717038745
1600,838.4,0.707722754238634,0.32537829063251,1676.8,2020_kk_115_redo,Kusko,2020,0.707628763655193,0.325714858537246,-3.9758427067981e-4,1208.79739356785,1397.71368411467,1859.152,0.707392497651068,915.8777717038745
1601,838.924,0.70380821272189,0.327721441862728,1677.848,2020_kk_115_redo,Kusko,2020,0.70766147060326,0.325257781877024,-4.5707666022243e-4,1208.79739356785,1397.71368411467,1859.152,0.707392497651068,915.8777717038745
1602,839.448,0.708035593375725,0.327041041154391,1678.896,2020_kk_115_redo,Kusko,2020,0.707588706161822,0.32483273704432303,-4.2504483270056e-4,1208.79739356785,1397.71368411467,1859.152,0.707392497651068,915.8777717038745
1603,839.972,0.705592918461204,0.32375301325254,1679.944,2020_kk_115_redo,Kusko,2020,0.707577954131425,0.324267878504075,-5.6485854024879e-4,1208.79739356785,1397.71368411467,1859.152,0.707392497651068,915.8777717038745
1604,840.496,0.708205500909036,0.325433149141599,1680.992,2020_kk_115_redo,Kusko,2020,0.707442677600716,0.323663850953218,-6.0402755085697e-4,1208.79739356785,1397.71368411467,1859.152,0.707392497651068,915.8777717038745
1605,841.02,0.708273444120303,0.326420771378478,1682.04,2020_kk_115_redo,Kusko,2020,0.707405177471985,0.323091278761535,-5.7257219168288e-4,1208.79739356785,1397.71368411467,1859.152,0.707392497651068,915.8777717038745
1606,841.544,0.709391881671716,0.323587858695632,1683.088,2020_kk_115_redo,Kusko,2020,0.707494733676144,0.322513870292789,-5.7740846874543e-4,1208.79739356785,1397.71368411467,1859.152,0.707392497651068,915.8777717038745
1607,842.068,0.704817313985682,0.319817322546138,1684.136,2020_kk_115_redo,Kusko,2020,0.707547012975318,0.321983749321121,-5.3012097166849e-4,1208.79739356785,1397.71368411467,1859.152,0.707392497651068,915.8777717038745
1608,842.592,0.707944992417566,0.319319781134632,1685.184,2020_kk_115_redo,Kusko,2020,0.707492070724204,0.321442405631212,-5.4134368990843e-4,1208.79739356785,1397.71368411467,1859.152,0.707392497651068,915.8777717038745
1609,843.116,0.707959349918868,0.323248815282835,1686.232,2020_kk_115_redo,Kusko,2020,0.707457569580312,0.320895967110126,-5.4643852108654e-4,1208.79739356785,1397.71368411467,1859.152,0.707392497651068,915.8777717038745
1610,843.64,0.707507689939573,0.320702492724307,1687.28,2020_kk_115_redo,Kusko,2020,0.707472861355539,0.320407215057295,-4.8875205283127e-4,1208.79739356785,1397.71368411467,1859.152,0.707392497651068,915.8777717038745
1611,844.164,0.708110942210944,0.32120695837241,1688.328,2020_kk_115_redo,Kusko,2020,0.707490788570373,0.319858357181737,-5.4885787555741e-4,1208.79739356785,1397.71368411467,1859.152,0.707392497651068,915.8777717038745
1612,844.688,0.706761600462135,0.32154128137872,1689.376,2020_kk_115_redo,Kusko,2020,0.70749042811763,0.319253147536188,-6.0520964554877e-4,1208.79739356785,1397.71368411467,1859.152,0.707392497651068,915.8777717038745
1613,845.212,0.705285947537393,0.3171344492315,1690.424,2020_kk_115_redo,Kusko,2020,0.707473409130701,0.31867370097674,-5.7944655944841e-4,1208.79739356785,1397.71368411467,1859.152,0.707392497651068,915.8777717038745
1614,845.736,0.70982703273199,0.318102015594786,1691.472,2020_kk_115_redo,Kusko,2020,0.707391266190265,0.318081556405589,-5.9214457115131e-4,1208.79739356785,1397.71368411467,1859.152,0.707392497651068,915.8777717038745
1615,846.26,0.704086113610128,0.317606592714987,1692.52,2020_kk_115_redo,Kusko,2020,0.707385347980781,0.317417514624888,-6.6404178070067e-4,1208.79739356785,1397.71368411467,1859.152,0.707392497651068,915.8777717038745
1616,846.784,0.711776493288149,0.316262357597564,1693.568,2020_kk_115_redo,Kusko,2020,0.707338718700822,0.316656578180966,-7.6093644392233e-4,1208.79739356785,1397.71368411467,1859.152,0.707392497651068,915.8777717038745
1617,847.308,0.706935441031325,0.318619922877272,1694.616,2020_kk_115_redo,Kusko,2020,0.70721122700736,0.315928955319008,-7.2762286195737e-4,1208.79739356785,1397.71368411467,1859.152,0.707392497651068,915.8777717038745
1618,847.832,0.707311604070229,0.321290323694418,1695.664,2020_kk_115_redo,Kusko,2020,0.707187083522032,0.315166206369233,-7.6274894977562e-4,1208.79739356785,1397.71368411467,1859.152,0.707392497651068,915.8777717038745
1619,848.356,0.702814051501502,0.320213640928465,1696.712,2020_kk_115_redo,Kusko,2020,0.707265691191698,0.314371518512755,-7.9468785647768e-4,1208.79739356785,1397.71368411467,1859.152,0.707392497651068,915.8777717038745
1620,848.88,0.706303556268435,0.317998132265316,1697.76,2020_kk_115_redo,Kusko,2020,0.707296808746241,0.313490978806445,-8.805397063098e-4,1208.79739356785,1397.71368411467,1859.152,0.707392497651068,915.8777717038745
1621,849.404,0.708290713128367,0.321515687802245,1698.808,2020_kk_115_redo,Kusko,2020,0.707303566822805,0.312732198050922,-7.5878075552338e-4,1208.79739356785,1397.71368411467,1859.152,0.707392497651068,915.8777717038745
1622,849.928,0.706586358671267,0.318075906470273,1699.856,2020_kk_115_redo,Kusko,2020,0.707284324258558,0.311845704696581,-8.8649335434082e-4,1208.79739356785,1397.71368411467,1859.152,0.707392497651068,915.8777717038745
1623,850.452,0.707304769288916,0.318866587854538,1700.904,2020_kk_115_redo,Kusko,2020,0.707231676249946,0.31098216294862,-8.635417479606e-4,1208.79739356785,1397.71368411467,1859.152,0.707392497651068,915.8777717038745
1624,850.976,0.705806324616657,0.321741921641744,1701.952,2020_kk_115_redo,Kusko,2020,0.707104664758381,0.310089357600868,-8.9280534775232e-4,1208.79739356785,1397.71368411467,1859.152,0.707392497651068,915.8777717038745
1625,851.5,0.708418922094547,0.317465671015591,1703,2020_kk_115_redo,Kusko,2020,0.707082213415563,0.30927175272159,-8.1760487927828e-4,1208.79739356785,1397.71368411467,1859.152,0.707392497651068,915.8777717038745
1626,852.024,0.708866580517881,0.316171535507916,1704.048,2020_kk_115_redo,Kusko,2020,0.707150688726928,0.30845264379589,-8.1910892569997e-4,1208.79739356785,1397.71368411467,1859.152,0.707392497651068,915.8777717038745
1627,852.548,0.709991545505546,0.319465642117344,1705.096,2020_kk_115_redo,Kusko,2020,0.707171957443914,0.30748562695215,-9.6701684374012e-4,1208.79739356785,1397.71368411467,1859.152,0.707392497651068,915.8777717038745
1628,853.072,0.708097101347004,0.316574939067537,1706.144,2020_kk_115_redo,Kusko,2020,0.70721083504907,0.306406021066834,-0.00107960588531558,1208.79739356785,1397.71368411467,1859.152,0.707392497651068,915.8777717038745
1629,853.596,0.708155902278868,0.313476305177242,1707.192,2020_kk_115_redo,Kusko,2020,0.707131064625984,0.305351320322516,-0.00105470074431768,1208.79739356785,1397.71368411467,1859.152,0.707392497651068,915.8777717038745
1630,854.12,0.710276760605868,0.311479863258191,1708.24,2020_kk_115_redo,Kusko,2020,0.707076040252178,0.30430327643476,-0.00104804388775664,1208.79739356785,1397.71368411467,1859.152,0.707392497651068,915.8777717038745
1631,854.644,0.709542560638635,0.312449660528357,1709.288,2020_kk_115_redo,Kusko,2020,0.707128308677554,0.303206604129789,-0.00109667230497107,1208.79739356785,1397.71368411467,1859.152,0.707392497651068,915.8777717038745
1632,855.168,0.70255718493521,0.311187916121393,1710.336,2020_kk_115_redo,Kusko,2020,0.707054189686887,0.302079281225335,-0.001127322904454,1208.79739356785,1397.71368411467,1859.152,0.707392497651068,915.8777717038745
1633,855.692,0.707323950540366,0.307683607822276,1711.384,2020_kk_115_redo,Kusko,2020,0.707097874761651,0.301082641784325,-9.9663944100952e-4,1208.79739356785,1397.71368411467,1859.152,0.707392497651068,915.8777717038745
1634,856.216,0.704267560387956,0.304286404742562,1712.432,2020_kk_115_redo,Kusko,2020,0.707141052973962,0.300092137377713,-9.9050440661208e-4,1208.79739356785,1397.71368411467,1859.152,0.707392497651068,915.8777717038745
1635,856.74,0.70483844479731,0.305674953936498,1713.48,2020_kk_115_redo,Kusko,2020,0.70709053101023,0.299187489056485,-9.0464832122783e-4,1208.79739356785,1397.71368411467,1859.152,0.707392497651068,915.8777717038745
1636,857.264,0.710969411641745,0.302199012966266,1714.528,2020_kk_115_redo,Kusko,2020,0.707050508334308,0.298373563443591,-8.1392561289411e-4,1208.79739356785,1397.71368411467,1859.152,0.707392497651068,915.8777717038745
1637,857.788,0.709083295598624,0.303580231363925,1715.576,2020_kk_115_redo,Kusko,2020,0.707074836971061,0.297654036406305,-7.1952703728595e-4,1208.79739356785,1397.71368411467,1859.152,0.707392497651068,915.8777717038745
1638,858.312,0.704951796851586,0.305276376162304,1716.624,2020_kk_115_redo,Kusko,2020,0.707046280323888,0.297000721529334,-6.5331487697073e-4,1208.79739356785,1397.71368411467,1859.152,0.707392497651068,915.8777717038745
1639,858.836,0.704585326440037,0.300132510213134,1717.672,2020_kk_115_redo,Kusko,2020,0.707077485646227,0.29630564184639,-6.9507968294457e-4,1208.79739356785,1397.71368411467,1859.152,0.707392497651068,915.8777717038745
1640,859.36,0.707372998081382,0.300595188815992,1718.72,2020_kk_115_redo,Kusko,2020,0.707077629507008,0.295687703790192,-6.1793805619819e-4,1208.79739356785,1397.71368411467,1859.152,0.707392497651068,915.8777717038745
1641,859.884,0.71031962590072,0.297590763884925,1719.768,2020_kk_115_redo,Kusko,2020,0.707089398562444,0.295110916203137,-5.7678758705481e-4,1208.79739356785,1397.71368411467,1859.152,0.707392497651068,915.8777717038745
1642,860.408,0.706881531583437,0.293695874370569,1720.816,2020_kk_115_redo,Kusko,2020,0.707072875278248,0.294503866402659,-6.0704980047798e-4,1208.79739356785,1397.71368411467,1859.152,0.707392497651068,915.8777717038745
1643,860.932,0.707071345155616,0.291542790291418,1721.864,2020_kk_115_redo,Kusko,2020,0.70717668546208,0.294015109911258,-4.8875649140123e-4,1208.79739356785,1397.71368411467,1859.152,0.707392497651068,915.8777717038745
1644,861.456,0.706995182218547,0.290070168874922,1722.912,2020_kk_115_redo,Kusko,2020,0.707134861682473,0.293543494893874,-4.7161501738401e-4,1208.79739356785,1397.71368411467,1859.152,0.707392497651068,915.8777717038745
1645,861.98,0.707529249001729,0.286986687532381,1723.96,2020_kk_115_redo,Kusko,2020,0.707182509869846,0.293110855109161,-4.326397847128e-4,1208.79739356785,1397.71368411467,1859.152,0.707392497651068,915.8777717038745
1646,862.504,0.703591870802172,0.28447136432817,1725.008,2020_kk_115_redo,Kusko,2020,0.707095880694952,0.292755378540927,-3.554765682337e-4,1208.79739356785,1397.71368411467,1859.152,0.707392497651068,915.8777717038745
1647,863.028,0.704645976799358,0.283399930430291,1726.056,2020_kk_115_redo,Kusko,2020,0.70713852284171,0.292365089201478,-3.9028933944956e-4,1208.79739356785,1397.71368411467,1859.152,0.707392497651068,915.8777717038745
1648,863.552,0.705307994178821,0.284396328354133,1727.104,2020_kk_115_redo,Kusko,2020,0.707119501445611,0.291970141906747,-3.9494729473094e-4,1208.79739356785,1397.71368411467,1859.152,0.707392497651068,915.8777717038745
1649,864.076,0.709805356851718,0.28360563667881,1728.152,2020_kk_115_redo,Kusko,2020,0.707232275440832,0.291634724347599,-3.354175591474e-4,1208.79739356785,1397.71368411467,1859.152,0.707392497651068,915.8777717038745
1650,864.6,0.70954692871379,0.279828717804678,1729.2,2020_kk_115_redo,Kusko,2020,0.707249685521382,0.291343303879066,-2.9142046853347e-4,1208.79739356785,1397.71368411467,1859.152,0.707392497651068,915.8777717038745
1651,865.124,0.707442918250262,0.282841733960386,1730.248,2020_kk_115_redo,Kusko,2020,0.707247168493376,0.291019799526816,-3.235043522502e-4,1208.79739356785,1397.71368411467,1859.152,0.707392497651068,915.8777717038745
1652,865.648,0.705327015964465,0.27561446829629,1731.296,2020_kk_115_redo,Kusko,2020,0.70729634617015,0.290747796174541,-2.7200335227428e-4,1208.79739356785,1397.71368411467,1859.152,0.707392497651068,915.8777717038745
1653,866.172,0.703940645353271,0.274442454781805,1732.344,2020_kk_115_redo,Kusko,2020,0.707321082210582,0.290583726743439,-1.6406943110181e-4,1208.79739356785,1397.71368411467,1859.152,0.707392497651068,915.8777717038745
1654,866.696,0.70181150559138,0.272880042122756,1733.392,2020_kk_115_redo,Kusko,2020,0.707350057443778,0.2903280474489,-2.5567929453984e-4,1208.79739356785,1397.71368411467,1859.152,0.707392497651068,915.8777717038745
1655,867.22,0.707494064597953,0.278445105463808,1734.44,2020_kk_115_redo,Kusko,2020,0.707346318353274,0.290127387359046,-2.0066008985397e-4,1208.79739356785,1397.71368411467,1859.152,0.707392497651068,915.8777717038745
1656,867.744,0.709345748706447,0.277443106791252,1735.488,2020_kk_115_redo,Kusko,2020,0.707288068070664,0.289940626103085,-1.8676125596039e-4,1208.79739356785,1397.71368411467,1859.152,0.707392497651068,915.8777717038745
1657,868.268,0.710117173176465,0.271104400029769,1736.536,2020_kk_115_redo,Kusko,2020,0.707268787705151,0.289722224080718,-2.184020223675e-4,1208.79739356785,1397.71368411467,1859.152,0.707392497651068,915.8777717038745
1658,868.792,0.708955161598522,0.266852223863159,1737.584,2020_kk_115_redo,Kusko,2020,0.707262485498665,0.289555304270303,-1.6691981041433e-4,1208.79739356785,1397.71368411467,1859.152,0.707392497651068,915.8777717038745
1659,869.316,0.705974640674131,0.265567846444915,1738.632,2020_kk_115_redo,Kusko,2020,0.707235509779851,0.289377543348819,-1.7776092148463e-4,1208.79739356785,1397.71368411467,1859.152,0.707392497651068,915.8777717038745
1660,869.84,0.704421291810267,0.262495657367112,1739.68,2020_kk_115_redo,Kusko,2020,0.707240615152473,0.289248450944278,-1.2909240454078e-4,1208.79739356785,1397.71368411467,1859.152,0.707392497651068,915.8777717038745
1661,870.364,0.706944318244456,0.261921103564466,1740.728,2020_kk_115_redo,Kusko,2020,0.707140912549546,0.289063219009161,-1.8523193511671e-4,1208.79739356785,1397.71368411467,1859.152,0.707392497651068,915.8777717038745
1662,870.888,0.703588453935733,0.259401666887149,1741.776,2020_kk_115_redo,Kusko,2020,0.70721588693708,0.28890964798786,-1.535710213007e-4,1208.79739356785,1397.71368411467,1859.152,0.707392497651068,915.8777717038745
1663,871.412,0.708214022947029,0.263954646791965,1742.824,2020_kk_115_redo,Kusko,2020,0.707181388089127,0.288903659200595,-5.98878726532082e-6,1208.79739356785,1397.71368411467,1859.152,0.707392497651068,915.8777717038745
1664,871.936,0.710796193647696,0.266002884744874,1743.872,2020_kk_115_redo,Kusko,2020,0.707257019030436,0.288927571309097,2.39121085013339e-5,1208.79739356785,1397.71368411467,1859.152,0.707392497651068,915.8777717038745
1665,872.46,0.70524212629643,0.272141872104808,1744.92,2020_kk_115_redo,Kusko,2020,0.707306186244555,0.289041830014515,1.1425870541853e-4,1208.79739356785,1397.71368411467,1859.152,0.707392497651068,915.8777717038745
1666,872.984,0.706990521116385,0.274752321921986,1745.968,2020_kk_115_redo,Kusko,2020,0.707284796974341,0.289190334029115,1.4850401460014e-4,1208.79739356785,1397.71368411467,1859.152,0.707392497651068,915.8777717038745
1667,873.508,0.706277032190868,0.276645700308983,1747.016,2020_kk_115_redo,Kusko,2020,0.707229159634909,0.289328741121644,1.3840709252921e-4,1208.79739356785,1397.71368411467,1859.152,0.707392497651068,915.8777717038745
1668,874.032,0.706231593587191,0.280120888516385,1748.064,2020_kk_115_redo,Kusko,2020,0.707277302043648,0.289420141669122,9.14005474778046e-5,1208.79739356785,1397.71368411467,1859.152,0.707392497651068,915.8777717038745
1669,874.556,0.709831669259202,0.281544034306163,1749.112,2020_kk_115_redo,Kusko,2020,0.707345807851302,0.289619766875014,1.9962520589172e-4,1208.79739356785,1397.71368411467,1859.152,0.707392497651068,915.8777717038745
1670,875.08,0.707516321586411,0.283626209352416,1750.16,2020_kk_115_redo,Kusko,2020,0.707347887038505,0.289853119618598,2.3335274358421e-4,1208.79739356785,1397.71368411467,1859.152,0.707392497651068,915.8777717038745
1671,875.604,0.708817085537078,0.28659970314912,1751.208,2020_kk_115_redo,Kusko,2020,0.707265300760623,0.290165117764193,3.1199814559507e-4,1208.79739356785,1397.71368411467,1859.152,0.707392497651068,915.8777717038745
1672,876.128,0.705770203410405,0.285118293350041,1752.256,2020_kk_115_redo,Kusko,2020,0.70731822115655,0.290620591375529,4.5547361133579e-4,1208.79739356785,1397.71368411467,1859.152,0.707392497651068,915.8777717038745
1673,876.652,0.711514558567334,0.287809059747426,1753.304,2020_kk_115_redo,Kusko,2020,0.707305835875258,0.291131921690437,5.1133031490746e-4,1208.79739356785,1397.71368411467,1859.152,0.707392497651068,915.8777717038745
1674,877.176,0.707317605955557,0.289805114551744,1754.352,2020_kk_115_redo,Kusko,2020,0.707410816801855,0.291744990735394,6.1306904495794e-4,1208.79739356785,1397.71368411467,1859.152,0.707392497651068,915.8777717038745
1675,877.7,0.706945004852495,0.291648205632221,1755.4,2020_kk_115_redo,Kusko,2020,0.707403840990023,0.292577905032131,8.3291429673632e-4,1208.79739356785,1397.71368411467,1859.152,0.707392497651068,915.8777717038745
1676,878.224,0.706578742794496,0.294933763503542,1756.448,2020_kk_115_redo,Kusko,2020,0.707519105833518,0.293560650091849,9.8274505971868e-4,1208.79739356785,1397.71368411467,1859.152,0.707392497651068,915.8777717038745
1677,878.748,0.709493969836819,0.295202562510297,1757.496,2020_kk_115_redo,Kusko,2020,0.70763344123064,0.294693450232138,0.00113280014028838,1208.79739356785,1397.71368411467,1859.152,0.707392497651068,915.8777717038745
1678,879.272,0.706170320304288,0.29759348601056,1758.544,2020_kk_115_redo,Kusko,2020,0.707732454617082,0.295877322696441,0.0011838724643029,1208.79739356785,1397.71368411467,1859.152,0.707392497651068,915.8777717038745
1679,879.796,0.709580491214741,0.300088587379623,1759.592,2020_kk_115_redo,Kusko,2020,0.707731328666256,0.29720737617655,0.00133005348010912,1208.79739356785,1397.71368411467,1859.152,0.707392497651068,915.8777717038745
1680,880.32,0.707348161101473,0.300512904153308,1760.64,2020_kk_115_redo,Kusko,2020,0.707737864008294,0.298758270044181,0.00155089386763102,1208.79739356785,1397.71368411467,1859.152,0.707392497651068,915.8777717038745
1681,880.844,0.708139691447998,0.30210542666723,1761.688,2020_kk_115_redo,Kusko,2020,0.707772672550065,0.300362111773168,0.00160384172898742,1208.79739356785,1397.71368411467,1859.152,0.707392497651068,915.8777717038745
1682,881.368,0.709537019277653,0.301755705333817,1762.736,2020_kk_115_redo,Kusko,2020,0.707801552206882,0.302146192256467,0.00178408048329837,1208.79739356785,1397.71368411467,1859.152,0.707392497651068,915.8777717038745
1683,881.892,0.708788931714837,0.309022421988428,1763.784,2020_kk_115_redo,Kusko,2020,0.707845127362422,0.30407384808752,0.00192765583105353,1208.79739356785,1397.71368411467,1859.152,0.707392497651068,915.8777717038745
1684,882.416,0.707544838608427,0.306401163969353,1764.832,2020_kk_115_redo,Kusko,2020,0.70800256714039,0.306135610052793,0.00206176196527269,1208.79739356785,1397.71368411467,1859.152,0.707392497651068,915.8777717038745
1685,882.94,0.708194576664316,0.305426065624356,1765.88,2020_kk_115_redo,Kusko,2020,0.707994369663585,0.308371298945341,0.00223568889254794,1208.79739356785,1397.71368411467,1859.152,0.707392497651068,915.8777717038745
1686,883.464,0.705371563561294,0.304965860150289,1766.928,2020_kk_115_redo,Kusko,2020,0.707981632067608,0.310664885876821,0.00229358693148002,1208.79739356785,1397.71368411467,1859.152,0.707392497651068,915.8777717038745
1687,883.988,0.708834723574779,0.306361520775293,1767.976,2020_kk_115_redo,Kusko,2020,0.707999880305672,0.313187122161074,0.0025222362842533,1208.79739356785,1397.71368411467,1859.152,0.707392497651068,915.8777717038745
1688,884.512,0.707718968957824,0.306559750442677,1769.024,2020_kk_115_redo,Kusko,2020,0.707994484230401,0.315778716458302,0.00259159429722744,1208.79739356785,1397.71368411467,1859.152,0.707392497651068,915.8777717038745
1689,885.036,0.706537359150019,0.302810649888164,1770.072,2020_kk_115_redo,Kusko,2020,0.708038447401616,0.318576257389415,0.0027975409311139,1208.79739356785,1397.71368411467,1859.152,0.707392497651068,915.8777717038745
1690,885.56,0.710583082963228,0.303734318985741,1771.12,2020_kk_115_redo,Kusko,2020,0.708097033164477,0.32163310627386,0.00305684888444496,1208.79739356785,1397.71368411467,1859.152,0.707392497651068,915.8777717038745
1691,886.084,0.703560404462966,0.301335744421352,1772.168,2020_kk_115_redo,Kusko,2020,0.708124313371239,0.324878969373841,0.00324586309998087,1208.79739356785,1397.71368411467,1859.152,0.707392497651068,915.8777717038745
1692,886.608,0.707055648187304,0.301973654843355,1773.216,2020_kk_115_redo,Kusko,2020,0.708190973495844,0.328288502583524,0.00340953320968246,1208.79739356785,1397.71368411467,1859.152,0.707392497651068,915.8777717038745
1693,887.132,0.705254019663175,0.307324280586355,1774.264,2020_kk_115_redo,Kusko,2020,0.708181347938994,0.331724587112636,0.00343608452911193,1208.79739356785,1397.71368411467,1859.152,0.707392497651068,915.8777717038745
1694,887.656,0.708805416866464,0.305721131252642,1775.312,2020_kk_115_redo,Kusko,2020,0.708146030236838,0.33529981636528,0.00357522925264392,1208.79739356785,1397.71368411467,1859.152,0.707392497651068,915.8777717038745
1695,888.18,0.707788477644494,0.312530476261611,1776.36,2020_kk_115_redo,Kusko,2020,0.708213502699386,0.33896015751176,0.0036603411464804,1208.79739356785,1397.71368411467,1859.152,0.707392497651068,915.8777717038745
1696,888.704,0.709686055428902,0.311109253842276,1777.408,2020_kk_115_redo,Kusko,2020,0.708231177311268,0.342752724491013,0.0037925669792529,1208.79739356785,1397.71368411467,1859.152,0.707392497651068,915.8777717038745
1697,889.228,0.705745055232712,0.311884656915679,1778.456,2020_kk_115_redo,Kusko,2020,0.708273029813694,0.346603791285274,0.00385106679426073,1208.79739356785,1397.71368411467,1859.152,0.707392497651068,915.8777717038745
1698,889.752,0.707840341375904,0.310760409010972,1779.504,2020_kk_115_redo,Kusko,2020,0.708314280240032,0.350592699999802,0.00398890871452862,1208.79739356785,1397.71368411467,1859.152,0.707392497651068,915.8777717038745
1699,890.276,0.708695674899258,0.312110022566636,1780.552,2020_kk_115_redo,Kusko,2020,0.70828079497913,0.354752929891804,0.00416022989200204,1208.79739356785,1397.71368411467,1859.152,0.707392497651068,915.8777717038745
1700,890.8,0.707497749313566,0.314596353431044,1781.6,2020_kk_115_redo,Kusko,2020,0.708288210695717,0.359076374926118,0.00432344503431387,1208.79739356785,1397.71368411467,1859.152,0.707392497651068,915.8777717038745
1701,891.324,0.705364449227814,0.316310652620632,1782.648,2020_kk_115_redo,Kusko,2020,0.708278158658465,0.363362448278465,0.00428607335234721,1208.79739356785,1397.71368411467,1859.152,0.707392497651068,915.8777717038745
1702,891.848,0.710056755339085,0.321024291050718,1783.696,2020_kk_115_redo,Kusko,2020,0.708350670598985,0.367936823533443,0.00457437525497728,1208.79739356785,1397.71368411467,1859.152,0.707392497651068,915.8777717038745
1703,892.372,0.706328228278053,0.322222609185865,1784.744,2020_kk_115_redo,Kusko,2020,0.708336920840013,0.372649866112023,0.00471304257858024,1208.79739356785,1397.71368411467,1859.152,0.707392497651068,915.8777717038745
1704,892.896,0.713294037814411,0.326854311572398,1785.792,2020_kk_115_redo,Kusko,2020,0.708383796993893,0.377417612222264,0.00476774611024106,1208.79739356785,1397.71368411467,1859.152,0.707392497651068,915.8777717038745
1705,893.42,0.707110700291765,0.336961545336561,1786.84,2020_kk_115_redo,Kusko,2020,0.708421889260908,0.382241207188272,0.0048235949660082,1208.79739356785,1397.71368411467,1859.152,0.707392497651068,915.8777717038745
1706,893.944,0.710507761411861,0.343436067911291,1787.888,2020_kk_115_redo,Kusko,2020,0.708429509835897,0.387199632609196,0.0049584254209239,1208.79739356785,1397.71368411467,1859.152,0.707392497651068,915.8777717038745
1707,894.468,0.711506100626718,0.351367938847595,1788.936,2020_kk_115_redo,Kusko,2020,0.70840539343971,0.392395421218228,0.00519578860903164,1208.79739356785,1397.71368411467,1859.152,0.707392497651068,915.8777717038745
1708,894.992,0.711248797365332,0.355428676212305,1789.984,2020_kk_115_redo,Kusko,2020,0.708449275148794,0.397776872697101,0.00538145147887303,1208.79739356785,1397.71368411467,1859.152,0.707392497651068,915.8777717038745
1709,895.516,0.709737799802185,0.363408845485361,1791.032,2020_kk_115_redo,Kusko,2020,0.708433171975507,0.403409840889245,0.00563296819214393,1208.79739356785,1397.71368411467,1859.152,0.707392497651068,915.8777717038745
1710,896.04,0.709939049236064,0.372882349862538,1792.08,2020_kk_115_redo,Kusko,2020,0.708497356772725,0.409187739820317,0.00577789893107272,1208.79739356785,1397.71368411467,1859.152,0.707392497651068,915.8777717038745
1711,896.564,0.709531430756532,0.379072237699632,1793.128,2020_kk_115_redo,Kusko,2020,0.708496040830383,0.415226109782382,0.0060383699620643,1208.79739356785,1397.71368411467,1859.152,0.707392497651068,915.8777717038745
1712,897.088,0.707059795373466,0.382659297294195,1794.176,2020_kk_115_redo,Kusko,2020,0.708470768089293,0.421387725094439,0.00616161531205733,1208.79739356785,1397.71368411467,1859.152,0.707392497651068,915.8777717038745
1713,897.612,0.706555154685667,0.390101804645016,1795.224,2020_kk_115_redo,Kusko,2020,0.708483671457908,0.427561656373985,0.00617393127954613,1208.79739356785,1397.71368411467,1859.152,0.707392497651068,915.8777717038745
1714,898.136,0.711257892269439,0.396585760039116,1796.272,2020_kk_115_redo,Kusko,2020,0.708510661602232,0.433930943800007,0.00636928742602166,1208.79739356785,1397.71368411467,1859.152,0.707392497651068,915.8777717038745
1715,898.66,0.707002215989672,0.412586439016685,1797.32,2020_kk_115_redo,Kusko,2020,0.708511778185257,0.440290475621586,0.00635953182157944,1208.79739356785,1397.71368411467,1859.152,0.707392497651068,915.8777717038745
1716,899.184,0.7085814929478,0.415058322680052,1798.368,2020_kk_115_redo,Kusko,2020,0.708556290216179,0.446852682809215,0.00656220718762895,1208.79739356785,1397.71368411467,1859.152,0.707392497651068,915.8777717038745
1717,899.708,0.711212067460328,0.422438577084967,1799.416,2020_kk_115_redo,Kusko,2020,0.708544316094062,0.453376667487753,0.00652398467853782,1208.79739356785,1397.71368411467,1859.152,0.707392497651068,915.8777717038745
1718,900.232,0.708631397082238,0.422347881696807,1800.464,2020_kk_115_redo,Kusko,2020,0.708571036660202,0.459965590931482,0.00658892344372852,1208.79739356785,1397.71368411467,1859.152,0.707392497651068,915.8777717038745
1719,900.756,0.708612430947064,0.433420302311745,1801.512,2020_kk_115_redo,Kusko,2020,0.708613139491947,0.46668200351091,0.00671641257942834,1208.79739356785,1397.71368411467,1859.152,0.707392497651068,915.8777717038745
1720,901.28,0.707936437581938,0.445906590433811,1802.56,2020_kk_115_redo,Kusko,2020,0.708551092461944,0.47344411377539,0.00676211026448037,1208.79739356785,1397.71368411467,1859.152,0.707392497651068,915.8777717038745
1721,901.804,0.708581130650175,0.456672889563317,1803.608,2020_kk_115_redo,Kusko,2020,0.708656731317886,0.48022727428533,0.00678316050993949,1208.79739356785,1397.71368411467,1859.152,0.707392497651068,915.8777717038745
1722,902.328,0.707588061412033,0.463973659468099,1804.656,2020_kk_115_redo,Kusko,2020,0.708682398080239,0.487191434482738,0.00696416019740836,1208.79739356785,1397.71368411467,1859.152,0.707392497651068,915.8777717038745
1723,902.852,0.707636489535992,0.470119718538684,1805.704,2020_kk_115_redo,Kusko,2020,0.70875803419467,0.494132365479915,0.00694093099717713,1208.79739356785,1397.71368411467,1859.152,0.707392497651068,915.8777717038745
1724,903.376,0.708677131518338,0.48051663990351,1806.752,2020_kk_115_redo,Kusko,2020,0.708751738053422,0.501287344463834,0.00715497898391926,1208.79739356785,1397.71368411467,1859.152,0.707392497651068,915.8777717038745
1725,903.9,0.709290474049345,0.49176234089363,1807.8,2020_kk_115_redo,Kusko,2020,0.708749496990425,0.508354090637826,0.00706674617399128,1208.79739356785,1397.71368411467,1859.152,0.707392497651068,915.8777717038745
1726,904.424,0.708050997829303,0.50230634067716,1808.848,2020_kk_115_redo,Kusko,2020,0.708756505429058,0.515403616199244,0.00704952556141858,1208.79739356785,1397.71368411467,1859.152,0.707392497651068,915.8777717038745
1727,904.948,0.708788182336396,0.507709707964626,1809.896,2020_kk_115_redo,Kusko,2020,0.708780929457899,0.522523104935196,0.00711948873595203,1208.79739356785,1397.71368411467,1859.152,0.707392497651068,915.8777717038745
1728,905.472,0.708706619167456,0.519455411388104,1810.944,2020_kk_115_redo,Kusko,2020,0.708764614681144,0.529417619184313,0.00689451424911658,1208.79739356785,1397.71368411467,1859.152,0.707392497651068,915.8777717038745
1729,905.996,0.707822553605148,0.531157827826286,1811.992,2020_kk_115_redo,Kusko,2020,0.708772814340539,0.536457922105518,0.00704030292120517,1208.79739356785,1397.71368411467,1859.152,0.707392497651068,915.8777717038745
1730,906.52,0.707961264581622,0.543032911411243,1813.04,2020_kk_115_redo,Kusko,2020,0.708781733677597,0.54336992206562,0.00691199996010172,1208.79739356785,1397.71368411467,1859.152,0.707392497651068,915.8777717038745
1731,907.044,0.70821396330195,0.543764104289953,1814.088,2020_kk_115_redo,Kusko,2020,0.708818401147992,0.550254322174873,0.00688440010925273,1208.79739356785,1397.71368411467,1859.152,0.707392497651068,915.8777717038745
1732,907.568,0.710120919841621,0.559580808648677,1815.136,2020_kk_115_redo,Kusko,2020,0.708798344013043,0.557139947810946,0.00688562563607376,1208.79739356785,1397.71368411467,1859.152,0.707392497651068,915.8777717038745
1733,908.092,0.710689573028972,0.570591614462241,1816.184,2020_kk_115_redo,Kusko,2020,0.708861430720852,0.563918905622441,0.00677895781149496,1208.79739356785,1397.71368411467,1859.152,0.707392497651068,915.8777717038745
1734,908.616,0.71013017518837,0.575869881166206,1817.232,2020_kk_115_redo,Kusko,2020,0.708803948587308,0.570595228691431,0.00667632306898946,1208.79739356785,1397.71368411467,1859.152,0.707392497651068,915.8777717038745
1735,909.14,0.709230540873396,0.581063903592715,1818.28,2020_kk_115_redo,Kusko,2020,0.708808554431984,0.577093460256025,0.00649823156459461,1208.79739356785,1397.71368411467,1859.152,0.707392497651068,915.8777717038745
1736,909.664,0.707035977293824,0.592439288758975,1819.328,2020_kk_115_redo,Kusko,2020,0.708754768727909,0.583412453444105,0.0063189931880796,1208.79739356785,1397.71368411467,1859.152,0.707392497651068,915.8777717038745
1737,910.188,0.708046986065606,0.606949879052196,1820.376,2020_kk_115_redo,Kusko,2020,0.708714366512239,0.58963437772525,0.00622192428114487,1208.79739356785,1397.71368411467,1859.152,0.707392497651068,915.8777717038745
1738,910.712,0.708803222849302,0.620480574742942,1821.424,2020_kk_115_redo,Kusko,2020,0.708667222767781,0.595653858635495,0.00601948091024496,1208.79739356785,1397.71368411467,1859.152,0.707392497651068,915.8777717038745
1739,911.236,0.708614300817557,0.63806667890826,1822.472,2020_kk_115_redo,Kusko,2020,0.708651152784094,0.601686833709261,0.00603297507376632,1208.79739356785,1397.71368411467,1859.152,0.707392497651068,915.8777717038745
1740,911.76,0.711199248934543,0.64718684001767,1823.52,2020_kk_115_redo,Kusko,2020,0.708629184472605,0.607582920327936,0.00589608661867458,1208.79739356785,1397.71368411467,1859.152,0.707392497651068,915.8777717038745
1741,912.284,0.708060734907454,0.664407624391088,1824.568,2020_kk_115_redo,Kusko,2020,0.708627610369289,0.613373665425871,0.00579074509793487,1208.79739356785,1397.71368411467,1859.152,0.707392497651068,915.8777717038745
1742,912.808,0.708020654812274,0.67145262405726,1825.616,2020_kk_115_redo,Kusko,2020,0.708670761900121,0.619125405202917,0.00575173977704679,1208.79739356785,1397.71368411467,1859.152,0.707392497651068,915.8777717038745
1743,913.332,0.709563133831716,0.679458298761195,1826.664,2020_kk_115_redo,Kusko,2020,0.708706193559293,0.62473253969293,0.00560713449001216,1208.79739356785,1397.71368411467,1859.152,0.707392497651068,915.8777717038745
1744,913.856,0.709164247267914,0.68855840953065,1827.712,2020_kk_115_redo,Kusko,2020,0.708685941250142,0.630178845393705,0.00544630570077531,1208.79739356785,1397.71368411467,1859.152,0.707392497651068,915.8777717038745
1745,914.38,0.708261571645805,0.686997974919122,1828.76,2020_kk_115_redo,Kusko,2020,0.708724454624414,0.63539245266502,0.00521360727131503,1208.79739356785,1397.71368411467,1859.152,0.707392497651068,915.8777717038745
1746,914.904,0.708042285416601,0.69869829140803,1829.808,2020_kk_115_redo,Kusko,2020,0.708720528567158,0.640555871825934,0.00516341916091367,1208.79739356785,1397.71368411467,1859.152,0.707392497651068,915.8777717038745
1747,915.428,0.708116276247782,0.697800601487562,1830.856,2020_kk_115_redo,Kusko,2020,0.708677613287441,0.645701208327086,0.00514533650115223,1208.79739356785,1397.71368411467,1859.152,0.707392497651068,915.8777717038745
1748,915.952,0.709322202926209,0.701895157066384,1831.904,2020_kk_115_redo,Kusko,2020,0.708676680557348,0.65072986110958,0.00502865278249387,1208.79739356785,1397.71368411467,1859.152,0.707392497651068,915.8777717038745
1749,916.476,0.709063529054696,0.705795404653865,1832.952,2020_kk_115_redo,Kusko,2020,0.708677342070791,0.65565052662193,0.00492066551235038,1208.79739356785,1397.71368411467,1859.152,0.707392497651068,915.8777717038745
1750,917,0.706860261163095,0.709460934854564,1834,2020_kk_115_redo,Kusko,2020,0.708700300380432,0.660247282500984,0.00459675587905428,1208.79739356785,1397.71368411467,1859.152,0.707392497651068,915.8777717038745
1751,917.524,0.709898735819452,0.708325375017723,1835.048,2020_kk_115_redo,Kusko,2020,0.708727324577378,0.664827948519034,0.00458066601805018,1208.79739356785,1397.71368411467,1859.152,0.707392497651068,915.8777717038745
1752,918.048,0.708595653928472,0.719823266687858,1836.096,2020_kk_115_redo,Kusko,2020,0.708784022298207,0.669401788070354,0.00457383955131929,1208.79739356785,1397.71368411467,1859.152,0.707392497651068,915.8777717038745
1753,918.572,0.70979218652907,0.723780140416983,1837.144,2020_kk_115_redo,Kusko,2020,0.708813888343595,0.673811682177579,0.00440989410722492,1208.79739356785,1397.71368411467,1859.152,0.707392497651068,915.8777717038745
1754,919.096,0.708427648391534,0.735019870287796,1838.192,2020_kk_115_redo,Kusko,2020,0.708783898093059,0.678067176825378,0.00425549464779917,1208.79739356785,1397.71368411467,1859.152,0.707392497651068,915.8777717038745
1755,919.62,0.707654013864734,0.736535246701089,1839.24,2020_kk_115_redo,Kusko,2020,0.708785361144079,0.682237508364102,0.0041703315387237,1208.79739356785,1397.71368411467,1859.152,0.707392497651068,915.8777717038745
1756,920.144,0.710106561746866,0.734080787527393,1840.288,2020_kk_115_redo,Kusko,2020,0.708780116739523,0.686206581772298,0.00396907340819652,1208.79739356785,1397.71368411467,1859.152,0.707392497651068,915.8777717038745
1757,920.668,0.70721049696316,0.739053981072797,1841.336,2020_kk_115_redo,Kusko,2020,0.70878227583511,0.690241974614309,0.00403539284201049,1208.79739356785,1397.71368411467,1859.152,0.707392497651068,915.8777717038745
1758,921.192,0.706861454770582,0.72443126395797,1842.384,2020_kk_115_redo,Kusko,2020,0.70880018380899,0.693953291167676,0.00371131655336776,1208.79739356785,1397.71368411467,1859.152,0.707392497651068,915.8777717038745
1759,921.716,0.709187654462987,0.734528197838946,1843.432,2020_kk_115_redo,Kusko,2020,0.708807373259685,0.697404169112984,0.00345087794530796,1208.79739356785,1397.71368411467,1859.152,0.707392497651068,915.8777717038745
1760,922.24,0.708032909537066,0.729316351037144,1844.48,2020_kk_115_redo,Kusko,2020,0.708838768097692,0.70072743251821,0.00332326340522537,1208.79739356785,1397.71368411467,1859.152,0.707392497651068,915.8777717038745
1761,922.764,0.707564497451478,0.729374659175802,1845.528,2020_kk_115_redo,Kusko,2020,0.708881422633102,0.704094498720051,0.00336706620184146,1208.79739356785,1397.71368411467,1859.152,0.707392497651068,915.8777717038745
1762,923.288,0.708853327242151,0.734161829215147,1846.576,2020_kk_115_redo,Kusko,2020,0.708866907203799,0.707209210472817,0.00311471175276612,1208.79739356785,1397.71368411467,1859.152,0.707392497651068,915.8777717038745
1763,923.812,0.710113430746612,0.728960077875552,1847.624,2020_kk_115_redo,Kusko,2020,0.708831731101008,0.710219186883148,0.00300997641033052,1208.79739356785,1397.71368411467,1859.152,0.707392497651068,915.8777717038745
1764,924.336,0.709845109801782,0.72743369571177,1848.672,2020_kk_115_redo,Kusko,2020,0.708812848608784,0.713095142815954,0.00287595593280643,1208.79739356785,1397.71368411467,1859.152,0.707392497651068,915.8777717038745
1765,924.86,0.70738705097228,0.726855439212243,1849.72,2020_kk_115_redo,Kusko,2020,0.708824969299764,0.715941001783588,0.00284585896763367,1208.79739356785,1397.71368411467,1859.152,0.707392497651068,915.8777717038745
1766,925.384,0.707280619167417,0.722575659196068,1850.768,2020_kk_115_redo,Kusko,2020,0.708853444988441,0.718476765919409,0.00253576413582113,1208.79739356785,1397.71368411467,1859.152,0.707392497651068,915.8777717038745
1767,925.908,0.709081967686499,0.724683395716286,1851.816,2020_kk_115_redo,Kusko,2020,0.708864964710345,0.720769877940902,0.00229311202149274,1208.79739356785,1397.71368411467,1859.152,0.707392497651068,915.8777717038745
1768,926.432,0.708420172697874,0.716597530827003,1852.864,2020_kk_115_redo,Kusko,2020,0.708880836424021,0.722909206538735,0.00213932859783317,1208.79739356785,1397.71368411467,1859.152,0.707392497651068,915.8777717038745
1769,926.956,0.708773600780961,0.725387349911347,1853.912,2020_kk_115_redo,Kusko,2020,0.708849174612622,0.724691307167354,0.00178210062861861,1208.79739356785,1397.71368411467,1859.152,0.707392497651068,915.8777717038745
1770,927.48,0.708620950546692,0.726647546983009,1854.96,2020_kk_115_redo,Kusko,2020,0.708824580282318,0.726281192517676,0.00158988535032201,1208.79739356785,1397.71368411467,1859.152,0.707392497651068,915.8777717038745
1771,928.004,0.709436984557573,0.726516943575726,1856.008,2020_kk_115_redo,Kusko,2020,0.708845795713745,0.727601473756766,0.00132028123909023,1208.79739356785,1397.71368411467,1859.152,0.707392497651068,915.8777717038745
1772,928.528,0.709648887223372,0.727763683917004,1857.056,2020_kk_115_redo,Kusko,2020,0.708860337726597,0.728903372604673,0.00130189884790743,1208.79739356785,1397.71368411467,1859.152,0.707392497651068,915.8777717038745
1773,929.052,0.708681054236006,0.72652987404574,1858.104,2020_kk_115_redo,Kusko,2020,0.70884932465522,0.730030634028792,0.00112726142411868,1208.79739356785,1397.71368411467,1859.152,0.707392497651068,915.8777717038745
1774,929.576,0.710042753720352,0.72336410208564,1859.152,2020_kk_115_redo,Kusko,2020,0.708833944054158,0.730989736954669,9.5910292587742e-4,1208.79739356785,1397.71368411467,1859.152,0.707392497651068,915.8777717038745
1775,930.1,0.709313018446037,0.725402875295588,1860.2,2020_kk_115_redo,Kusko,2020,0.70883549978279,0.731851468148807,8.6173119413746e-4,1208.79739356785,1397.71368411467,1859.152,0.707392497651068,915.8777717038745
1776,930.624,0.708345929512404,0.724863472334874,1861.248,2020_kk_115_redo,Kusko,2020,0.708852376292927,0.732602701547923,7.5123339911642e-4,1208.79739356785,1397.71368411467,1859.152,0.707392497651068,915.8777717038745
1777,931.148,0.708637150677349,0.7311587671541,1862.296,2020_kk_115_redo,Kusko,2020,0.708880067610576,0.7333941592543,7.9145770637634e-4,1208.79739356785,1397.71368411467,1859.152,0.707392497651068,915.8777717038745
1778,931.672,0.708575433276638,0.724067048646435,1863.344,2020_kk_115_redo,Kusko,2020,0.708877902478613,0.733957426294724,5.6326704042442e-4,1208.79739356785,1397.71368411467,1859.152,0.707392497651068,915.8777717038745
1779,932.196,0.708652121753644,0.728660233052771,1864.392,2020_kk_115_redo,Kusko,2020,0.708869499904477,0.734369192580289,4.1176628556483e-4,1208.79739356785,1397.71368411467,1859.152,0.707392497651068,915.8777717038745
1780,932.72,0.709313936160408,0.721711943177068,1865.44,2020_kk_115_redo,Kusko,2020,0.708920312548413,0.734697179434206,3.2798685391766e-4,1208.79739356785,1397.71368411467,1859.152,0.707392497651068,915.8777717038745
1781,933.244,0.710202582466905,0.731512850646326,1866.488,2020_kk_115_redo,Kusko,2020,0.708902782618696,0.735037707249977,3.405278157702e-4,1208.79739356785,1397.71368411467,1859.152,0.707392497651068,915.8777717038745
1782,933.768,0.710989924661771,0.738404032547251,1867.536,2020_kk_115_redo,Kusko,2020,0.708893916883544,0.735131563269501,9.38560195239413e-5,1208.79739356785,1397.71368411467,1859.152,0.707392497651068,915.8777717038745
1783,934.292,0.7094284522593,0.734713364972183,1868.584,2020_kk_115_redo,Kusko,2020,0.708899692940049,0.735196839416506,6.52761470054664e-5,1208.79739356785,1397.71368411467,1859.152,0.707392497651068,915.8777717038745
1784,934.816,0.706877716486178,0.735846318771463,1869.632,2020_kk_115_redo,Kusko,2020,0.708919298054481,0.735123549449273,-7.32899672325482e-5,1208.79739356785,1397.71368411467,1859.152,0.707392497651068,915.8777717038745
1785,935.34,0.709378257110538,0.741982233217048,1870.68,2020_kk_115_redo,Kusko,2020,0.708979939217853,0.73494479255563006,-1.7875689364377e-4,1208.79739356785,1397.71368411467,1859.152,0.707392497651068,915.8777717038745
1786,935.864,0.707736333555936,0.740450745168948,1871.728,2020_kk_115_redo,Kusko,2020,0.708946258941192,0.734722521411746,-2.2227114388384e-4,1208.79739356785,1397.71368411467,1859.152,0.707392497651068,915.8777717038745
1787,936.388,0.708917728071643,0.749833278485261,1872.776,2020_kk_115_redo,Kusko,2020,0.708987368263546,0.734376704160549,-3.4581725119653e-4,1208.79739356785,1397.71368411467,1859.152,0.707392497651068,915.8777717038745
1788,936.912,0.709781097600257,0.742134404590164,1873.824,2020_kk_115_redo,Kusko,2020,0.709001187001589,0.734190736533403,-1.8596762714584e-4,1208.79739356785,1397.71368411467,1859.152,0.707392497651068,915.8777717038745
1789,937.436,0.70825392064686,0.738210504544771,1874.872,2020_kk_115_redo,Kusko,2020,0.709000145475426,0.733905516827673,-2.8521970573003e-4,1208.79739356785,1397.71368411467,1859.152,0.707392497651068,915.8777717038745
1790,937.96,0.709844954862,0.742428715724762,1875.92,2020_kk_115_redo,Kusko,2020,0.709029336652348,0.733605319657019,-3.0019717065465e-4,1208.79739356785,1397.71368411467,1859.152,0.707392497651068,915.8777717038745
1791,938.484,0.71077323542657,0.745788076400442,1876.968,2020_kk_115_redo,Kusko,2020,0.709067564409124,0.733323767453548,-2.8155220347125e-4,1208.79739356785,1397.71368411467,1859.152,0.707392497651068,915.8777717038745
1792,939.008,0.709249994083399,0.746463513814645,1878.016,2020_kk_115_redo,Kusko,2020,0.709083307793688,0.732901105362256,-4.2266209129193e-4,1208.79739356785,1397.71368411467,1859.152,0.707392497651068,915.8777717038745
1793,939.532,0.70857900686156,0.751190199082068,1879.064,2020_kk_115_redo,Kusko,2020,0.709070329256275,0.732382484853202,-5.1862050905404e-4,1208.79739356785,1397.71368411467,1859.152,0.707392497651068,915.8777717038745
1794,940.056,0.708997225654916,0.748427237134593,1880.112,2020_kk_115_redo,Kusko,2020,0.7090519384087,0.731862478659641,-5.2000619356096e-4,1208.79739356785,1397.71368411467,1859.152,0.707392497651068,915.8777717038745
1795,940.58,0.709957782332164,0.751815441650733,1881.16,2020_kk_115_redo,Kusko,2020,0.709070830254841,0.73141184260942,-4.506360502211e-4,1208.79739356785,1397.71368411467,1859.152,0.707392497651068,915.8777717038745
1796,941.104,0.70874451861448,0.744585136908243,1882.208,2020_kk_115_redo,Kusko,2020,0.709128891961329,0.730884926537647,-5.2691607177246e-4,1208.79739356785,1397.71368411467,1859.152,0.707392497651068,915.8777717038745
1797,941.628,0.708738169379857,0.744536600341761,1883.256,2020_kk_115_redo,Kusko,2020,0.709126831440166,0.730238017617485,-6.4690892016239e-4,1208.79739356785,1397.71368411467,1859.152,0.707392497651068,915.8777717038745
1798,942.152,0.709755525669834,0.748840290612934,1884.304,2020_kk_115_redo,Kusko,2020,0.709138289285834,0.729748889921605,-4.8912769587916e-4,1208.79739356785,1397.71368411467,1859.152,0.707392497651068,915.8777717038745
1799,942.676,0.706714592133638,0.744992716625378,1885.352,2020_kk_115_redo,Kusko,2020,0.709126578359548,0.729126125263175,-6.2276465843047e-4,1208.79739356785,1397.71368411467,1859.152,0.707392497651068,915.8777717038745
1800,943.2,0.709723589116327,0.742579961036987,1886.4,2020_kk_115_redo,Kusko,2020,0.709122828871026,0.728386839634898,-7.3928562827707e-4,1208.79739356785,1397.71368411467,1859.152,0.707392497651068,915.8777717038745
1801,943.724,0.709333660793054,0.743624498736498,1887.448,2020_kk_115_redo,Kusko,2020,0.709100259463866,0.727542572171758,-8.4426746314014e-4,1208.79739356785,1397.71368411467,1859.152,0.707392497651068,915.8777717038745
1802,944.248,0.7088931755834,0.749566554931707,1888.496,2020_kk_115_redo,Kusko,2020,0.70907020055024494,0.726537809317325,-0.00100476285443296,1208.79739356785,1397.71368411467,1859.152,0.707392497651068,915.8777717038745
1803,944.772,0.708902349549077,0.747093984208316,1889.544,2020_kk_115_redo,Kusko,2020,0.709086064199886,0.725781218396838,-7.5659092048696e-4,1208.79739356785,1397.71368411467,1859.152,0.707392497651068,915.8777717038745
1804,945.296,0.708241411204187,0.746104585083292,1890.592,2020_kk_115_redo,Kusko,2020,0.709068736968142,0.724971247949466,-8.0997044737207e-4,1208.79739356785,1397.71368411467,1859.152,0.707392497651068,915.8777717038745
1805,945.82,0.708354915363702,0.738701846567366,1891.64,2020_kk_115_redo,Kusko,2020,0.70909291313595,0.723893176121727,-0.00107807182773845,1208.79739356785,1397.71368411467,1859.152,0.707392497651068,915.8777717038745
1806,946.344,0.709054876024851,0.743772295355018,1892.688,2020_kk_115_redo,Kusko,2020,0.709098457385758,0.722958499937962,-9.3467618376519e-4,1208.79739356785,1397.71368411467,1859.152,0.707392497651068,915.8777717038745
1807,946.868,0.709777755306746,0.745288063870144,1893.736,2020_kk_115_redo,Kusko,2020,0.709086668136369,0.721807417078371,-0.00115108285959065,1208.79739356785,1397.71368411467,1859.152,0.707392497651068,915.8777717038745
1808,947.392,0.709192295008392,0.735691179491847,1894.784,2020_kk_115_redo,Kusko,2020,0.709081659294551,0.720839823111734,-9.6759396663759e-4,1208.79739356785,1397.71368411467,1859.152,0.707392497651068,915.8777717038745
1809,947.916,0.708559374606576,0.73050138178776,1895.832,2020_kk_115_redo,Kusko,2020,0.709092227342721,0.719683821175758,-0.00115600193597576,1208.79739356785,1397.71368411467,1859.152,0.707392497651068,915.8777717038745
1810,948.44,0.709909019799265,0.729140146089618,1896.88,2020_kk_115_redo,Kusko,2020,0.709087912798289,0.718683937276039,-9.9988389971916e-4,1208.79739356785,1397.71368411467,1859.152,0.707392497651068,915.8777717038745
1811,948.964,0.708846940036382,0.728757043963941,1897.928,2020_kk_115_redo,Kusko,2020,0.709072856038176,0.717522387736206,-0.00116154953983294,1208.79739356785,1397.71368411467,1859.152,0.707392497651068,915.8777717038745
1812,949.488,0.708063709819345,0.725454627859288,1898.976,2020_kk_115_redo,Kusko,2020,0.709041049289332,0.716203042984774,-0.00131934475143181,1208.79739356785,1397.71368411467,1859.152,0.707392497651068,915.8777717038745
1813,950.012,0.710138749919407,0.727696709237309,1900.024,2020_kk_115_redo,Kusko,2020,0.709032197691951,0.715020007257299,-0.00118303572747513,1208.79739356785,1397.71368411467,1859.152,0.707392497651068,915.8777717038745
1814,950.536,0.709603955257464,0.730622472253848,1901.072,2020_kk_115_redo,Kusko,2020,0.709058569773977,0.713717156381942,-0.00130285087535731,1208.79739356785,1397.71368411467,1859.152,0.707392497651068,915.8777717038745
1815,951.06,0.711292483667012,0.725809833082458,1902.12,2020_kk_115_redo,Kusko,2020,0.709034526940127,0.712273795036033,-0.00144336134590828,1208.79739356785,1397.71368411467,1859.152,0.707392497651068,915.8777717038745
1816,951.584,0.708085745147203,0.720744518894368,1903.168,2020_kk_115_redo,Kusko,2020,0.709057277174295,0.710756322384182,-0.00151747265185154,1208.79739356785,1397.71368411467,1859.152,0.707392497651068,915.8777717038745
1817,952.108,0.709677056304403,0.718304946001001,1904.216,2020_kk_115_redo,Kusko,2020,0.709063755775192,0.709291099548087,-0.00146522283609485,1208.79739356785,1397.71368411467,1859.152,0.707392497651068,915.8777717038745
1818,952.632,0.707690579053169,0.713273206329221,1905.264,2020_kk_115_redo,Kusko,2020,0.709059754614273,0.707936852771138,-0.00135424677694873,1208.79739356785,1397.71368411467,1859.152,0.707392497651068,915.8777717038745
1819,953.156,0.709125162893217,0.71741501549514,1906.312,2020_kk_115_redo,Kusko,2020,0.709089119309386,0.706695578783513,-0.00124127398762552,1208.79739356785,1397.71368411467,1859.152,0.707392497651068,915.8777717038745
1820,953.68,0.709784380152366,0.711304520797867,1907.36,2020_kk_115_redo,Kusko,2020,0.709094436994075,0.705359167393818,-0.00133641138969509,1208.79739356785,1397.71368411467,1859.152,0.707392497651068,915.8777717038745
1821,954.204,0.70985816285805,0.71248152696752,1908.408,2020_kk_115_redo,Kusko,2020,0.709085926323254,0.703832565821695,-0.00152660157212325,1208.79739356785,1397.71368411467,1859.152,0.707392497651068,915.8777717038745
1822,954.728,0.709797930315997,0.70880210373763,1909.456,2020_kk_115_redo,Kusko,2020,0.709086845912011,0.702251392231678,-0.0015811735900163,1208.79739356785,1397.71368411467,1859.152,0.707392497651068,915.8777717038745
1823,955.252,0.709334718501806,0.697842847332304,1910.504,2020_kk_115_redo,Kusko,2020,0.709078023219217,0.70066942836316,-0.0015819638685185,1208.79739356785,1397.71368411467,1859.152,0.707392497651068,915.8777717038745
1824,955.776,0.708741658947293,0.696233324098114,1911.552,2020_kk_115_redo,Kusko,2020,0.709071684476788,0.69915811882053,-0.00151130954263001,1208.79739356785,1397.71368411467,1859.152,0.707392497651068,915.8777717038745
1825,956.3,0.708520561740767,0.69981727619898,1912.6,2020_kk_115_redo,Kusko,2020,0.709029887558232,0.69750311324236,-0.00165500557816922,1208.79739356785,1397.71368411467,1859.152,0.707392497651068,915.8777717038745
1826,956.824,0.710764321556674,0.690960694889726,1913.648,2020_kk_115_redo,Kusko,2020,0.709038143313917,0.695968749105499,-0.00153436413686114,1208.79739356785,1397.71368411467,1859.152,0.707392497651068,915.8777717038745
1827,957.348,0.708958336416727,0.685868860506538,1914.696,2020_kk_115_redo,Kusko,2020,0.708996714428335,0.694625068693178,-0.00134368041232136,1208.79739356785,1397.71368411467,1859.152,0.707392497651068,915.8777717038745
1828,957.872,0.709107643437978,0.687249869074253,1915.744,2020_kk_115_redo,Kusko,2020,0.708983587038531,0.693187111657045,-0.00143795703613336,1208.79739356785,1397.71368411467,1859.152,0.707392497651068,915.8777717038745
1829,958.396,0.708070945203747,0.688021470405519,1916.792,2020_kk_115_redo,Kusko,2020,0.708977513613765,0.691878918358117,-0.00130819329892806,1208.79739356785,1397.71368411467,1859.152,0.707392497651068,915.8777717038745
1830,958.92,0.708395981235387,0.682290409286387,1917.84,2020_kk_115_redo,Kusko,2020,0.708984930619025,0.690546478857531,-0.0013324395005857,1208.79739356785,1397.71368411467,1859.152,0.707392497651068,915.8777717038745
1831,959.444,0.708082820127983,0.675860895787311,1918.888,2020_kk_115_redo,Kusko,2020,0.708981284122279,0.689116359568196,-0.00143011928933479,1208.79739356785,1397.71368411467,1859.152,0.707392497651068,915.8777717038745
1832,959.968,0.707845352406131,0.667477912651029,1919.936,2020_kk_115_redo,Kusko,2020,0.709026915972503,0.687624317341783,-0.00149204222641264,1208.79739356785,1397.71368411467,1859.152,0.707392497651068,915.8777717038745
1833,960.492,0.70963287321443,0.681134418816522,1920.984,2020_kk_115_redo,Kusko,2020,0.709036029463225,0.686185116436549,-0.0014392009052343099,1208.79739356785,1397.71368411467,1859.152,0.707392497651068,915.8777717038745
1834,961.016,0.70900311981573,0.674765875243318,1922.032,2020_kk_115_redo,Kusko,2020,0.709054326247837,0.684825023299415,-0.00136009313713392,1208.79739356785,1397.71368411467,1859.152,0.707392497651068,915.8777717038745
1835,961.54,0.710763588514543,0.66071856563128,1923.08,2020_kk_115_redo,Kusko,2020,0.709043336786083,0.683488718073207,-0.0013363052262080901,1208.79739356785,1397.71368411467,1859.152,0.707392497651068,915.8777717038745
1836,962.064,0.708678584500858,0.668782901308963,1924.128,2020_kk_115_redo,Kusko,2020,0.709063903706272,0.682099348698058,-0.00138936937514911,1208.79739356785,1397.71368411467,1859.152,0.707392497651068,915.8777717038745
1837,962.588,0.707929795713994,0.662093795578657,1925.176,2020_kk_115_redo,Kusko,2020,0.709058087149267,0.680804669985942,-0.00129467871211597,1208.79739356785,1397.71368411467,1859.152,0.707392497651068,915.8777717038745
1838,963.112,0.708274902767572,0.666011410648181,1926.224,2020_kk_115_redo,Kusko,2020,0.709059453573876,0.679570847027315,-0.00123382295862717,1208.79739356785,1397.71368411467,1859.152,0.707392497651068,915.8777717038745
1839,963.636,0.709286204643869,0.659300116894223,1927.272,2020_kk_115_redo,Kusko,2020,0.709028553089516,0.678443269475322,-0.001127577551993,1208.79739356785,1397.71368411467,1859.152,0.707392497651068,915.8777717038745
1840,964.16,0.709055063494441,0.661718909193922,1928.32,2020_kk_115_redo,Kusko,2020,0.709029190642838,0.677370259600433,-0.0010730098748889,1208.79739356785,1397.71368411467,1859.152,0.707392497651068,915.8777717038745
1841,964.684,0.709299176860132,0.661819878256345,1929.368,2020_kk_115_redo,Kusko,2020,0.709024202169956,0.676424193860605,-9.4606573982769e-4,1208.79739356785,1397.71368411467,1859.152,0.707392497651068,915.8777717038745
1842,965.208,0.709081519731169,0.659243347461343,1930.416,2020_kk_115_redo,Kusko,2020,0.709060572405252,0.675405642550686,-0.00101855130991968,1208.79739356785,1397.71368411467,1859.152,0.707392497651068,915.8777717038745
1843,965.732,0.7088973564164,0.663731221323678,1931.464,2020_kk_115_redo,Kusko,2020,0.709060151488471,0.674327009618799,-0.00107863293188615,1208.79739356785,1397.71368411467,1859.152,0.707392497651068,915.8777717038745
1844,966.256,0.708460041407771,0.657675266250028,1932.512,2020_kk_115_redo,Kusko,2020,0.709060416292066,0.673267070404401,-0.00105993921439851,1208.79739356785,1397.71368411467,1859.152,0.707392497651068,915.8777717038745
1845,966.78,0.707935687079521,0.655380552462553,1933.56,2020_kk_115_redo,Kusko,2020,0.709005993590981,0.672273585850734,-9.9348455366732e-4,1208.79739356785,1397.71368411467,1859.152,0.707392497651068,915.8777717038745
1846,967.304,0.709101347605996,0.649402386057856,1934.608,2020_kk_115_redo,Kusko,2020,0.709039650277978,0.671250390343985,-0.00102319550674823,1208.79739356785,1397.71368411467,1859.152,0.707392497651068,915.8777717038745
1847,967.828,0.709306444125495,0.661919908319569,1935.656,2020_kk_115_redo,Kusko,2020,0.70905033395654,0.670242400117724,-0.00100799022626175,1208.79739356785,1397.71368411467,1859.152,0.707392497651068,915.8777717038745
1848,968.352,0.70954102794512,0.660879597973236,1936.704,2020_kk_115_redo,Kusko,2020,0.709076593851877,0.669372947072419,-8.6945304530439e-4,1208.79739356785,1397.71368411467,1859.152,0.707392497651068,915.8777717038745
1849,968.876,0.710015802353647,0.663734065287242,1937.752,2020_kk_115_redo,Kusko,2020,0.709083751359751,0.668440798124516,-9.3214894790305e-4,1208.79739356785,1397.71368411467,1859.152,0.707392497651068,915.8777717038745
1850,969.4,0.710164015943324,0.662244032343061,1938.8,2020_kk_115_redo,Kusko,2020,0.709086645937462,0.667757834968516,-6.8296315600047e-4,1208.79739356785,1397.71368411467,1859.152,0.707392497651068,915.8777717038745
1851,969.924,0.710262595177335,0.654191982073051,1939.848,2020_kk_115_redo,Kusko,2020,0.70906109626648,0.666791597471376,-9.6623749713986e-4,1208.79739356785,1397.71368411467,1859.152,0.707392497651068,915.8777717038745
1852,970.448,0.709305169408792,0.651593098413662,1940.896,2020_kk_115_redo,Kusko,2020,0.709069258521792,0.665884695908743,-9.0690156263273e-4,1208.79739356785,1397.71368411467,1859.152,0.707392497651068,915.8777717038745
1853,970.972,0.708049645293934,0.656272366970958,1941.944,2020_kk_115_redo,Kusko,2020,0.709068811076272,0.665220670739176,-6.6402516956665e-4,1208.79739356785,1397.71368411467,1859.152,0.707392497651068,915.8777717038745
1854,971.496,0.708616901109185,0.657748664576796,1942.992,2020_kk_115_redo,Kusko,2020,0.709087222729404,0.664600534057483,-6.2013668169369e-4,1208.79739356785,1397.71368411467,1859.152,0.707392497651068,915.8777717038745
1855,972.02,0.707449967218803,0.652515106960576,1944.04,2020_kk_115_redo,Kusko,2020,0.709085046482522,0.664044268748764,-5.5626530871866e-4,1208.79739356785,1397.71368411467,1859.152,0.707392497651068,915.8777717038745
1856,972.544,0.709239863955564,0.65252328869657,1945.088,2020_kk_115_redo,Kusko,2020,0.709063335235698,0.663601385611632,-4.4288313713258e-4,1208.79739356785,1397.71368411467,1859.152,0.707392497651068,915.8777717038745
1857,973.068,0.706252436244915,0.663915775602487,1946.136,2020_kk_115_redo,Kusko,2020,0.709076217327522,0.663316033651391,-2.8535196024037e-4,1208.79739356785,1397.71368411467,1859.152,0.707392497651068,915.8777717038745
1858,973.592,0.708967882281635,0.662562868444934,1947.184,2020_kk_115_redo,Kusko,2020,0.709079325523606,0.6631937316195,-1.2230203189111e-4,1208.79739356785,1397.71368411467,1859.152,0.707392497651068,915.8777717038745
1859,974.116,0.70635018664765,0.666501118689697,1948.232,2020_kk_115_redo,Kusko,2020,0.709093078578391,0.663146039555702,-4.7692063797844e-5,1208.79739356785,1397.71368411467,1859.152,0.707392497651068,915.8777717038745
1860,974.64,0.710168609431911,0.662633591001842,1949.28,2020_kk_115_redo,Kusko,2020,0.709077776022318,0.66317094906382,2.4909508117843e-5,1208.79739356785,1397.71368411467,1859.152,0.707392497651068,915.8777717038745
1861,975.164,0.709114870988326,0.657817341376412,1950.328,2020_kk_115_redo,Kusko,2020,0.709096677542909,0.66334869881502,1.7774975120044e-4,1208.79739356785,1397.71368411467,1859.152,0.707392497651068,915.8777717038745
1862,975.688,0.71163108659684,0.66004402134695,1951.376,2020_kk_115_redo,Kusko,2020,0.709114007272491,0.663650389037311,3.0169022229054e-4,1208.79739356785,1397.71368411467,1859.152,0.707392497651068,915.8777717038745
1863,976.212,0.709449158992384,0.660741929894252,1952.424,2020_kk_115_redo,Kusko,2020,0.709127252956612,0.663714504461539,6.41154242277953e-5,1208.79739356785,1397.71368411467,1859.152,0.707392497651068,915.8777717038745
1864,976.736,0.709339218280908,0.664498996855254,1953.472,2020_kk_115_redo,Kusko,2020,0.709108946781514,0.663827233222359,1.1272876081991e-4,1208.79739356785,1397.71368411467,1859.152,0.707392497651068,915.8777717038745
1865,977.26,0.707695547658481,0.658523532994884,1954.52,2020_kk_115_redo,Kusko,2020,0.709064392785582,0.664186610175878,3.5937695351973e-4,1208.79739356785,1397.71368411467,1859.152,0.707392497651068,915.8777717038745
1866,977.784,0.710288891236189,0.660410132846068,1955.568,2020_kk_115_redo,Kusko,2020,0.709049575540277,0.664450043238582,2.6343306270348e-4,1208.79739356785,1397.71368411467,1859.152,0.707392497651068,915.8777717038745
1867,978.308,0.70942876188644,0.667607341143182,1956.616,2020_kk_115_redo,Kusko,2020,0.709091300136937,0.664943487184052,4.9344394547012e-4,1208.79739356785,1397.71368411467,1859.152,0.707392497651068,915.8777717038745
1868,978.832,0.70927428048493,0.661661801974222,1957.664,2020_kk_115_redo,Kusko,2020,0.709067979888964,0.665200470289397,2.5698310534483e-4,1208.79739356785,1397.71368411467,1859.152,0.707392497651068,915.8777717038745
1869,979.356,0.706705345544928,0.662846728668181,1958.712,2020_kk_115_redo,Kusko,2020,0.709056761838029,0.6656813946667,4.8092437730362e-4,1208.79739356785,1397.71368411467,1859.152,0.707392497651068,915.8777717038745
1870,979.88,0.709947272998632,0.664759553596284,1959.76,2020_kk_115_redo,Kusko,2020,0.709054766834798,0.666018526960151,3.3713229345055e-4,1208.79739356785,1397.71368411467,1859.152,0.707392497651068,915.8777717038745
1871,980.404,0.708547631663475,0.671993099574281,1960.808,2020_kk_115_redo,Kusko,2020,0.709052507029948,0.666209454916094,1.9092795594277e-4,1208.79739356785,1397.71368411467,1859.152,0.707392497651068,915.8777717038745
1872,980.928,0.7102459239371,0.664341549264104,1961.856,2020_kk_115_redo,Kusko,2020,0.709055380854184,0.666637609769922,4.2815485382852e-4,1208.79739356785,1397.71368411467,1859.152,0.707392497651068,915.8777717038745
1873,981.452,0.710113494912557,0.662978733324139,1962.904,2020_kk_115_redo,Kusko,2020,0.70903144485556,0.666924696388685,2.8708661876308e-4,1208.79739356785,1397.71368411467,1859.152,0.707392497651068,915.8777717038745
1874,981.976,0.709619843473157,0.66702611938994,1963.952,2020_kk_115_redo,Kusko,2020,0.70908485240435,0.667387359616407,4.6266322772126e-4,1208.79739356785,1397.71368411467,1859.152,0.707392497651068,915.8777717038745
1875,982.5,0.708027121601893,0.666200759862421,1965,2020_kk_115_redo,Kusko,2020,0.709108377800189,0.667804016819161,4.1665720275407e-4,1208.79739356785,1397.71368411467,1859.152,0.707392497651068,915.8777717038745
1876,983.024,0.71010514636700806,0.659352788489472,1966.048,2020_kk_115_redo,Kusko,2020,0.709124315455805,0.668360302085712,5.5628526655082e-4,1208.79739356785,1397.71368411467,1859.152,0.707392497651068,915.8777717038745
1877,983.548,0.710318077018144,0.657825532425295,1967.096,2020_kk_115_redo,Kusko,2020,0.709118615406331,0.668657240288135,2.9693820242371e-4,1208.79739356785,1397.71368411467,1859.152,0.707392497651068,915.8777717038745
1878,984.072,0.709266172773379,0.661106023610954,1968.144,2020_kk_115_redo,Kusko,2020,0.70910591511476,0.668874680615911,2.1744032777593e-4,1208.79739356785,1397.71368411467,1859.152,0.707392497651068,915.8777717038745
1879,984.596,0.709554613365666,0.661486078620958,1969.192,2020_kk_115_redo,Kusko,2020,0.709095140983324,0.669040509539088,1.6582892317673e-4,1208.79739356785,1397.71368411467,1859.152,0.707392497651068,915.8777717038745
1880,985.12,0.709958054815029,0.670326731437841,1970.24,2020_kk_115_redo,Kusko,2020,0.7090879949226,0.669398261940426,3.577524013375e-4,1208.79739356785,1397.71368411467,1859.152,0.707392497651068,915.8777717038745
1881,985.644,0.708325182599113,0.654507277139128,1971.288,2020_kk_115_redo,Kusko,2020,0.709058574010372,0.669801247169947,4.0298522952131e-4,1208.79739356785,1397.71368411467,1859.152,0.707392497651068,915.8777717038745
1882,986.168,0.710287665634758,0.654388009979668,1972.336,2020_kk_115_redo,Kusko,2020,0.709074186095696,0.670219884432098,4.1863726215141e-4,1208.79739356785,1397.71368411467,1859.152,0.707392497651068,915.8777717038745
1883,986.692,0.709307871770556,0.658001337158305,1973.384,2020_kk_115_redo,Kusko,2020,0.709083575494273,0.670606035790248,3.8615135814967e-4,1208.79739356785,1397.71368411467,1859.152,0.707392497651068,915.8777717038745
1884,987.216,0.709846358135217,0.65902512319649,1974.432,2020_kk_115_redo,Kusko,2020,0.709063118093118,0.670781711130187,1.7567533993934e-4,1208.79739356785,1397.71368411467,1859.152,0.707392497651068,915.8777717038745
1885,987.74,0.708389986927858,0.666441357675863,1975.48,2020_kk_115_redo,Kusko,2020,0.709093694255168,0.671074613619058,2.9290248887103e-4,1208.79739356785,1397.71368411467,1859.152,0.707392497651068,915.8777717038745
1886,988.264,0.709461646747216,0.664387706661774,1976.528,2020_kk_115_redo,Kusko,2020,0.70909107324033,0.671580379764983,5.0576614592456e-4,1208.79739356785,1397.71368411467,1859.152,0.707392497651068,915.8777717038745
1887,988.788,0.709731261926166,0.668747742892112,1977.576,2020_kk_115_redo,Kusko,2020,0.709158926893143,0.671724753534806,1.443737698229e-4,1208.79739356785,1397.71368411467,1859.152,0.707392497651068,915.8777717038745
1888,989.312,0.709294135203041,0.679911747160784,1978.624,2020_kk_115_redo,Kusko,2020,0.709168953996603,0.671887134999635,1.6238146482927e-4,1208.79739356785,1397.71368411467,1859.152,0.707392497651068,915.8777717038745
1889,989.836,0.708896128490849,0.685159946577655,1979.672,2020_kk_115_redo,Kusko,2020,0.709238122058969,0.671996672708303,1.0953770866795e-4,1208.79739356785,1397.71368411467,1859.152,0.707392497651068,915.8777717038745
1890,990.36,0.707477827871027,0.683784979773453,1980.72,2020_kk_115_redo,Kusko,2020,0.709218496360645,0.672207424143846,2.1075143554305e-4,1208.79739356785,1397.71368411467,1859.152,0.707392497651068,915.8777717038745
1891,990.884,0.709216911363415,0.686525880859338,1981.768,2020_kk_115_redo,Kusko,2020,0.709197079209363,0.6726928169002,4.8539275635384e-4,1208.79739356785,1397.71368411467,1859.152,0.707392497651068,915.8777717038745
1892,991.408,0.708885136181046,0.685579325988465,1982.816,2020_kk_115_redo,Kusko,2020,0.709155562824121,0.673008494275231,3.1567737503113e-4,1208.79739356785,1397.71368411467,1859.152,0.707392497651068,915.8777717038745
1893,991.932,0.710427614261687,0.684981344270196,1983.864,2020_kk_115_redo,Kusko,2020,0.709136780196808,0.673329099097644,3.2060482241291e-4,1208.79739356785,1397.71368411467,1859.152,0.707392497651068,915.8777717038745
1894,992.456,0.707904749309864,0.681529600892511,1984.912,2020_kk_115_redo,Kusko,2020,0.709104176854054,0.673657216561441,3.281174637969e-4,1208.79739356785,1397.71368411467,1859.152,0.707392497651068,915.8777717038745
1895,992.98,0.708090348758604,0.682281182842463,1985.96,2020_kk_115_redo,Kusko,2020,0.709149454471918,0.674058830613108,4.0161405166716e-4,1208.79739356785,1397.71368411467,1859.152,0.707392497651068,915.8777717038745
1896,993.504,0.707789549782575,0.684588885071178,1987.008,2020_kk_115_redo,Kusko,2020,0.709154148293404,0.674288925868985,2.3009525587713e-4,1208.79739356785,1397.71368411467,1859.152,0.707392497651068,915.8777717038745
1897,994.028,0.710433271513584,0.69170043230686,1988.056,2020_kk_115_redo,Kusko,2020,0.709142253864478,0.674482860081464,1.9393421247837e-4,1208.79739356785,1397.71368411467,1859.152,0.707392497651068,915.8777717038745
1898,994.552,0.706875687889185,0.681430396968867,1989.104,2020_kk_115_redo,Kusko,2020,0.709134997077024,0.674522844143695,3.99840622314906e-5,1208.79739356785,1397.71368411467,1859.152,0.707392497651068,915.8777717038745
1899,995.076,0.708613121587768,0.688155579532445,1990.152,2020_kk_115_redo,Kusko,2020,0.709181780739355,0.674486369707202,-3.64744364925729e-5,1208.79739356785,1397.71368411467,1859.152,0.707392497651068,915.8777717038745
1900,995.6,0.708935363300594,0.681946846800956,1991.2,2020_kk_115_redo,Kusko,2020,0.709166220827771,0.674407435638475,-7.89340687271656e-5,1208.79739356785,1397.71368411467,1859.152,0.707392497651068,915.8777717038745
1901,996.124,0.70916358856914,0.673275555612914,1992.248,2020_kk_115_redo,Kusko,2020,0.709177426683472,0.674281896308872,-1.2553932960301e-4,1208.79739356785,1397.71368411467,1859.152,0.707392497651068,915.8777717038745
1902,996.648,0.709253949185331,0.684932638691056,1993.296,2020_kk_115_redo,Kusko,2020,0.709143503531118,0.674191681098685,-9.0215210187039e-5,1208.79739356785,1397.71368411467,1859.152,0.707392497651068,915.8777717038745
1903,997.172,0.707461196498947,0.680956418449466,1994.344,2020_kk_115_redo,Kusko,2020,0.709137865667462,0.674139371859678,-5.23092390072311e-5,1208.79739356785,1397.71368411467,1859.152,0.707392497651068,915.8777717038745
1904,997.696,0.711664494335194,0.685435059913301,1995.392,2020_kk_115_redo,Kusko,2020,0.709131154225189,0.673940592646655,-1.9877921302258e-4,1208.79739356785,1397.71368411467,1859.152,0.707392497651068,915.8777717038745
1905,998.22,0.709347210829834,0.680379984627801,1996.44,2020_kk_115_redo,Kusko,2020,0.709161551348394,0.673719469723628,-2.2112292302789e-4,1208.79739356785,1397.71368411467,1859.152,0.707392497651068,915.8777717038745
1906,998.744,0.710057606942978,0.682779502050909,1997.488,2020_kk_115_redo,Kusko,2020,0.709140402481972,0.673521302509858,-1.9816721376941e-4,1208.79739356785,1397.71368411467,1859.152,0.707392497651068,915.8777717038745
1907,999.268,0.70896444115708,0.679736200464985,1998.536,2020_kk_115_redo,Kusko,2020,0.709102686018813,0.673444137352261,-7.71651575971477e-5,1208.79739356785,1397.71368411467,1859.152,0.707392497651068,915.8777717038745
1908,999.792,0.708779010450829,0.673926017639792,1999.584,2020_kk_115_redo,Kusko,2020,0.709091436894052,0.673409313781996,-3.48235702651856e-5,1208.79739356785,1397.71368411467,1859.152,0.707392497651068,915.8777717038745
1909,1000.316,0.70936935446748,0.67368380067785,2000.632,2020_kk_115_redo,Kusko,2020,0.709099841526864,0.67341673361628,7.41983428409476e-6,1208.79739356785,1397.71368411467,1859.152,0.707392497651068,915.8777717038745
1910,1000.84,0.70973525229988,0.683709176423304,2001.68,2020_kk_115_redo,Kusko,2020,0.709081952680047,0.673107431085587,-3.0930253069305e-4,1208.79739356785,1397.71368411467,1859.152,0.707392497651068,915.8777717038745
1911,1001.364,0.708497340443689,0.678371095844336,2002.728,2020_kk_115_redo,Kusko,2020,0.709070934826308,0.673122442300379,1.50112147926373e-5,1208.79739356785,1397.71368411467,1859.152,0.707392497651068,915.8777717038745
1912,1001.888,0.710241894528232,0.676711334142746,2003.776,2020_kk_115_redo,Kusko,2020,0.709047467814944,0.673273554700444,1.511124000646e-4,1208.79739356785,1397.71368411467,1859.152,0.707392497651068,915.8777717038745
1913,1002.412,0.708613009208549,0.67944144845994,2004.824,2020_kk_115_redo,Kusko,2020,0.70903608421683,0.673188522224227,-8.50324762168286e-5,1208.79739356785,1397.71368411467,1859.152,0.707392497651068,915.8777717038745
1914,1002.936,0.707389457039871,0.668289184973155,2005.872,2020_kk_115_redo,Kusko,2020,0.709023068622123,0.673004283377719,-1.8423884650864e-4,1208.79739356785,1397.71368411467,1859.152,0.707392497651068,915.8777717038745
1915,1003.46,0.70928453694183,0.670089256292841,2006.92,2020_kk_115_redo,Kusko,2020,0.709044843729339,0.672856791045765,-1.4749233195399e-4,1208.79739356785,1397.71368411467,1859.152,0.707392497651068,915.8777717038745
1916,1003.984,0.709082603065266,0.68286925745205,2007.968,2020_kk_115_redo,Kusko,2020,0.709010684021767,0.672629553249045,-2.2723779671973e-4,1208.79739356785,1397.71368411467,1859.152,0.707392497651068,915.8777717038745
1917,1004.508,0.710323655413661,0.672578201791859,2009.016,2020_kk_115_redo,Kusko,2020,0.709003044072446,0.672285495382081,-3.4405786696345e-4,1208.79739356785,1397.71368411467,1859.152,0.707392497651068,915.8777717038745
1918,1005.032,0.709569508489262,0.672305756334691,2010.064,2020_kk_115_redo,Kusko,2020,0.708995626017472,0.671745557878898,-5.3993750318293e-4,1208.79739356785,1397.71368411467,1859.152,0.707392497651068,915.8777717038745
1919,1005.556,0.710500270389636,0.673073381209769,2011.112,2020_kk_115_redo,Kusko,2020,0.708974366760959,0.671212394117656,-5.3316376124235e-4,1208.79739356785,1397.71368411467,1859.152,0.707392497651068,915.8777717038745
1920,1006.08,0.708991067532421,0.675278677134426,2012.16,2020_kk_115_redo,Kusko,2020,0.708994952360345,0.670527804827626,-6.8458929002968e-4,1208.79739356785,1397.71368411467,1859.152,0.707392497651068,915.8777717038745
1921,1006.604,0.707829841911457,0.686940906757635,2013.208,2020_kk_115_redo,Kusko,2020,0.708998307372886,0.669872970209406,-6.5483461822013e-4,1208.79739356785,1397.71368411467,1859.152,0.707392497651068,915.8777717038745
1922,1007.128,0.709140103482301,0.678984663848818,2014.256,2020_kk_115_redo,Kusko,2020,0.708986877742338,0.669156459997896,-7.1651021151031e-4,1208.79739356785,1397.71368411467,1859.152,0.707392497651068,915.8777717038745
1923,1007.652,0.708322201353612,0.679978219239024,2015.304,2020_kk_115_redo,Kusko,2020,0.70896115300949,0.668366275535918,-7.9018446197787e-4,1208.79739356785,1397.71368411467,1859.152,0.707392497651068,915.8777717038745
1924,1008.176,0.707383017715686,0.684186044683067,2016.352,2020_kk_115_redo,Kusko,2020,0.708973005529167,0.667684247116245,-6.8202841967313e-4,1208.79739356785,1397.71368411467,1859.152,0.707392497651068,915.8777717038745
1925,1008.7,0.710412204730266,0.682620376094918,2017.4,2020_kk_115_redo,Kusko,2020,0.709006905158262,0.666959238948165,-7.2500816807996e-4,1208.79739356785,1397.71368411467,1859.152,0.707392497651068,915.8777717038745
1926,1009.224,0.710570520525399,0.674215848198692,2018.448,2020_kk_115_redo,Kusko,2020,0.709047038955933,0.666201305750178,-7.5793319798678e-4,1208.79739356785,1397.71368411467,1859.152,0.707392497651068,915.8777717038745
1927,1009.748,0.708715096150858,0.679243393891891,2019.496,2020_kk_115_redo,Kusko,2020,0.709039433200822,0.665418252013201,-7.8305373697751e-4,1208.79739356785,1397.71368411467,1859.152,0.707392497651068,915.8777717038745
1928,1010.272,0.708838873237661,0.664060845708107,2020.544,2020_kk_115_redo,Kusko,2020,0.70907761527665,0.665022931686536,-3.9532032666445e-4,1208.79739356785,1397.71368411467,1859.152,0.707392497651068,915.8777717038745
1929,1010.796,0.709512365284817,0.660658262478632,2021.592,2020_kk_115_redo,Kusko,2020,0.709069416002525,0.66436648408729,-6.5644759924621e-4,1208.79739356785,1397.71368411467,1859.152,0.707392497651068,915.8777717038745
1930,1011.32,0.70901367830359,0.66002350947265,2022.64,2020_kk_115_redo,Kusko,2020,0.709044978775187,0.663845342182159,-5.211419051313e-4,1208.79739356785,1397.71368411467,1859.152,0.707392497651068,915.8777717038745
1931,1011.844,0.709219983005549,0.664460739798096,2023.688,2020_kk_115_redo,Kusko,2020,0.70902956040615,0.663425710841114,-4.1963134104461e-4,1208.79739356785,1397.71368411467,1859.152,0.707392497651068,915.8777717038745
1932,1012.368,0.708210534795816,0.658928636652886,2024.736,2020_kk_115_redo,Kusko,2020,0.709036109117874,0.66275691777967,-6.6879306144374e-4,1208.79739356785,1397.71368411467,1859.152,0.707392497651068,915.8777717038745
1933,1012.892,0.709775223093228,0.659840178983708,2025.784,2020_kk_115_redo,Kusko,2020,0.709066234514238,0.662224515522217,-5.3240225745365e-4,1208.79739356785,1397.71368411467,1859.152,0.707392497651068,915.8777717038745
1934,1013.416,0.709217156936752,0.655099366608587,2026.832,2020_kk_115_redo,Kusko,2020,0.709029784716563,0.661693893509412,-5.306220128044e-4,1208.79739356785,1397.71368411467,1859.152,0.707392497651068,915.8777717038745
1935,1013.94,0.709850948994207,0.652933384480751,2027.88,2020_kk_115_redo,Kusko,2020,0.709034409147836,0.661192220725061,-5.0167278435131e-4,1208.79739356785,1397.71368411467,1859.152,0.707392497651068,915.8777717038745
1936,1014.464,0.708836214381708,0.647462755663306,2028.928,2020_kk_115_redo,Kusko,2020,0.709008633365124,0.660743655770613,-4.4856495444756e-4,1208.79739356785,1397.71368411467,1859.152,0.707392497651068,915.8777717038745
1937,1014.988,0.708055089228572,0.653195622969466,2029.976,2020_kk_115_redo,Kusko,2020,0.708983377134535,0.660385068568811,-3.5858720180248e-4,1208.79739356785,1397.71368411467,1859.152,0.707392497651068,915.8777717038745
1938,1015.512,0.708591225287761,0.659016609395044,2031.024,2020_kk_115_redo,Kusko,2020,0.708995537654417,0.66009403454295,-2.9103402586128e-4,1208.79739356785,1397.71368411467,1859.152,0.707392497651068,915.8777717038745
1939,1016.036,0.710058891334353,0.661931268677999,2032.072,2020_kk_115_redo,Kusko,2020,0.708964652119158,0.659682978778453,-4.1105576449707e-4,1208.79739356785,1397.71368411467,1859.152,0.707392497651068,915.8777717038745
1940,1016.56,0.708884724005991,0.65176857959626,2033.12,2020_kk_115_redo,Kusko,2020,0.708949859650739,0.659097521893319,-5.8545688513378e-4,1208.79739356785,1397.71368411467,1859.152,0.707392497651068,915.8777717038745
1941,1017.084,0.707664111374771,0.655407950026689,2034.168,2020_kk_115_redo,Kusko,2020,0.708962758862654,0.658589122956272,-5.0839893704712e-4,1208.79739356785,1397.71368411467,1859.152,0.707392497651068,915.8777717038745
1942,1017.608,0.708879644952965,0.663454753983544,2035.216,2020_kk_115_redo,Kusko,2020,0.708951415760017,0.658120862337067,-4.6826061920435e-4,1208.79739356785,1397.71368411467,1859.152,0.707392497651068,915.8777717038745
1943,1018.132,0.708624855883682,0.652899388585293,2036.264,2020_kk_115_redo,Kusko,2020,0.708952879214988,0.657745238625675,-3.7562371139188e-4,1208.79739356785,1397.71368411467,1859.152,0.707392497651068,915.8777717038745
1944,1018.656,0.709065422452836,0.647970792405975,2037.312,2020_kk_115_redo,Kusko,2020,0.708975111947863,0.657454453269165,-2.9078535651072e-4,1208.79739356785,1397.71368411467,1859.152,0.707392497651068,915.8777717038745
1945,1019.18,0.70969649336078,0.657591817758618,2038.36,2020_kk_115_redo,Kusko,2020,0.708972932076045,0.657060273765527,-3.9417950363818e-4,1208.79739356785,1397.71368411467,1859.152,0.707392497651068,915.8777717038745
1946,1019.704,0.707412064292887,0.650753438858591,2039.408,2020_kk_115_redo,Kusko,2020,0.708978144798916,0.656533449662941,-5.2682410258519e-4,1208.79739356785,1397.71368411467,1859.152,0.707392497651068,915.8777717038745
1947,1020.228,0.709272864966934,0.648104270874312,2040.456,2020_kk_115_redo,Kusko,2020,0.708953458372937,0.65614623243164,-3.8721723130097e-4,1208.79739356785,1397.71368411467,1859.152,0.707392497651068,915.8777717038745
1948,1020.752,0.708849051904611,0.647515496969803,2041.504,2020_kk_115_redo,Kusko,2020,0.708941780900717,0.655751455713515,-3.947767181256e-4,1208.79739356785,1397.71368411467,1859.152,0.707392497651068,915.8777717038745
1949,1021.276,0.707620573100016,0.65317012090311,2042.552,2020_kk_115_redo,Kusko,2020,0.708905631597146,0.655450377602743,-3.0107811077173e-4,1208.79739356785,1397.71368411467,1859.152,0.707392497651068,915.8777717038745
1950,1021.8,0.708712963834197,0.642709622371675,2043.6,2020_kk_115_redo,Kusko,2020,0.708900323487985,0.655155465180938,-2.949124218049e-4,1208.79739356785,1397.71368411467,1859.152,0.707392497651068,915.8777717038745
1951,1022.324,0.709418212115886,0.647235803766131,2044.648,2020_kk_115_redo,Kusko,2020,0.708883677201878,0.654654141142194,-5.0132403874381e-4,1208.79739356785,1397.71368411467,1859.152,0.707392497651068,915.8777717038745
1952,1022.848,0.708199358348184,0.642588713297843,2045.696,2020_kk_115_redo,Kusko,2020,0.708888399944485,0.65421298710541,-4.4115403678379e-4,1208.79739356785,1397.71368411467,1859.152,0.707392497651068,915.8777717038745
1953,1023.372,0.708884130290766,0.637570276551528,2046.744,2020_kk_115_redo,Kusko,2020,0.708924563165275,0.653840111736659,-3.7287536875119e-4,1208.79739356785,1397.71368411467,1859.152,0.707392497651068,915.8777717038745
1954,1023.896,0.708615900490484,0.640607895712124,2047.792,2020_kk_115_redo,Kusko,2020,0.708934784320091,0.653318221544805,-5.2189019185422e-4,1208.79739356785,1397.71368411467,1859.152,0.707392497651068,915.8777717038745
1955,1024.42,0.710124326504313,0.638780692757665,2048.84,2020_kk_115_redo,Kusko,2020,0.70889035997778,0.652924956818934,-3.9326472587109e-4,1208.79739356785,1397.71368411467,1859.152,0.707392497651068,915.8777717038745
1956,1024.944,0.710197577642849,0.639112893191974,2049.888,2020_kk_115_redo,Kusko,2020,0.708875808871256,0.652633436796845,-2.9152002208909e-4,1208.79739356785,1397.71368411467,1859.152,0.707392497651068,915.8777717038745
1957,1025.468,0.709976926206904,0.644717208088213,2050.936,2020_kk_115_redo,Kusko,2020,0.7088934036645,0.652156090264491,-4.7734653235376e-4,1208.79739356785,1397.71368411467,1859.152,0.707392497651068,915.8777717038745
1958,1025.992,0.709166612438879,0.657711177369,2051.984,2020_kk_115_redo,Kusko,2020,0.708891519518328,0.652177286683193,2.11964187014635e-5,1208.79739356785,1397.71368411467,1859.152,0.707392497651068,915.8777717038745
1959,1026.516,0.708121165140273,0.648768723577672,2053.032,2020_kk_115_redo,Kusko,2020,0.708874460190814,0.652184896753223,7.61007003047265e-6,1208.79739356785,1397.71368411467,1859.152,0.707392497651068,915.8777717038745
1960,1027.04,0.707469129660338,0.650678332493083,2054.08,2020_kk_115_redo,Kusko,2020,0.708871708261449,0.65222515681283,4.02600596065561e-5,1208.79739356785,1397.71368411467,1859.152,0.707392497651068,915.8777717038745
1961,1027.564,0.708238486426886,0.648097675150239,2055.128,2020_kk_115_redo,Kusko,2020,0.708845611993167,0.652285465758417,6.0308945586951e-5,1208.79739356785,1397.71368411467,1859.152,0.707392497651068,915.8777717038745
1962,1028.088,0.709646871888784,0.644805055004431,2056.176,2020_kk_115_redo,Kusko,2020,0.708884284552808,0.652461389228554,1.7592347013739e-4,1208.79739356785,1397.71368411467,1859.152,0.707392497651068,915.8777717038745
1963,1028.612,0.709268720280777,0.64901228300225,2057.224,2020_kk_115_redo,Kusko,2020,0.708860412516746,0.652541175771698,7.97865431435563e-5,1208.79739356785,1397.71368411467,1859.152,0.707392497651068,915.8777717038745
1964,1029.136,0.70947750647473,0.653597739145039,2058.272,2020_kk_115_redo,Kusko,2020,0.708860977104503,0.652701145859364,1.5997008766655e-4,1208.79739356785,1397.71368411467,1859.152,0.707392497651068,915.8777717038745
1965,1029.66,0.70962467670617,0.650279617566722,2059.32,2020_kk_115_redo,Kusko,2020,0.708853635101694,0.652845304928784,1.4415906942033e-4,1208.79739356785,1397.71368411467,1859.152,0.707392497651068,915.8777717038745
1966,1030.184,0.708511059980265,0.65586560478406,2060.368,2020_kk_115_redo,Kusko,2020,0.708857060491644,0.653272782424367,4.2747749558258e-4,1208.79739356785,1397.71368411467,1859.152,0.707392497651068,915.8777717038745
1967,1030.708,0.707449067321723,0.658220968356832,2061.416,2020_kk_115_redo,Kusko,2020,0.708894392406312,0.653500470286279,2.2768786191151e-4,1208.79739356785,1397.71368411467,1859.152,0.707392497651068,915.8777717038745
1968,1031.232,0.709508641643778,0.656463976088114,2062.464,2020_kk_115_redo,Kusko,2020,0.708884876051549,0.653623646958577,1.2317667229833e-4,1208.79739356785,1397.71368411467,1859.152,0.707392497651068,915.8777717038745
1969,1031.756,0.707516222351936,0.649020454808023,2063.512,2020_kk_115_redo,Kusko,2020,0.708885101307999,0.653718554086062,9.49071274852775e-5,1208.79739356785,1397.71368411467,1859.152,0.707392497651068,915.8777717038745
1970,1032.28,0.708847704194719,0.648581763315274,2064.56,2020_kk_115_redo,Kusko,2020,0.708889725661011,0.65389625425122,1.7770016515839e-4,1208.79739356785,1397.71368411467,1859.152,0.707392497651068,915.8777717038745
1971,1032.804,0.709271293158632,0.647867159621504,2065.608,2020_kk_115_redo,Kusko,2020,0.708893103775408,0.654111458667064,2.1520441584344e-4,1208.79739356785,1397.71368411467,1859.152,0.707392497651068,915.8777717038745
1972,1033.328,0.709561308370002,0.648615696990487,2066.656,2020_kk_115_redo,Kusko,2020,0.708906965302239,0.654221273865989,1.0981519892538e-4,1208.79739356785,1397.71368411467,1859.152,0.707392497651068,915.8777717038745
1973,1033.852,0.708700816506829,0.656904025776424,2067.704,2020_kk_115_redo,Kusko,2020,0.708916897063279,0.654373230557195,1.5195669120571e-4,1208.79739356785,1397.71368411467,1859.152,0.707392497651068,915.8777717038745
1974,1034.376,0.708723421012337,0.650842063582518,2068.752,2020_kk_115_redo,Kusko,2020,0.708925375120829,0.654590040428733,2.1680987153771e-4,1208.79739356785,1397.71368411467,1859.152,0.707392497651068,915.8777717038745
1975,1034.9,0.709153744632767,0.646438486074547,2069.8,2020_kk_115_redo,Kusko,2020,0.708882901919717,0.654642952758364,5.29123296310052e-5,1208.79739356785,1397.71368411467,1859.152,0.707392497651068,915.8777717038745
1976,1035.424,0.709395366437547,0.651259811296944,2070.848,2020_kk_115_redo,Kusko,2020,0.708919473228911,0.654757272724824,1.1431996646038e-4,1208.79739356785,1397.71368411467,1859.152,0.707392497651068,915.8777717038745
1977,1035.948,0.708842469854899,0.649345167913805,2071.896,2020_kk_115_redo,Kusko,2020,0.708936302509485,0.654888182477119,1.3090975229512e-4,1208.79739356785,1397.71368411467,1859.152,0.707392497651068,915.8777717038745
1978,1036.472,0.708868860156089,0.648619153247151,2072.944,2020_kk_115_redo,Kusko,2020,0.708955888153627,0.655117681246611,2.2949876949207e-4,1208.79739356785,1397.71368411467,1859.152,0.707392497651068,915.8777717038745
1979,1036.996,0.708331312175357,0.655008694563461,2073.992,2020_kk_115_redo,Kusko,2020,0.708981714290297,0.655250341073842,1.3265982723098e-4,1208.79739356785,1397.71368411467,1859.152,0.707392497651068,915.8777717038745
1980,1037.52,0.708672580982747,0.657583931826133,2075.04,2020_kk_115_redo,Kusko,2020,0.709006337137999,0.655508369800212,2.5802872636948e-4,1208.79739356785,1397.71368411467,1859.152,0.707392497651068,915.8777717038745
1981,1038.044,0.706831064745033,0.656861464433009,2076.088,2020_kk_115_redo,Kusko,2020,0.709013931452012,0.655712706239531,2.0433643931883e-4,1208.79739356785,1397.71368411467,1859.152,0.707392497651068,915.8777717038745
1982,1038.568,0.709423468038708,0.652515421641792,2077.136,2020_kk_115_redo,Kusko,2020,0.709050687125476,0.655863261504386,1.5055526485507e-4,1208.79739356785,1397.71368411467,1859.152,0.707392497651068,915.8777717038745
1983,1039.092,0.710491994601021,0.657605697113951,2078.184,2020_kk_115_redo,Kusko,2020,0.70901267160716,0.656145964455877,2.8270295149146e-4,1208.79739356785,1397.71368411467,1859.152,0.707392497651068,915.8777717038745
1984,1039.616,0.707996287004664,0.652872633171816,2079.232,2020_kk_115_redo,Kusko,2020,0.709027697196362,0.656462648230039,3.1668377416149e-4,1208.79739356785,1397.71368411467,1859.152,0.707392497651068,915.8777717038745
1985,1040.14,0.707746744191617,0.659024492542654,2080.28,2020_kk_115_redo,Kusko,2020,0.709017980006961,0.656723467724091,2.6081949405187e-4,1208.79739356785,1397.71368411467,1859.152,0.707392497651068,915.8777717038745
1986,1040.664,0.709697454133952,0.656724646873345,2081.328,2020_kk_115_redo,Kusko,2020,0.709006166818404,0.657034767476462,3.1129975237131e-4,1208.79739356785,1397.71368411467,1859.152,0.707392497651068,915.8777717038745
1987,1041.188,0.709770783745517,0.650602601950666,2082.376,2020_kk_115_redo,Kusko,2020,0.708980115729169,0.657380084977951,3.4531750148947e-4,1208.79739356785,1397.71368411467,1859.152,0.707392497651068,915.8777717038745
1988,1041.712,0.708725824467281,0.66533263083019,2083.424,2020_kk_115_redo,Kusko,2020,0.709003631571954,0.657375125474403,-4.95950354872932e-6,1208.79739356785,1397.71368411467,1859.152,0.707392497651068,915.8777717038745
1989,1042.236,0.708488805633989,0.66111486668046,2084.472,2020_kk_115_redo,Kusko,2020,0.709035452350176,0.657399286081334,2.41606069316669e-5,1208.79739356785,1397.71368411467,1859.152,0.707392497651068,915.8777717038745
1990,1042.76,0.708848562541702,0.662439113049048,2085.52,2020_kk_115_redo,Kusko,2020,0.709036866521924,0.657479341253854,8.00551725200771e-5,1208.79739356785,1397.71368411467,1859.152,0.707392497651068,915.8777717038745
1991,1043.284,0.707654206908656,0.668079276533314,2086.568,2020_kk_115_redo,Kusko,2020,0.709036057987261,0.657470485945634,-8.85530822036795e-6,1208.79739356785,1397.71368411467,1859.152,0.707392497651068,915.8777717038745
1992,1043.808,0.710530888374245,0.669484044861126,2087.616,2020_kk_115_redo,Kusko,2020,0.709000088871335,0.657653731125847,1.8324518021306e-4,1208.79739356785,1397.71368411467,1859.152,0.707392497651068,915.8777717038745
1993,1044.332,0.708342900929548,0.664627371572322,2088.664,2020_kk_115_redo,Kusko,2020,0.709002135185178,0.657675492146876,2.17610210284658e-5,1208.79739356785,1397.71368411467,1859.152,0.707392497651068,915.8777717038745
1994,1044.856,0.709251032202177,0.664697571868575,2089.712,2020_kk_115_redo,Kusko,2020,0.709007693306717,0.657724418414042,4.89262671659052e-5,1208.79739356785,1397.71368411467,1859.152,0.707392497651068,915.8777717038745
1995,1045.38,0.709410428825628,0.661582928645977,2090.76,2020_kk_115_redo,Kusko,2020,0.709001491235567,0.657810137308694,8.57188946520315e-5,1208.79739356785,1397.71368411467,1859.152,0.707392497651068,915.8777717038745
1996,1045.904,0.709041737778752,0.673111405398259,2091.808,2020_kk_115_redo,Kusko,2020,0.709033122621448,0.65781819821896,8.06091026661626e-6,1208.79739356785,1397.71368411467,1859.152,0.707392497651068,915.8777717038745
1997,1046.428,0.710295004108616,0.666856894684154,2092.856,2020_kk_115_redo,Kusko,2020,0.70905465518183,0.657752154917854,-6.60433011059336e-5,1208.79739356785,1397.71368411467,1859.152,0.707392497651068,915.8777717038745
1998,1046.952,0.708020244001987,0.666407209732946,2093.904,2020_kk_115_redo,Kusko,2020,0.709044932104515,0.657752543630215,3.88712360854804e-7,1208.79739356785,1397.71368411467,1859.152,0.707392497651068,915.8777717038745
1999,1047.476,0.71007240672138106,0.667625696327118,2094.952,2020_kk_115_redo,Kusko,2020,0.709044468947839,0.657950038132425,1.9749450221018e-4,1208.79739356785,1397.71368411467,1859.152,0.707392497651068,915.8777717038745
2000,1048,0.709162185186712,0.66243058950576,2096,2020_kk_115_redo,Kusko,2020,0.709046578802093,0.658179042044638,2.2900391221303e-4,1208.79739356785,1397.71368411467,1859.152,0.707392497651068,915.8777717038745
2001,1048.524,0.707866798238563,0.668320214977298,2097.048,2020_kk_115_redo,Kusko,2020,0.709028734305279,0.658346128098781,1.6708605414295e-4,1208.79739356785,1397.71368411467,1859.152,0.707392497651068,915.8777717038745
2002,1049.048,0.709711336562837,0.670043665919065,2098.096,2020_kk_115_redo,Kusko,2020,0.70903587513012,0.65847174882335,1.2562072456889e-4,1208.79739356785,1397.71368411467,1859.152,0.707392497651068,915.8777717038745
2003,1049.572,0.709220761546076,0.662016790057637,2099.144,2020_kk_115_redo,Kusko,2020,0.709056315119462,0.658502297488653,3.05486653027209e-5,1208.79739356785,1397.71368411467,1859.152,0.707392497651068,915.8777717038745
2004,1050.096,0.709574105905843,0.660979384698231,2100.192,2020_kk_115_redo,Kusko,2020,0.70904782258692,0.658411477077231,-9.08204114218325e-5,1208.79739356785,1397.71368411467,1859.152,0.707392497651068,915.8777717038745
2005,1050.62,0.707148101294023,0.660766557536481,2101.24,2020_kk_115_redo,Kusko,2020,0.709041292937483,0.658678490929696,2.6701385246519e-4,1208.79739356785,1397.71368411467,1859.152,0.707392497651068,915.8777717038745
2006,1051.144,0.709606342844562,0.657612636846217,2102.288,2020_kk_115_redo,Kusko,2020,0.709033338452344,0.659002158345524,3.2366741582778e-4,1208.79739356785,1397.71368411467,1859.152,0.707392497651068,915.8777717038745
2007,1051.668,0.710282621801354,0.655958856012016,2103.336,2020_kk_115_redo,Kusko,2020,0.709035261268361,0.659245201966315,2.4304362079141e-4,1208.79739356785,1397.71368411467,1859.152,0.707392497651068,915.8777717038745
2008,1052.192,0.710024190553134,0.661285423139326,2104.384,2020_kk_115_redo,Kusko,2020,0.70905105035281,0.659512200601592,2.6699863527623e-4,1208.79739356785,1397.71368411467,1859.152,0.707392497651068,915.8777717038745
2009,1052.716,0.709170141300221,0.66112971053697,2105.432,2020_kk_115_redo,Kusko,2020,0.709040192926634,0.659594944619059,8.27440174674399e-5,1208.79739356785,1397.71368411467,1859.152,0.707392497651068,915.8777717038745
2010,1053.24,0.710190334696308,0.658191345953846,2106.48,2020_kk_115_redo,Kusko,2020,0.709049284456509,0.659675974797115,8.10301780561629e-5,1208.79739356785,1397.71368411467,1859.152,0.707392497651068,915.8777717038745
2011,1053.764,0.709873870956675,0.659495990125257,2107.528,2020_kk_115_redo,Kusko,2020,0.709103498948489,0.659680057845787,4.08304867149933e-6,1208.79739356785,1397.71368411467,1859.152,0.707392497651068,915.8777717038745
2012,1054.288,0.710404698756036,0.651622029189145,2108.576,2020_kk_115_redo,Kusko,2020,0.709132284633247,0.659758325050489,7.82672047024979e-5,1208.79739356785,1397.71368411467,1859.152,0.707392497651068,915.8777717038745
2013,1054.812,0.706603199191809,0.654532453641015,2109.624,2020_kk_115_redo,Kusko,2020,0.709130266560465,0.659895486135938,1.3716108544914e-4,1208.79739356785,1397.71368411467,1859.152,0.707392497651068,915.8777717038745
2014,1055.336,0.709517435842562,0.659608922161815,2110.672,2020_kk_115_redo,Kusko,2020,0.709174089227637,0.659932970928776,3.74847928378275e-5,1208.79739356785,1397.71368411467,1859.152,0.707392497651068,915.8777717038745
2015,1055.86,0.709541295140266,0.654429862400776,2111.72,2020_kk_115_redo,Kusko,2020,0.709211054940493,0.659752679052704,-1.8029187607271e-4,1208.79739356785,1397.71368411467,1859.152,0.707392497651068,915.8777717038745
2016,1056.384,0.709488786329434,0.657790878334247,2112.768,2020_kk_115_redo,Kusko,2020,0.709171621993102,0.659572679523565,-1.7999952913871e-4,1208.79739356785,1397.71368411467,1859.152,0.707392497651068,915.8777717038745
2017,1056.908,0.708413860852791,0.66543625817758,2113.816,2020_kk_115_redo,Kusko,2020,0.709166880372071,0.659570872800583,-1.8067229815566e-6,1208.79739356785,1397.71368411467,1859.152,0.707392497651068,915.8777717038745
2018,1057.432,0.710577563006006,0.657413607156079,2114.864,2020_kk_115_redo,Kusko,2020,0.709142620098315,0.659424916212881,-1.4595658770244e-4,1208.79739356785,1397.71368411467,1859.152,0.707392497651068,915.8777717038745
2019,1057.956,0.710030411833592,0.65021835999357,2115.912,2020_kk_115_redo,Kusko,2020,0.709171355343027,0.659365625692161,-5.92905207199568e-5,1208.79739356785,1397.71368411467,1859.152,0.707392497651068,915.8777717038745
2020,1058.48,0.707553979965227,0.655481642844287,2116.96,2020_kk_115_redo,Kusko,2020,0.709162118587713,0.65926374471183,-1.0188098033081e-4,1208.79739356785,1397.71368411467,1859.152,0.707392497651068,915.8777717038745
2021,1059.004,0.708189974347063,0.647566356657016,2118.008,2020_kk_115_redo,Kusko,2020,0.709208518394802,0.659086919249464,-1.7682546236619e-4,1208.79739356785,1397.71368411467,1859.152,0.707392497651068,915.8777717038745
2022,1059.528,0.707488724933271,0.655799765817213,2119.056,2020_kk_115_redo,Kusko,2020,0.709179920237914,0.658821995267432,-2.6492398203148e-4,1208.79739356785,1397.71368411467,1859.152,0.707392497651068,915.8777717038745
2023,1060.052,0.709391499111355,0.650317944263961,2120.104,2020_kk_115_redo,Kusko,2020,0.709200210085524,0.658725240211011,-9.67550564214825e-5,1208.79739356785,1397.71368411467,1859.152,0.707392497651068,915.8777717038745
2024,1060.576,0.70981099376704,0.656533315174993,2121.152,2020_kk_115_redo,Kusko,2020,0.709222362522852,0.65856404751195,-1.6119269906067e-4,1208.79739356785,1397.71368411467,1859.152,0.707392497651068,915.8777717038745
2025,1061.1,0.709252552437148,0.655422751245843,2122.2,2020_kk_115_redo,Kusko,2020,0.709244549829383,0.658463424972283,-1.0062253966758e-4,1208.79739356785,1397.71368411467,1859.152,0.707392497651068,915.8777717038745
2026,1061.624,0.71040894313314,0.656349259400061,2123.248,2020_kk_115_redo,Kusko,2020,0.709264505439936,0.658175685187847,-2.8773978443563e-4,1208.79739356785,1397.71368411467,1859.152,0.707392497651068,915.8777717038745
2027,1062.148,0.708741020944638,0.65425837029047,2124.296,2020_kk_115_redo,Kusko,2020,0.709248723763838,0.657971290175214,-2.0439501263269e-4,1208.79739356785,1397.71368411467,1859.152,0.707392497651068,915.8777717038745
2028,1062.672,0.708925257004917,0.65648729882977,2125.344,2020_kk_115_redo,Kusko,2020,0.709253626631591,0.657610412384856,-3.6087779035809e-4,1208.79739356785,1397.71368411467,1859.152,0.707392497651068,915.8777717038745
2029,1063.196,0.707488432951368,0.660870124940634,2126.392,2020_kk_115_redo,Kusko,2020,0.709249426902925,0.657454491538589,-1.5592084626758e-4,1208.79739356785,1397.71368411467,1859.152,0.707392497651068,915.8777717038745
2030,1063.72,0.708974295449918,0.662321998048053,2127.44,2020_kk_115_redo,Kusko,2020,0.709259743578528,0.657266074662815,-1.8841687577342e-4,1208.79739356785,1397.71368411467,1859.152,0.707392497651068,915.8777717038745
2031,1064.244,0.70820062334979506,0.657892322870083,2128.488,2020_kk_115_redo,Kusko,2020,0.709283641703231,0.656824005991615,-4.4206867120066e-4,1208.79739356785,1397.71368411467,1859.152,0.707392497651068,915.8777717038745
2032,1064.768,0.709989757860497,0.656152940464617,2129.536,2020_kk_115_redo,Kusko,2020,0.70927251296691,0.65626989387552,-5.5411211609413e-4,1208.79739356785,1397.71368411467,1859.152,0.707392497651068,915.8777717038745
2033,1065.292,0.709927215867349,0.658736945694587,2130.584,2020_kk_115_redo,Kusko,2020,0.70925298185105,0.655940109311952,-3.2978456356824e-4,1208.79739356785,1397.71368411467,1859.152,0.707392497651068,915.8777717038745
2034,1065.816,0.708213869059778,0.645392838897213,2131.632,2020_kk_115_redo,Kusko,2020,0.709261456940196,0.655621223788611,-3.1888552334125e-4,1208.79739356785,1397.71368411467,1859.152,0.707392497651068,915.8777717038745
2035,1066.34,0.708761965666582,0.66245931722245,2132.68,2020_kk_115_redo,Kusko,2020,0.709260451262876,0.655322519944871,-2.9870384373975e-4,1208.79739356785,1397.71368411467,1859.152,0.707392497651068,915.8777717038745
2036,1066.864,0.708918097329207,0.670679856246613,2133.728,2020_kk_115_redo,Kusko,2020,0.709211383458792,0.655072350916071,-2.5016902880048e-4,1208.79739356785,1397.71368411467,1859.152,0.707392497651068,915.8777717038745
2037,1067.388,0.708957838815918,0.663927785161286,2134.776,2020_kk_115_redo,Kusko,2020,0.709242396800321,0.65485536800782,-2.1698290825022e-4,1208.79739356785,1397.71368411467,1859.152,0.707392497651068,915.8777717038745
2038,1067.912,0.709816205223012,0.664639071363729,2135.824,2020_kk_115_redo,Kusko,2020,0.709227130939516,0.654384195275617,-4.7117273220387e-4,1208.79739356785,1397.71368411467,1859.152,0.707392497651068,915.8777717038745
2039,1068.436,0.707679866604786,0.659973335611509,2136.872,2020_kk_115_redo,Kusko,2020,0.709222757606662,0.65394091814561,-4.4327713000624e-4,1208.79739356785,1397.71368411467,1859.152,0.707392497651068,915.8777717038745
2040,1068.96,0.709218072775242,0.662445742509499,2137.92,2020_kk_115_redo,Kusko,2020,0.709192253379791,0.653494721746858,-4.4619639875265e-4,1208.79739356785,1397.71368411467,1859.152,0.707392497651068,915.8777717038745
2041,1069.484,0.710083934263856,0.657106447353304,2138.968,2020_kk_115_redo,Kusko,2020,0.709180422105808,0.653037576318506,-4.5714542835162e-4,1208.79739356785,1397.71368411467,1859.152,0.707392497651068,915.8777717038745
2042,1070.008,0.711150609124214,0.657211453923937,2140.016,2020_kk_115_redo,Kusko,2020,0.709213427651383,0.652687267339362,-3.5030897914423e-4,1208.79739356785,1397.71368411467,1859.152,0.707392497651068,915.8777717038745
2043,1070.532,0.710370910234098,0.665835362240895,2141.064,2020_kk_115_redo,Kusko,2020,0.709276268609583,0.652220990516374,-4.6627682298794e-4,1208.79739356785,1397.71368411467,1859.152,0.707392497651068,915.8777717038745
2044,1071.056,0.710625647034989,0.65512172074209,2142.112,2020_kk_115_redo,Kusko,2020,0.709258878544113,0.651727449281164,-4.9354123520994e-4,1208.79739356785,1397.71368411467,1859.152,0.707392497651068,915.8777717038745
2045,1071.58,0.709964686962931,0.648206979978298,2143.16,2020_kk_115_redo,Kusko,2020,0.709237130585483,0.65127232779694,-4.5512148422421e-4,1208.79739356785,1397.71368411467,1859.152,0.707392497651068,915.8777717038745
2046,1072.104,0.707331477290535,0.645924675125022,2144.208,2020_kk_115_redo,Kusko,2020,0.709238975079295,0.650879174907177,-3.9315288976238e-4,1208.79739356785,1397.71368411467,1859.152,0.707392497651068,915.8777717038745
2047,1072.628,0.709486286483633,0.650494198571779,2145.256,2020_kk_115_redo,Kusko,2020,0.709272752042741,0.650259059897219,-6.2011500995851e-4,1208.79739356785,1397.71368411467,1859.152,0.707392497651068,915.8777717038745
2048,1073.152,0.707270208041897,0.656575235568036,2146.304,2020_kk_115_redo,Kusko,2020,0.709223151670796,0.649819359015414,-4.3970088180522e-4,1208.79739356785,1397.71368411467,1859.152,0.707392497651068,915.8777717038745
2049,1073.676,0.710212920316753,0.657557435437265,2147.352,2020_kk_115_redo,Kusko,2020,0.709213735052367,0.649396868973228,-4.2249004218519e-4,1208.79739356785,1397.71368411467,1859.152,0.707392497651068,915.8777717038745
2050,1074.2,0.708294357222813,0.656326254229202,2148.4,2020_kk_115_redo,Kusko,2020,0.709240372276505,0.648888431819741,-5.0843715348747e-4,1208.79739356785,1397.71368411467,1859.152,0.707392497651068,915.8777717038745
2051,1074.724,0.710438195334018,0.657469748791335,2149.448,2020_kk_115_redo,Kusko,2020,0.70923719123889,0.64863573164346,-2.527001762812e-4,1208.79739356785,1397.71368411467,1859.152,0.707392497651068,915.8777717038745
2052,1075.248,0.708814998960954,0.653588605939235,2150.496,2020_kk_115_redo,Kusko,2020,0.709234236114276,0.647952287206646,-6.8344443681323e-4,1208.79739356785,1397.71368411467,1859.152,0.707392497651068,915.8777717038745
2053,1075.772,0.709560291786186,0.658822068187032,2151.544,2020_kk_115_redo,Kusko,2020,0.709241144562999,0.64741799339214,-5.3429381450653e-4,1208.79739356785,1397.71368411467,1859.152,0.707392497651068,915.8777717038745
2054,1076.296,0.710580178441825,0.655026009924931,2152.592,2020_kk_115_redo,Kusko,2020,0.70923992832614,0.646914852544734,-5.0314084740565e-4,1208.79739356785,1397.71368411467,1859.152,0.707392497651068,915.8777717038745
2055,1076.82,0.710741667217513,0.655545576265925,2153.64,2020_kk_115_redo,Kusko,2020,0.709244734897085,0.646557615723816,-3.5723682091803e-4,1208.79739356785,1397.71368411467,1859.152,0.707392497651068,915.8777717038745
2056,1077.344,0.710239074411893,0.655847018332115,2154.688,2020_kk_115_redo,Kusko,2020,0.709215271986445,0.646143649220611,-0.00041396650320556997,1208.79739356785,1397.71368411467,1859.152,0.707392497651068,915.8777717038745
2057,1077.868,0.709348103542739,0.654593193926201,2155.736,2020_kk_115_redo,Kusko,2020,0.709231797173714,0.64568427286858,-4.5937635203086e-4,1208.79739356785,1397.71368411467,1859.152,0.707392497651068,915.8777717038745
2058,1078.392,0.708314416067202,0.644754542311456,2156.784,2020_kk_115_redo,Kusko,2020,0.709207089615709,0.645214361489525,-4.6991137905516e-4,1208.79739356785,1397.71368411467,1859.152,0.707392497651068,915.8777717038745
2059,1078.916,0.709820423001394,0.658270445551062,2157.832,2020_kk_115_redo,Kusko,2020,0.70925690552444,0.644618492596083,-5.9586889344198e-4,1208.79739356785,1397.71368411467,1859.152,0.707392497651068,915.8777717038745
2060,1079.44,0.709781185722865,0.65112557695936,2158.88,2020_kk_115_redo,Kusko,2020,0.709267104328457,0.643950809208099,-6.6768338798328e-4,1208.79739356785,1397.71368411467,1859.152,0.707392497651068,915.8777717038745
2061,1079.964,0.709300685720774,0.641796094705256,2159.928,2020_kk_115_redo,Kusko,2020,0.709256804307343,0.643490049183724,-4.60760024375e-4,1208.79739356785,1397.71368411467,1859.152,0.707392497651068,915.8777717038745
2062,1080.488,0.709043612383586,0.636796938953411,2160.976,2020_kk_115_redo,Kusko,2020,0.709226277349589,0.642852755039897,-0.00063729414382773005,1208.79739356785,1397.71368411467,1859.152,0.707392497651068,915.8777717038745
2063,1081.012,0.708048894594439,0.642229716243544,2162.024,2020_kk_115_redo,Kusko,2020,0.709136071036932,0.642215951435808,-6.3680360408846e-4,1208.79739356785,1397.71368411467,1859.152,0.707392497651068,915.8777717038745
2064,1081.536,0.710082611254631,0.641846253297757,2163.072,2020_kk_115_redo,Kusko,2020,0.709136570334119,0.64175896009943,-4.5699133637766e-4,1208.79739356785,1397.71368411467,1859.152,0.707392497651068,915.8777717038745
2065,1082.06,0.707087760654828,0.642844326912096,2164.12,2020_kk_115_redo,Kusko,2020,0.709155386566908,0.64087162879843,-8.8733130100071e-4,1208.79739356785,1397.71368411467,1859.152,0.707392497651068,915.8777717038745
2066,1082.584,0.70666227459951,0.642602495118193,2165.168,2020_kk_115_redo,Kusko,2020,0.709151758199859,0.63999166047868,-8.7996831974934e-4,1208.79739356785,1397.71368411467,1859.152,0.707392497651068,915.8777717038745
2067,1083.108,0.712143422293107,0.642939881516996,2166.216,2020_kk_115_redo,Kusko,2020,0.709130251052873,0.639197167666408,-7.9449281227206e-4,1208.79739356785,1397.71368411467,1859.152,0.707392497651068,915.8777717038745
2068,1083.632,0.709108238904835,0.633015059207095,2167.264,2020_kk_115_redo,Kusko,2020,0.709120151969048,0.638287426955234,-9.0974071117389e-4,1208.79739356785,1397.71368411467,1859.152,0.707392497651068,915.8777717038745
2069,1084.156,0.708907741328952,0.634533082736598,2168.312,2020_kk_115_redo,Kusko,2020,0.709148664621805,0.637605465978503,-6.8196097673189e-4,1208.79739356785,1397.71368411467,1859.152,0.707392497651068,915.8777717038745
2070,1084.68,0.70836008108408,0.631419562028684,2169.36,2020_kk_115_redo,Kusko,2020,0.709147206570154,0.636804152390242,-8.0131358826074e-4,1208.79739356785,1397.71368411467,1859.152,0.707392497651068,915.8777717038745
2071,1085.204,0.70916399451769,0.632067264424166,2170.408,2020_kk_115_redo,Kusko,2020,0.709148521671655,0.635945743468795,-8.5840892144661e-4,1208.79739356785,1397.71368411467,1859.152,0.707392497651068,915.8777717038745
2072,1085.728,0.712385031490495,0.630603490440491,2171.456,2020_kk_115_redo,Kusko,2020,0.709118970486305,0.635108968034547,-8.367754342482e-4,1208.79739356785,1397.71368411467,1859.152,0.707392497651068,915.8777717038745
2073,1086.252,0.710373656683863,0.626555844261733,2172.504,2020_kk_115_redo,Kusko,2020,0.70906276696277,0.633981715468568,-0.00112725256597868,1208.79739356785,1397.71368411467,1859.152,0.707392497651068,915.8777717038745
2074,1086.776,0.708474031914357,0.629996448049222,2173.552,2020_kk_115_redo,Kusko,2020,0.709044056137632,0.633179774075178,-8.0194139339062e-4,1208.79739356785,1397.71368411467,1859.152,0.707392497651068,915.8777717038745
2075,1087.3,0.708236417622473,0.627122573347326,2174.6,2020_kk_115_redo,Kusko,2020,0.709056487989968,0.63245218007118,-7.2759400399768e-4,1208.79739356785,1397.71368411467,1859.152,0.707392497651068,915.8777717038745
2076,1087.824,0.709599455958158,0.63420170494851,2175.648,2020_kk_115_redo,Kusko,2020,0.709093112846577,0.63184411796559,-6.0806210558994e-4,1208.79739356785,1397.71368411467,1859.152,0.707392497651068,915.8777717038745
2077,1088.348,0.710440478659526,0.628229357580071,2176.696,2020_kk_115_redo,Kusko,2020,0.709085317020932,0.63100886836907,-8.3524959651959e-4,1208.79739356785,1397.71368411467,1859.152,0.707392497651068,915.8777717038745
2078,1088.872,0.707601540689314,0.63103155424776,2177.744,2020_kk_115_redo,Kusko,2020,0.709140648691004,0.630103105970671,-9.0576239839979e-4,1208.79739356785,1397.71368411467,1859.152,0.707392497651068,915.8777717038745
2079,1089.396,0.70946541472784,0.62486895746246,2178.792,2020_kk_115_redo,Kusko,2020,0.709133253962018,0.62910967047969,-9.9343549098096e-4,1208.79739356785,1397.71368411467,1859.152,0.707392497651068,915.8777717038745
2080,1089.92,0.709152213413542,0.624975413635042,2179.84,2020_kk_115_redo,Kusko,2020,0.709158777210149,0.628136272119747,-9.7339835994314e-4,1208.79739356785,1397.71368411467,1859.152,0.707392497651068,915.8777717038745
2081,1090.444,0.707999112090153,0.632404346080141,2180.888,2020_kk_115_redo,Kusko,2020,0.709142134057617,0.627045844152239,-0.00109042796750769,1208.79739356785,1397.71368411467,1859.152,0.707392497651068,915.8777717038745
2082,1090.968,0.707311417456418,0.614793099608416,2181.936,2020_kk_115_redo,Kusko,2020,0.709132052966192,0.625907375470854,-0.00113846868138501,1208.79739356785,1397.71368411467,1859.152,0.707392497651068,915.8777717038745
2083,1091.492,0.709806006034713,0.618260315393572,2182.984,2020_kk_115_redo,Kusko,2020,0.709147286253554,0.624752054450681,-0.00115532102017291,1208.79739356785,1397.71368411467,1859.152,0.707392497651068,915.8777717038745
2084,1092.016,0.709738019555489,0.626344864330648,2184.032,2020_kk_115_redo,Kusko,2020,0.709100237098917,0.623798940824795,-9.5311362588557e-4,1208.79739356785,1397.71368411467,1859.152,0.707392497651068,915.8777717038745
2085,1092.54,0.709540946693851,0.633988541990757,2185.08,2020_kk_115_redo,Kusko,2020,0.709093371454347,0.622724792149068,-0.00107414867572753,1208.79739356785,1397.71368411467,1859.152,0.707392497651068,915.8777717038745
2086,1093.064,0.708641168494778,0.631511269207729,2186.128,2020_kk_115_redo,Kusko,2020,0.709072217730521,0.621765254594815,-9.5953755425293e-4,1208.79739356785,1397.71368411467,1859.152,0.707392497651068,915.8777717038745
2087,1093.588,0.709732532180788,0.626695789168611,2187.176,2020_kk_115_redo,Kusko,2020,0.70906147209247,0.620659343912063,-0.00110591068275179,1208.79739356785,1397.71368411467,1859.152,0.707392497651068,915.8777717038745
2088,1094.112,0.707442803524603,0.628292616086464,2188.224,2020_kk_115_redo,Kusko,2020,0.7090922774749,0.619678725179863,-9.8061873220023e-4,1208.79739356785,1397.71368411467,1859.152,0.707392497651068,915.8777717038745
2089,1094.636,0.710477387475193,0.625117991334115,2189.272,2020_kk_115_redo,Kusko,2020,0.709048937864869,0.618520208329573,-0.00115851685028978,1208.79739356785,1397.71368411467,1859.152,0.707392497651068,915.8777717038745
2090,1095.16,0.709586223690961,0.622260994769055,2190.32,2020_kk_115_redo,Kusko,2020,0.709019548900528,0.617465664404136,-0.0010545439254368,1208.79739356785,1397.71368411467,1859.152,0.707392497651068,915.8777717038745
2091,1095.684,0.707582622082963,0.630246721407589,2191.368,2020_kk_115_redo,Kusko,2020,0.709013608146536,0.616678788566595,-7.86875837541e-4,1208.79739356785,1397.71368411467,1859.152,0.707392497651068,915.8777717038745
2092,1096.208,0.708158140395234,0.61791529183495,2192.416,2020_kk_115_redo,Kusko,2020,0.709002579285486,0.615921860208665,-7.5692835793006e-4,1208.79739356785,1397.71368411467,1859.152,0.707392497651068,915.8777717038745
2093,1096.732,0.70451483710795,0.620528729449278,2193.464,2020_kk_115_redo,Kusko,2020,0.709039638308875,0.615223914810624,-6.9794539804113e-4,1208.79739356785,1397.71368411467,1859.152,0.707392497651068,915.8777717038745
2094,1097.256,0.708243826890956,0.617973358714551,2194.512,2020_kk_115_redo,Kusko,2020,0.70901655243829,0.614575272217763,-6.4864259286068e-4,1208.79739356785,1397.71368411467,1859.152,0.707392497651068,915.8777717038745
2095,1097.78,0.709890939633964,0.609219439162408,2195.56,2020_kk_115_redo,Kusko,2020,0.70907873554034,0.61389350378131,-6.8176843645362e-4,1208.79739356785,1397.71368411467,1859.152,0.707392497651068,915.8777717038745
2096,1098.304,0.708700395306229,0.61788175706165,2196.608,2020_kk_115_redo,Kusko,2020,0.709150304107166,0.613118041336778,-7.7546244453174e-4,1208.79739356785,1397.71368411467,1859.152,0.707392497651068,915.8777717038745
2097,1098.828,0.707667409996772,0.616258216424958,2197.656,2020_kk_115_redo,Kusko,2020,0.709098945052747,0.612400124894009,-7.1791644276908e-4,1208.79739356785,1397.71368411467,1859.152,0.707392497651068,915.8777717038745
2098,1099.352,0.709210260193523,0.610054628693295,2198.704,2020_kk_115_redo,Kusko,2020,0.709101607015768,0.611824416858379,-5.7570803563045e-4,1208.79739356785,1397.71368411467,1859.152,0.707392497651068,915.8777717038745
2099,1099.876,0.709390625770181,0.619055677007595,2199.752,2020_kk_115_redo,Kusko,2020,0.709142302911558,0.611240301224105,-5.8411563427385e-4,1208.79739356785,1397.71368411467,1859.152,0.707392497651068,915.8777717038745
2100,1100.4,0.709130589676203,0.614366927213855,2200.8,2020_kk_115_redo,Kusko,2020,0.709161774649494,0.610515756482904,-7.245447412002e-4,1208.79739356785,1397.71368411467,1859.152,0.707392497651068,915.8777717038745
2101,1100.924,0.710162840353898,0.605601912066512,2201.848,2020_kk_115_redo,Kusko,2020,0.709170444627984,0.609958695528272,-5.5706095463226e-4,1208.79739356785,1397.71368411467,1859.152,0.707392497651068,915.8777717038745
2102,1101.448,0.7093775380032,0.607004927869042,2202.896,2020_kk_115_redo,Kusko,2020,0.709081363063324,0.609377831894258,-5.8086363401455e-4,1208.79739356785,1397.71368411467,1859.152,0.707392497651068,915.8777717038745
2103,1101.972,0.706998698822003,0.598200208282177,2203.944,2020_kk_115_redo,Kusko,2020,0.709034353771016,0.608814016755585,-5.6381513867298e-4,1208.79739356785,1397.71368411467,1859.152,0.707392497651068,915.8777717038745
2104,1102.496,0.709502997526725,0.607005237138654,2204.992,2020_kk_115_redo,Kusko,2020,0.70902224211564,0.608249923162091,-5.6409359349374e-4,1208.79739356785,1397.71368411467,1859.152,0.707392497651068,915.8777717038745
2105,1103.02,0.710710598103101,0.604551339738434,2206.04,2020_kk_115_redo,Kusko,2020,0.709041081364404,0.607780292550688,-4.6963061140281e-4,1208.79739356785,1397.71368411467,1859.152,0.707392497651068,915.8777717038745
2106,1103.544,0.709528968687077,0.609440948789626,2207.088,2020_kk_115_redo,Kusko,2020,0.70904076048303,0.607068339364373,-7.1195318631511e-4,1208.79739356785,1397.71368411467,1859.152,0.707392497651068,915.8777717038745
2107,1104.068,0.709018536944915,0.600379222780607,2208.136,2020_kk_115_redo,Kusko,2020,0.709041811612636,0.60645242142908,-6.159179352928e-4,1208.79739356785,1397.71368411467,1859.152,0.707392497651068,915.8777717038745
2108,1104.592,0.710590108246229,0.602229491664051,2209.184,2020_kk_115_redo,Kusko,2020,0.709047993149573,0.60574282837237,-7.095930567097e-4,1208.79739356785,1397.71368411467,1859.152,0.707392497651068,915.8777717038745
2109,1105.116,0.709769236577596,0.597951305978409,2210.232,2020_kk_115_redo,Kusko,2020,0.709016829621411,0.605186313393981,-5.5651497838915e-4,1208.79739356785,1397.71368411467,1859.152,0.707392497651068,915.8777717038745
2110,1105.64,0.709825752110674,0.597922352632614,2211.28,2020_kk_115_redo,Kusko,2020,0.709032691478143,0.604599379990882,-5.8693340309967e-4,1208.79739356785,1397.71368411467,1859.152,0.707392497651068,915.8777717038745
2111,1106.164,0.709439606182067,0.592044070740874,2212.328,2020_kk_115_redo,Kusko,2020,0.709030606456162,0.6039308811011,-6.6849888978193e-4,1208.79739356785,1397.71368411467,1859.152,0.707392497651068,915.8777717038745
2112,1106.688,0.708210133475498,0.585280485056134,2213.376,2020_kk_115_redo,Kusko,2020,0.709090175757087,0.603385323550742,-5.4555755035723e-4,1208.79739356785,1397.71368411467,1859.152,0.707392497651068,915.8777717038745
2113,1107.212,0.710474289027899,0.589502806976655,2214.424,2020_kk_115_redo,Kusko,2020,0.709078521855873,0.602783743985831,-6.0157956491113e-4,1208.79739356785,1397.71368411467,1859.152,0.707392497651068,915.8777717038745
2114,1107.736,0.7077572291636,0.597839192371803,2215.472,2020_kk_115_redo,Kusko,2020,0.709053488979629,0.602035320080489,-7.4842390534213e-4,1208.79739356785,1397.71368411467,1859.152,0.707392497651068,915.8777717038745
2115,1108.26,0.710329728543283,0.59109665572227,2216.52,2020_kk_115_redo,Kusko,2020,0.70907827300587,0.601232929120512,-8.0239095997702e-4,1208.79739356785,1397.71368411467,1859.152,0.707392497651068,915.8777717038745
2116,1108.784,0.708969850982365,0.598274765076939,2217.568,2020_kk_115_redo,Kusko,2020,0.709107810551466,0.600548886437772,-6.8404268273991e-4,1208.79739356785,1397.71368411467,1859.152,0.707392497651068,915.8777717038745
2117,1109.308,0.708703365259681,0.588238552961088,2218.616,2020_kk_115_redo,Kusko,2020,0.709119507254361,0.599878285722272,-6.7060071550062e-4,1208.79739356785,1397.71368411467,1859.152,0.707392497651068,915.8777717038745
2118,1109.832,0.710162739013008,0.585917418379442,2219.664,2020_kk_115_redo,Kusko,2020,0.709157998433836,0.599224161268487,-6.5412445378421e-4,1208.79739356785,1397.71368411467,1859.152,0.707392497651068,915.8777717038745
2119,1110.356,0.707220046399495,0.588759434533679,2220.712,2020_kk_115_redo,Kusko,2020,0.709149924656694,0.598675133233077,-5.4902803541068e-4,1208.79739356785,1397.71368411467,1859.152,0.707392497651068,915.8777717038745
2120,1110.88,0.708017847862443,0.587852941433152,2221.76,2020_kk_115_redo,Kusko,2020,0.70915501808136,0.598172061116966,-5.0307211611033e-4,1208.79739356785,1397.71368411467,1859.152,0.707392497651068,915.8777717038745
2121,1111.404,0.708944240481253,0.594583544452794,2222.808,2020_kk_115_redo,Kusko,2020,0.709182054247972,0.597466229740747,-7.0583137621982e-4,1208.79739356785,1397.71368411467,1859.152,0.707392497651068,915.8777717038745
2122,1111.928,0.708381880720587,0.591381237477604,2223.856,2020_kk_115_redo,Kusko,2020,0.709195185870601,0.596946013535387,-5.2021620535924e-4,1208.79739356785,1397.71368411467,1859.152,0.707392497651068,915.8777717038745
2123,1112.452,0.710272435997784,0.600352992361078,2224.904,2020_kk_115_redo,Kusko,2020,0.709245351846405,0.596509538078142,-4.3647545724556e-4,1208.79739356785,1397.71368411467,1859.152,0.707392497651068,915.8777717038745
2124,1112.976,0.708697459019527,0.602927697726112,2225.952,2020_kk_115_redo,Kusko,2020,0.709277562622937,0.596010621506526,-4.9891657161593e-4,1208.79739356785,1397.71368411467,1859.152,0.707392497651068,915.8777717038745
2125,1113.5,0.71081874677779,0.601938220724882,2227,2020_kk_115_redo,Kusko,2020,0.709281358589346,0.595563600415002,-4.4702109152405e-4,1208.79739356785,1397.71368411467,1859.152,0.707392497651068,915.8777717038745
2126,1114.024,0.710956388609094,0.596074748446286,2228.048,2020_kk_115_redo,Kusko,2020,0.709249226589573,0.595047741371,-5.1585904400208e-4,1208.79739356785,1397.71368411467,1859.152,0.707392497651068,915.8777717038745
2127,1114.548,0.70906187902794,0.599864894950849,2229.096,2020_kk_115_redo,Kusko,2020,0.709293504599029,0.594463124522636,-5.8461684836341e-4,1208.79739356785,1397.71368411467,1859.152,0.707392497651068,915.8777717038745
2128,1115.072,0.709267956686131,0.598472577069263,2230.144,2020_kk_115_redo,Kusko,2020,0.709291117827789,0.593970805939181,-4.9231858345544e-4,1208.79739356785,1397.71368411467,1859.152,0.707392497651068,915.8777717038745
2129,1115.596,0.711349495076323,0.599486144680176,2231.192,2020_kk_115_redo,Kusko,2020,0.709312147201004,0.593425107905106,-5.45698034075e-4,1208.79739356785,1397.71368411467,1859.152,0.707392497651068,915.8777717038745
2130,1116.12,0.709528385360275,0.587946877556671,2232.24,2020_kk_115_redo,Kusko,2020,0.709295131379114,0.592871741993253,-5.5336591185284e-4,1208.79739356785,1397.71368411467,1859.152,0.707392497651068,915.8777717038745
2131,1116.644,0.709684193227067,0.59864360714623,2233.288,2020_kk_115_redo,Kusko,2020,0.709267783668931,0.592493785229771,-3.7795676348162e-4,1208.79739356785,1397.71368411467,1859.152,0.707392497651068,915.8777717038745
2132,1117.168,0.707040137610911,0.59575167239962,2234.336,2020_kk_115_redo,Kusko,2020,0.709237074473682,0.592014694867989,-4.7909036178239e-4,1208.79739356785,1397.71368411467,1859.152,0.707392497651068,915.8777717038745
2133,1117.692,0.707553099145362,0.592726935941356,2235.384,2020_kk_115_redo,Kusko,2020,0.70927994140182,0.591725037367345,-2.8965750064435e-4,1208.79739356785,1397.71368411467,1859.152,0.707392497651068,915.8777717038745
2134,1118.216,0.707747332591785,0.59615083243959,2236.432,2020_kk_115_redo,Kusko,2020,0.709287859953482,0.591391609110609,-3.3342825673576e-4,1208.79739356785,1397.71368411467,1859.152,0.707392497651068,915.8777717038745
2135,1118.74,0.70936677254834,0.598944736663163,2237.48,2020_kk_115_redo,Kusko,2020,0.709273176536599,0.590940167242615,-4.5144186799361e-4,1208.79739356785,1397.71368411467,1859.152,0.707392497651068,915.8777717038745
2136,1119.264,0.709580203075716,0.591484513769602,2238.528,2020_kk_115_redo,Kusko,2020,0.70927303421829,0.590471305415688,-4.6886182692718e-4,1208.79739356785,1397.71368411467,1859.152,0.707392497651068,915.8777717038745
2137,1119.788,0.710503546435872,0.591274281462497,2239.576,2020_kk_115_redo,Kusko,2020,0.709293389712247,0.590125202756705,-3.4610265898327e-4,1208.79739356785,1397.71368411467,1859.152,0.707392497651068,915.8777717038745
2138,1120.312,0.707972432905549,0.588455970845176,2240.624,2020_kk_115_redo,Kusko,2020,0.709272765930635,0.589828723143993,-2.964796127115e-4,1208.79739356785,1397.71368411467,1859.152,0.707392497651068,915.8777717038745
2139,1120.836,0.707595603038136,0.591478058759115,2241.672,2020_kk_115_redo,Kusko,2020,0.709237118495389,0.589623234344974,-2.0548879901882e-4,1208.79739356785,1397.71368411467,1859.152,0.707392497651068,915.8777717038745
2140,1121.36,0.710103924817464,0.589759409449056,2242.72,2020_kk_115_redo,Kusko,2020,0.709229962613908,0.589510107804791,-1.1312654018347e-4,1208.79739356785,1397.71368411467,1859.152,0.707392497651068,915.8777717038745
2141,1121.884,0.707874010771236,0.592294412693224,2243.768,2020_kk_115_redo,Kusko,2020,0.709238290965574,0.589477034331586,-3.30734732044702e-5,1208.79739356785,1397.71368411467,1859.152,0.707392497651068,915.8777717038745
2142,1122.408,0.710885575511916,0.582059646586977,2244.816,2020_kk_115_redo,Kusko,2020,0.709262216394384,0.589417707958646,-5.93263729408156e-5,1208.79739356785,1397.71368411467,1859.152,0.707392497651068,915.8777717038745
2143,1122.932,0.709106771961878,0.582165541498902,2245.864,2020_kk_115_redo,Kusko,2020,0.709269821628494,0.589346538236936,-7.11697217092855e-5,1208.79739356785,1397.71368411467,1859.152,0.707392497651068,915.8777717038745
2144,1123.456,0.708236046980852,0.581439430010122,2246.912,2020_kk_115_redo,Kusko,2020,0.709279969148423,0.589139348651926,-2.0718958501042e-4,1208.79739356785,1397.71368411467,1859.152,0.707392497651068,915.8777717038745
2145,1123.98,0.711027988268354,0.585845084392138,2247.96,2020_kk_115_redo,Kusko,2020,0.709245717516029,0.588922681680176,-2.166669717496e-4,1208.79739356785,1397.71368411467,1859.152,0.707392497651068,915.8777717038745
2146,1124.504,0.710413421230513,0.59046870824333,2249.008,2020_kk_115_redo,Kusko,2020,0.709238828456552,0.58857101746598794,-3.5166421418808e-4,1208.79739356785,1397.71368411467,1859.152,0.707392497651068,915.8777717038745
2147,1125.028,0.710434334354468,0.586459746238581,2250.056,2020_kk_115_redo,Kusko,2020,0.709256976092188,0.588311250268442,-2.5976719754605e-4,1208.79739356785,1397.71368411467,1859.152,0.707392497651068,915.8777717038745
2148,1125.552,0.709752274293102,0.589045148859406,2251.104,2020_kk_115_redo,Kusko,2020,0.709229806505601,0.588181046509777,-1.3020375866568e-4,1208.79739356785,1397.71368411467,1859.152,0.707392497651068,915.8777717038745
2149,1126.076,0.709992960846675,0.59217630920948,2252.152,2020_kk_115_redo,Kusko,2020,0.709270780112279,0.588030972835714,-1.5007367406261e-4,1208.79739356785,1397.71368411467,1859.152,0.707392497651068,915.8777717038745
2150,1126.6,0.70989182917093,0.592076667802434,2253.2,2020_kk_115_redo,Kusko,2020,0.709280773413496,0.587940401879378,-9.05709563362445e-5,1208.79739356785,1397.71368411467,1859.152,0.707392497651068,915.8777717038745
2151,1127.124,0.7092047920797,0.587896838834401,2254.248,2020_kk_115_redo,Kusko,2020,0.709276143515588,0.587623177662102,-3.1722421727609e-4,1208.79739356785,1397.71368411467,1859.152,0.707392497651068,915.8777717038745
2152,1127.648,0.708946037752963,0.586702319513399,2255.296,2020_kk_115_redo,Kusko,2020,0.709314434640468,0.587418915914966,-2.0426174713583e-4,1208.79739356785,1397.71368411467,1859.152,0.707392497651068,915.8777717038745
2153,1128.172,0.707524795656182,0.594340202014544,2256.344,2020_kk_115_redo,Kusko,2020,0.709291485864005,0.587017397078931,-4.0151883603512e-4,1208.79739356785,1397.71368411467,1859.152,0.707392497651068,915.8777717038745
2154,1128.696,0.710176473482924,0.588038364417592,2257.392,2020_kk_115_redo,Kusko,2020,0.709305420199715,0.586564300360267,-4.5309671866344e-4,1208.79739356785,1397.71368411467,1859.152,0.707392497651068,915.8777717038745
2155,1129.22,0.710118697618457,0.582398173670962,2258.44,2020_kk_115_redo,Kusko,2020,0.709287687049713,0.586100639725686,-4.6366063458092e-4,1208.79739356785,1397.71368411467,1859.152,0.707392497651068,915.8777717038745
2156,1129.744,0.706772475319876,0.586930214421523,2259.488,2020_kk_115_redo,Kusko,2020,0.709256946345232,0.585855032910087,-2.4560681559948e-4,1208.79739356785,1397.71368411467,1859.152,0.707392497651068,915.8777717038745
2157,1130.268,0.710324090564121,0.581181205523149,2260.536,2020_kk_115_redo,Kusko,2020,0.709238431381748,0.585557875819111,-2.9715709097599e-4,1208.79739356785,1397.71368411467,1859.152,0.707392497651068,915.8777717038745
2158,1130.792,0.709067053919126,0.580515513685972,2261.584,2020_kk_115_redo,Kusko,2020,0.709217331704834,0.585416539896746,-1.4133592236442e-4,1208.79739356785,1397.71368411467,1859.152,0.707392497651068,915.8777717038745
2159,1131.316,0.71065238816308,0.586313794963098,2262.632,2020_kk_115_redo,Kusko,2020,0.70916724687953,0.585227882528309,-1.8865736843776e-4,1208.79739356785,1397.71368411467,1859.152,0.707392497651068,915.8777717038745
2160,1131.84,0.708109640362833,0.581164972502677,2263.68,2020_kk_115_redo,Kusko,2020,0.709135157764402,0.585230497235941,2.61470763229799e-6,1208.79739356785,1397.71368411467,1859.152,0.707392497651068,915.8777717038745
2161,1132.364,0.708521977742911,0.582924506257612,2264.728,2020_kk_115_redo,Kusko,2020,0.709136105794838,0.585330065595901,9.95683599602781e-5,1208.79739356785,1397.71368411467,1859.152,0.707392497651068,915.8777717038745
2162,1132.888,0.707534986288251,0.578259506162095,2265.776,2020_kk_115_redo,Kusko,2020,0.709184042113225,0.585466710637895,1.3664504199417e-4,1208.79739356785,1397.71368411467,1859.152,0.707392497651068,915.8777717038745
2163,1133.412,0.70957071451026,0.580820758243518,2266.824,2020_kk_115_redo,Kusko,2020,0.70920386143452,0.585518698628382,5.19879904862242e-5,1208.79739356785,1397.71368411467,1859.152,0.707392497651068,915.8777717038745
2164,1133.936,0.709978110626473,0.586999541734511,2267.872,2020_kk_115_redo,Kusko,2020,0.709240688273818,0.58564322249268,1.2452386429806e-4,1208.79739356785,1397.71368411467,1859.152,0.707392497651068,915.8777717038745
2165,1134.46,0.709829593090087,0.577464827658816,2268.92,2020_kk_115_redo,Kusko,2020,0.709210110340312,0.585653361308536,1.01388158565419e-5,1208.79739356785,1397.71368411467,1859.152,0.707392497651068,915.8777717038745
2166,1134.984,0.709520429588528,0.581309239173994,2269.968,2020_kk_115_redo,Kusko,2020,0.709204240634925,0.585696993435183,4.36321266471529e-5,1208.79739356785,1397.71368411467,1859.152,0.707392497651068,915.8777717038745
2167,1135.508,0.710239866582367,0.579613063241612,2271.016,2020_kk_115_redo,Kusko,2020,0.709175833860923,0.585796149823444,9.9156388260746e-5,1208.79739356785,1397.71368411467,1859.152,0.707392497651068,915.8777717038745
2168,1136.032,0.709352681349533,0.584440714901359,2272.064,2020_kk_115_redo,Kusko,2020,0.709183332188029,0.585906123013436,1.0997318999161e-4,1208.79739356785,1397.71368411467,1859.152,0.707392497651068,915.8777717038745
2169,1136.556,0.707630390462825,0.585621978037281,2273.112,2020_kk_115_redo,Kusko,2020,0.709206206709028,0.585969334530797,6.32115173614389e-5,1208.79739356785,1397.71368411467,1859.152,0.707392497651068,915.8777717038745
2170,1137.08,0.70939639922179,0.591134760221603,2274.16,2020_kk_115_redo,Kusko,2020,0.7091995336539,0.586070180765317,1.0084623451978e-4,1208.79739356785,1397.71368411467,1859.152,0.707392497651068,915.8777717038745
2171,1137.604,0.709939307282048,0.590059662348608,2275.208,2020_kk_115_redo,Kusko,2020,0.709200420831436,0.586041129413948,-2.90513513689916e-5,1208.79739356785,1397.71368411467,1859.152,0.707392497651068,915.8777717038745
2172,1138.128,0.70964565920406,0.58172090267969,2276.256,2020_kk_115_redo,Kusko,2020,0.709129020841789,0.586276480517559,2.3535110361105e-4,1208.79739356785,1397.71368411467,1859.152,0.707392497651068,915.8777717038745
2173,1138.652,0.710930603074512,0.585232623674096,2277.304,2020_kk_115_redo,Kusko,2020,0.709124647584726,0.58646001057161,1.8353005405125e-4,1208.79739356785,1397.71368411467,1859.152,0.707392497651068,915.8777717038745
2174,1139.176,0.708366080359347,0.585407817271174,2278.352,2020_kk_115_redo,Kusko,2020,0.709120869513645,0.586514984297907,5.49737262963701e-5,1208.79739356785,1397.71368411467,1859.152,0.707392497651068,915.8777717038745
2175,1139.7,0.70827463059964,0.578096637417295,2279.4,2020_kk_115_redo,Kusko,2020,0.709081221109944,0.586533918489526,1.89341916190244e-5,1208.79739356785,1397.71368411467,1859.152,0.707392497651068,915.8777717038745
2176,1140.224,0.708556507413768,0.577174912225656,2280.448,2020_kk_115_redo,Kusko,2020,0.709048620095607,0.586450376779464,-8.3541710062085e-5,1208.79739356785,1397.71368411467,1859.152,0.707392497651068,915.8777717038745
2177,1140.748,0.709792223397788,0.572652521108328,2281.496,2020_kk_115_redo,Kusko,2020,0.709028811762964,0.586373007510803,-7.73692686605321e-5,1208.79739356785,1397.71368411467,1859.152,0.707392497651068,915.8777717038745
2178,1141.272,0.708532563817842,0.5781051928595,2282.544,2020_kk_115_redo,Kusko,2020,0.709022336244697,0.586374815263172,1.8077523692428e-6,1208.79739356785,1397.71368411467,1859.152,0.707392497651068,915.8777717038745
2179,1141.796,0.709678462800165,0.579755014089923,2283.592,2020_kk_115_redo,Kusko,2020,0.709024658126295,0.586368501223449,-6.31403972284339e-6,1208.79739356785,1397.71368411467,1859.152,0.707392497651068,915.8777717038745
2180,1142.32,0.708617445935476,0.582418684052978,2284.64,2020_kk_115_redo,Kusko,2020,0.70900771745731,0.586395212047664,2.67108242147929e-5,1208.79739356785,1397.71368411467,1859.152,0.707392497651068,915.8777717038745
2181,1142.844,0.708666446606775,0.575550091416231,2285.688,2020_kk_115_redo,Kusko,2020,0.708973143749858,0.586458669913434,6.34578657697782e-5,1208.79739356785,1397.71368411467,1859.152,0.707392497651068,915.8777717038745
2182,1143.368,0.710679348213382,0.579125532649446,2286.736,2020_kk_115_redo,Kusko,2020,0.708988400899334,0.586544639538354,8.59696249196906e-5,1208.79739356785,1397.71368411467,1859.152,0.707392497651068,915.8777717038745
2183,1143.892,0.708895509409968,0.576261862198975,2287.784,2020_kk_115_redo,Kusko,2020,0.709007092922621,0.586387974144199,-1.5666539415482e-4,1208.79739356785,1397.71368411467,1859.152,0.707392497651068,915.8777717038745
2184,1144.416,0.709533519162134,0.575741894606308,2288.832,2020_kk_115_redo,Kusko,2020,0.709001160723318,0.586332142721269,-5.58314229294199e-5,1208.79739356785,1397.71368411467,1859.152,0.707392497651068,915.8777717038745
2185,1144.94,0.70975475777768,0.574118582650028,2289.88,2020_kk_115_redo,Kusko,2020,0.708974985688903,0.586342022556661,9.87983539113557e-6,1208.79739356785,1397.71368411467,1859.152,0.707392497651068,915.8777717038745
2186,1145.464,0.709111946340243,0.581338339510312,2290.928,2020_kk_115_redo,Kusko,2020,0.708973274150784,0.586339609594158,-2.41296250236278e-6,1208.79739356785,1397.71368411467,1859.152,0.707392497651068,915.8777717038745
2187,1145.988,0.707950981218893,0.582035469492294,2291.976,2020_kk_115_redo,Kusko,2020,0.708938488151083,0.586470362944042,1.3075334988366e-4,1208.79739356785,1397.71368411467,1859.152,0.707392497651068,915.8777717038745
2188,1146.512,0.70800197607131,0.589992421727397,2293.024,2020_kk_115_redo,Kusko,2020,0.708943680566918,0.586549855836041,7.94928919989335e-5,1208.79739356785,1397.71368411467,1859.152,0.707392497651068,915.8777717038745
2189,1147.036,0.708344405558059,0.588166702573914,2294.072,2020_kk_115_redo,Kusko,2020,0.708900227893811,0.586545809058773,-4.04677726772995e-6,1208.79739356785,1397.71368411467,1859.152,0.707392497651068,915.8777717038745
2190,1147.56,0.707603038452623,0.588103760014606,2295.12,2020_kk_115_redo,Kusko,2020,0.708920114942492,0.586645342523084,9.95334643113521e-5,1208.79739356785,1397.71368411467,1859.152,0.707392497651068,915.8777717038745
2191,1148.084,0.709741075053194,0.604617708743845,2296.168,2020_kk_115_redo,Kusko,2020,0.708944257974928,0.586667981099135,2.26385760510039e-5,1208.79739356785,1397.71368411467,1859.152,0.707392497651068,915.8777717038745
2192,1148.608,0.709916316714147,0.603950374919271,2297.216,2020_kk_115_redo,Kusko,2020,0.708959469132215,0.5868374973413,1.6951624216454e-4,1208.79739356785,1397.71368411467,1859.152,0.707392497651068,915.8777717038745
2193,1149.132,0.70874225842307,0.595846215370527,2298.264,2020_kk_115_redo,Kusko,2020,0.708922322472867,0.586829088715224,-8.40862607620618e-6,1208.79739356785,1397.71368411467,1859.152,0.707392497651068,915.8777717038745
2194,1149.656,0.709956942949657,0.603622264297481,2299.312,2020_kk_115_redo,Kusko,2020,0.708916899157903,0.586744089628974,-8.49990862499261e-5,1208.79739356785,1397.71368411467,1859.152,0.707392497651068,915.8777717038745
2195,1150.18,0.707532096537971,0.599553065614556,2300.36,2020_kk_115_redo,Kusko,2020,0.708934027893085,0.586827051871717,8.29622427431786e-5,1208.79739356785,1397.71368411467,1859.152,0.707392497651068,915.8777717038745
2196,1150.704,0.709228020752528,0.594102441368425,2301.408,2020_kk_115_redo,Kusko,2020,0.70892147808694606,0.586846221213175,1.91693414584027e-5,1208.79739356785,1397.71368411467,1859.152,0.707392497651068,915.8777717038745
2197,1151.228,0.708799139995701,0.597223664758141,2302.456,2020_kk_115_redo,Kusko,2020,0.70887493838472,0.586876384948884,3.01637357084106e-5,1208.79739356785,1397.71368411467,1859.152,0.707392497651068,915.8777717038745
2198,1151.752,0.708422332531958,0.595054362244675,2303.504,2020_kk_115_redo,Kusko,2020,0.708853847069764,0.586832982388744,-4.34025601401267e-5,1208.79739356785,1397.71368411467,1859.152,0.707392497651068,915.8777717038745
2199,1152.276,0.70896807429803,0.595270749800805,2304.552,2020_kk_115_redo,Kusko,2020,0.708886207023812,0.58672297552789,-1.1000686085338e-4,1208.79739356785,1397.71368411467,1859.152,0.707392497651068,915.8777717038745
2200,1152.8,0.709703541509795,0.59581018352024,2305.6,2020_kk_115_redo,Kusko,2020,0.708896051213336,0.586659076548518,-6.38989793719791e-5,1208.79739356785,1397.71368411467,1859.152,0.707392497651068,915.8777717038745
2201,1153.324,0.707927241423435,0.590551331611084,2306.648,2020_kk_115_redo,Kusko,2020,0.708837543787035,0.586670501577343,1.14250288246742e-5,1208.79739356785,1397.71368411467,1859.152,0.707392497651068,915.8777717038745
2202,1153.848,0.706601576133058,0.596180712803637,2307.696,2020_kk_115_redo,Kusko,2020,0.708811463424633,0.58691650478344,2.4600320609746e-4,1208.79739356785,1397.71368411467,1859.152,0.707392497651068,915.8777717038745
2203,1154.372,0.708844376538093,0.593177344741979,2308.744,2020_kk_115_redo,Kusko,2020,0.708816686362461,0.587121291806779,2.0478702333881e-4,1208.79739356785,1397.71368411467,1859.152,0.707392497651068,915.8777717038745
2204,1154.896,0.708009362715993,0.584737853587906,2309.792,2020_kk_115_redo,Kusko,2020,0.708822644117812,0.587270005954586,1.487141478067e-4,1208.79739356785,1397.71368411467,1859.152,0.707392497651068,915.8777717038745
2205,1155.42,0.708649084046309,0.586981135889283,2310.84,2020_kk_115_redo,Kusko,2020,0.708840249927222,0.587542777734954,2.7277178036755e-4,1208.79739356785,1397.71368411467,1859.152,0.707392497651068,915.8777717038745
2206,1155.944,0.708457360370294,0.5854562056396,2311.888,2020_kk_115_redo,Kusko,2020,0.708826471702612,0.587850984162356,3.0820642740248e-4,1208.79739356785,1397.71368411467,1859.152,0.707392497651068,915.8777717038745
2207,1156.468,0.709245834395893,0.581817590118953,2312.936,2020_kk_115_redo,Kusko,2020,0.70881819599491,0.588183357955322,3.3237379296557e-4,1208.79739356785,1397.71368411467,1859.152,0.707392497651068,915.8777717038745
2208,1156.992,0.709363743197086,0.589153614001559,2313.984,2020_kk_115_redo,Kusko,2020,0.708800753493971,0.5883689553935,1.8559743817814e-4,1208.79739356785,1397.71368411467,1859.152,0.707392497651068,915.8777717038745
2209,1157.516,0.710132273742536,0.591797466826107,2315.032,2020_kk_115_redo,Kusko,2020,0.708794192979182,0.588491517744682,1.2256235118179e-4,1208.79739356785,1397.71368411467,1859.152,0.707392497651068,915.8777717038745
2210,1158.04,0.708875389031811,0.593679317255319,2316.08,2020_kk_115_redo,Kusko,2020,0.708785727114864,0.588589247402193,9.7729657510981e-5,1208.79739356785,1397.71368411467,1859.152,0.707392497651068,915.8777717038745
2211,1158.564,0.707130369632583,0.591704310780593,2317.128,2020_kk_115_redo,Kusko,2020,0.708782396939357,0.588796116332714,2.0686893052179e-4,1208.79739356785,1397.71368411467,1859.152,0.707392497651068,915.8777717038745
2212,1159.088,0.709861466721559,0.59186049700858,2318.176,2020_kk_115_redo,Kusko,2020,0.708740773991565,0.588966758972331,1.7064263961652e-4,1208.79739356785,1397.71368411467,1859.152,0.707392497651068,915.8777717038745
2213,1159.612,0.70864631705339,0.584940278365252,2319.224,2020_kk_115_redo,Kusko,2020,0.708751320228366,0.589104008362683,1.3724939035253e-4,1208.79739356785,1397.71368411467,1859.152,0.707392497651068,915.8777717038745
2214,1160.136,0.709820541524708,0.584688479041822,2320.272,2020_kk_115_redo,Kusko,2020,0.708743856374223,0.589342131210396,2.3812284771285e-4,1208.79739356785,1397.71368411467,1859.152,0.707392497651068,915.8777717038745
2215,1160.66,0.70854819555359,0.582990963794429,2321.32,2020_kk_115_redo,Kusko,2020,0.708742534128796,0.589576542884177,2.3441167378035e-4,1208.79739356785,1397.71368411467,1859.152,0.707392497651068,915.8777717038745
2216,1161.184,0.706669783032704,0.586785436671382,2322.368,2020_kk_115_redo,Kusko,2020,0.708747276270869,0.589675196526014,9.86536418376982e-5,1208.79739356785,1397.71368411467,1859.152,0.707392497651068,915.8777717038745
2217,1161.708,0.708236930582097,0.589026406516174,2323.416,2020_kk_115_redo,Kusko,2020,0.708739458233744,0.589767488960669,9.22924346546949e-5,1208.79739356785,1397.71368411467,1859.152,0.707392497651068,915.8777717038745
2218,1162.232,0.709378598869203,0.585285087205906,2324.464,2020_kk_115_redo,Kusko,2020,0.708754560021215,0.589756899146389,-1.05898142804817e-5,1208.79739356785,1397.71368411467,1859.152,0.707392497651068,915.8777717038745
2219,1162.756,0.708045227776665,0.58607098832703,2325.512,2020_kk_115_redo,Kusko,2020,0.708767206716569,0.589689281095291,-6.76180510976732e-5,1208.79739356785,1397.71368411467,1859.152,0.707392497651068,915.8777717038745
2220,1163.28,0.709302863283728,0.587136980361357,2326.56,2020_kk_115_redo,Kusko,2020,0.708798516596256,0.589726245036162,3.69639408711597e-5,1208.79739356785,1397.71368411467,1859.152,0.707392497651068,915.8777717038745
2221,1163.804,0.70997055968905,0.584282820820673,2327.608,2020_kk_115_redo,Kusko,2020,0.708758362922678,0.589500038879511,-2.2620615665136e-4,1208.79739356785,1397.71368411467,1859.152,0.707392497651068,915.8777717038745
2222,1164.328,0.708447655725451,0.588430480691966,2328.656,2020_kk_115_redo,Kusko,2020,0.708730120979783,0.589217611910386,-2.8242696912417e-4,1208.79739356785,1397.71368411467,1859.152,0.707392497651068,915.8777717038745
2223,1164.852,0.707341914949416,0.580316240678943,2329.704,2020_kk_115_redo,Kusko,2020,0.708748147348044,0.588982965148443,-2.3464676194362e-4,1208.79739356785,1397.71368411467,1859.152,0.707392497651068,915.8777717038745
2224,1165.376,0.709652711728628,0.581899596559512,2330.752,2020_kk_115_redo,Kusko,2020,0.708726441777485,0.588570823419754,-4.1214172868853e-4,1208.79739356785,1397.71368411467,1859.152,0.707392497651068,915.8777717038745
2225,1165.9,0.710857317201008,0.582442562223403,2331.8,2020_kk_115_redo,Kusko,2020,0.70875672070309,0.588179565980261,-3.9125743949353e-4,1208.79739356785,1397.71368411467,1859.152,0.707392497651068,915.8777717038745
2226,1166.424,0.708767441220153,0.5824593996615,2332.848,2020_kk_115_redo,Kusko,2020,0.708771724531543,0.587936439780096,-2.4312620016475e-4,1208.79739356785,1397.71368411467,1859.152,0.707392497651068,915.8777717038745
2227,1166.948,0.707447484448818,0.581422887384114,2333.896,2020_kk_115_redo,Kusko,2020,0.708784062287725,0.587574419542239,-3.6202023785691e-4,1208.79739356785,1397.71368411467,1859.152,0.707392497651068,915.8777717038745
2228,1167.472,0.708087202452183,0.581836561292947,2334.944,2020_kk_115_redo,Kusko,2020,0.708811015213817,0.587354653247099,-2.1976629514042e-4,1208.79739356785,1397.71368411467,1859.152,0.707392497651068,915.8777717038745
2229,1167.996,0.709571987705709,0.57902156638608,2335.992,2020_kk_115_redo,Kusko,2020,0.708805128717687,0.587131943495394,-2.2270975170513e-4,1208.79739356785,1397.71368411467,1859.152,0.707392497651068,915.8777717038745
2230,1168.52,0.709987050593245,0.587300821459287,2337.04,2020_kk_115_redo,Kusko,2020,0.708778368735111,0.586950803970187,-1.811395252067e-4,1208.79739356785,1397.71368411467,1859.152,0.707392497651068,915.8777717038745
2231,1169.044,0.706428861703951,0.590745164078086,2338.088,2020_kk_115_redo,Kusko,2020,0.708783587733659,0.586782264848288,-1.6853912189873e-4,1208.79739356785,1397.71368411467,1859.152,0.707392497651068,915.8777717038745
2232,1169.568,0.708080837459938,0.596481095045535,2339.136,2020_kk_115_redo,Kusko,2020,0.708829750110377,0.586597899745558,-0.00018436510272967001,1208.79739356785,1397.71368411467,1859.152,0.707392497651068,915.8777717038745
2233,1170.092,0.711243979344235,0.597519845074426,2340.184,2020_kk_115_redo,Kusko,2020,0.708799088666894,0.586440763838335,-1.5713590722366e-4,1208.79739356785,1397.71368411467,1859.152,0.707392497651068,915.8777717038745
2234,1170.616,0.708723545680398,0.594330666139574,2341.232,2020_kk_115_redo,Kusko,2020,0.708813405146211,0.586616948303445,1.7618446510991e-4,1208.79739356785,1397.71368411467,1859.152,0.707392497651068,915.8777717038745
2235,1171.14,0.709330979164205,0.594462944239355,2342.28,2020_kk_115_redo,Kusko,2020,0.708823765428622,0.586661595281657,4.46469782120484e-5,1208.79739356785,1397.71368411467,1859.152,0.707392497651068,915.8777717038745
2236,1171.664,0.707729813937168,0.5956672978698,2343.328,2020_kk_115_redo,Kusko,2020,0.708837072037769,0.586708187798883,4.65925172264958e-5,1208.79739356785,1397.71368411467,1859.152,0.707392497651068,915.8777717038745
2237,1172.188,0.709295680935688,0.592594948686266,2344.376,2020_kk_115_redo,Kusko,2020,0.708822682387128,0.586719706108609,1.15183097260108e-5,1208.79739356785,1397.71368411467,1859.152,0.707392497651068,915.8777717038745
2238,1172.712,0.707486013761482,0.589241039150182,2345.424,2020_kk_115_redo,Kusko,2020,0.708805481951046,0.586604039124549,-1.1566698406007e-4,1208.79739356785,1397.71368411467,1859.152,0.707392497651068,915.8777717038745
2239,1173.236,0.709284831912851,0.58710875516082806,2346.472,2020_kk_115_redo,Kusko,2020,0.70875644624672,0.586310779101883,-2.9326002266627e-4,1208.79739356785,1397.71368411467,1859.152,0.707392497651068,915.8777717038745
2240,1173.76,0.70810949407637,0.588282463503641,2347.52,2020_kk_115_redo,Kusko,2020,0.708767973785052,0.586005729359741,-3.0504974214229e-4,1208.79739356785,1397.71368411467,1859.152,0.707392497651068,915.8777717038745
2241,1174.284,0.708466636076371,0.587962227247533,2348.568,2020_kk_115_redo,Kusko,2020,0.708783142559049,0.585669491346541,-3.3623801319948e-4,1208.79739356785,1397.71368411467,1859.152,0.707392497651068,915.8777717038745
2242,1174.808,0.708181971345867,0.589364091026436,2349.616,2020_kk_115_redo,Kusko,2020,0.708761893103813,0.585351128407564,-3.1836293897691e-4,1208.79739356785,1397.71368411467,1859.152,0.707392497651068,915.8777717038745
2243,1175.332,0.709528283618024,0.584496825620128,2350.664,2020_kk_115_redo,Kusko,2020,0.708742485829744,0.585132101555065,-2.1902685249941e-4,1208.79739356785,1397.71368411467,1859.152,0.707392497651068,915.8777717038745
2244,1175.856,0.709085687913568,0.590029265469083,2351.712,2020_kk_115_redo,Kusko,2020,0.708711256217258,0.585035054117303,-9.70474377618435e-5,1208.79739356785,1397.71368411467,1859.152,0.707392497651068,915.8777717038745
2245,1176.38,0.709675423052046,0.58818328307685,2352.76,2020_kk_115_redo,Kusko,2020,0.708717027274675,0.584982319942166,-5.27341751368482e-5,1208.79739356785,1397.71368411467,1859.152,0.707392497651068,915.8777717038745
2246,1176.904,0.709396474864626,0.587257558020571,2353.808,2020_kk_115_redo,Kusko,2020,0.708774084207401,0.584721991614208,-2.603283279583e-4,1208.79739356785,1397.71368411467,1859.152,0.707392497651068,915.8777717038745
2247,1177.428,0.707481898991406,0.587573015571578,2354.856,2020_kk_115_redo,Kusko,2020,0.708820024461545,0.584466397937108,-2.555936770997e-4,1208.79739356785,1397.71368411467,1859.152,0.707392497651068,915.8777717038745
2248,1177.952,0.708908083319586,0.589357032870566,2355.904,2020_kk_115_redo,Kusko,2020,0.708811621714682,0.584268329623908,-1.9806831320046e-4,1208.79739356785,1397.71368411467,1859.152,0.707392497651068,915.8777717038745
2249,1178.476,0.709103207279295,0.584109619508057,2356.952,2020_kk_115_redo,Kusko,2020,0.708844568606791,0.584058043364846,-2.102862590616e-4,1208.79739356785,1397.71368411467,1859.152,0.707392497651068,915.8777717038745
2250,1179,0.709481631233828,0.590321596466876,2358,2020_kk_115_redo,Kusko,2020,0.708837740743726,0.58384729919132,-2.1074417352562e-4,1208.79739356785,1397.71368411467,1859.152,0.707392497651068,915.8777717038745
2251,1179.524,0.70733185463852,0.591045339344765,2359.048,2020_kk_115_redo,Kusko,2020,0.708802763677567,0.583639911041754,-2.0738814956644e-4,1208.79739356785,1397.71368411467,1859.152,0.707392497651068,915.8777717038745
2252,1180.048,0.708221800140456,0.58700475677182,2360.096,2020_kk_115_redo,Kusko,2020,0.708797814734961,0.583442173728127,-1.9773731362715e-4,1208.79739356785,1397.71368411467,1859.152,0.707392497651068,915.8777717038745
2253,1180.572,0.709823840518722,0.581767409653914,2361.144,2020_kk_115_redo,Kusko,2020,0.708820874103555,0.583525944084388,8.37703562607262e-5,1208.79739356785,1397.71368411467,1859.152,0.707392497651068,915.8777717038745
2254,1181.096,0.708654608716119,0.578893760576165,2362.192,2020_kk_115_redo,Kusko,2020,0.708823799088919,0.583453280203651,-7.26638807364566e-5,1208.79739356785,1397.71368411467,1859.152,0.707392497651068,915.8777717038745
2255,1181.62,0.70934883207425,0.57607761924495,2363.24,2020_kk_115_redo,Kusko,2020,0.708815388171323,0.583327251459371,-1.2602874428013e-4,1208.79739356785,1397.71368411467,1859.152,0.707392497651068,915.8777717038745
2256,1182.144,0.710128250459705,0.579514869358535,2364.288,2020_kk_115_redo,Kusko,2020,0.708839678729221,0.583209805972845,-1.174454865257e-4,1208.79739356785,1397.71368411467,1859.152,0.707392497651068,915.8777717038745
2257,1182.668,0.709539405366651,0.575502450486726,2365.336,2020_kk_115_redo,Kusko,2020,0.708830602184107,0.583184868865858,-2.4937106987255e-5,1208.79739356785,1397.71368411467,1859.152,0.707392497651068,915.8777717038745
2258,1183.192,0.71003950809747,0.581868384536249,2366.384,2020_kk_115_redo,Kusko,2020,0.708835537660395,0.583003460961019,-1.8140790483878e-4,1208.79739356785,1397.71368411467,1859.152,0.707392497651068,915.8777717038745
2259,1183.716,0.708614884530232,0.581908164698496,2367.432,2020_kk_115_redo,Kusko,2020,0.70886135029798,0.582917867440655,-8.55935203641911e-5,1208.79739356785,1397.71368411467,1859.152,0.707392497651068,915.8777717038745
2260,1184.24,0.708097942555205,0.584941812007839,2368.48,2020_kk_115_redo,Kusko,2020,0.708842366112962,0.582719161586543,-1.9870585411196e-4,1208.79739356785,1397.71368411467,1859.152,0.707392497651068,915.8777717038745
2261,1184.764,0.708240381336336,0.580438984297155,2369.528,2020_kk_115_redo,Kusko,2020,0.708876887392975,0.582477488029028,-2.4167355751525e-4,1208.79739356785,1397.71368411467,1859.152,0.707392497651068,915.8777717038745
2262,1185.288,0.709371318736119,0.585118806639855,2370.576,2020_kk_115_redo,Kusko,2020,0.708865326078219,0.582255169123864,-2.2231890516399e-4,1208.79739356785,1397.71368411467,1859.152,0.707392497651068,915.8777717038745
2263,1185.812,0.707004689929138,0.583749190308563,2371.624,2020_kk_115_redo,Kusko,2020,0.708815202319183,0.581910527470809,-3.4464165305436e-4,1208.79739356785,1397.71368411467,1859.152,0.707392497651068,915.8777717038745
2264,1186.336,0.708868351474995,0.595308921494505,2372.672,2020_kk_115_redo,Kusko,2020,0.708838645730135,0.581669292901826,-2.4123456898339e-4,1208.79739356785,1397.71368411467,1859.152,0.707392497651068,915.8777717038745
2265,1186.86,0.709270700990962,0.589659954582007,2373.72,2020_kk_115_redo,Kusko,2020,0.708827763584346,0.581367571280996,-3.0172162082964e-4,1208.79739356785,1397.71368411467,1859.152,0.707392497651068,915.8777717038745
2266,1187.384,0.709255756919105,0.588251756673184,2374.768,2020_kk_115_redo,Kusko,2020,0.708867951895038,0.581051054256508,-3.1651702448809e-4,1208.79739356785,1397.71368411467,1859.152,0.707392497651068,915.8777717038745
2267,1187.908,0.708382455357476,0.582508688702521,2375.816,2020_kk_115_redo,Kusko,2020,0.708836098330773,0.580789696679128,-2.6135757738021e-4,1208.79739356785,1397.71368411467,1859.152,0.707392497651068,915.8777717038745
2268,1188.432,0.708331717032156,0.582213594957954,2376.864,2020_kk_115_redo,Kusko,2020,0.708878845344715,0.580573794673976,-2.1590200515198e-4,1208.79739356785,1397.71368411467,1859.152,0.707392497651068,915.8777717038745
2269,1188.956,0.707190131482979,0.574201865466125,2377.912,2020_kk_115_redo,Kusko,2020,0.708844095760705,0.580284764368903,-2.8903030507287e-4,1208.79739356785,1397.71368411467,1859.152,0.707392497651068,915.8777717038745
2270,1189.48,0.709567041331698,0.57537633272678,2378.96,2020_kk_115_redo,Kusko,2020,0.708853622059785,0.579972284835562,-3.1247953334101e-4,1208.79739356785,1397.71368411467,1859.152,0.707392497651068,915.8777717038745
2271,1190.004,0.708040496072393,0.571530029988621,2380.008,2020_kk_115_redo,Kusko,2020,0.708852295002619,0.579749429304098,-2.228555314645e-4,1208.79739356785,1397.71368411467,1859.152,0.707392497651068,915.8777717038745
2272,1190.528,0.708586499407451,0.572758720669963,2381.056,2020_kk_115_redo,Kusko,2020,0.708895552198426,0.579415452512759,-3.3397679133839e-4,1208.79739356785,1397.71368411467,1859.152,0.707392497651068,915.8777717038745
2273,1191.052,0.707481880609202,0.57179866721529,2382.104,2020_kk_115_redo,Kusko,2020,0.70889603496282,0.579133303577922,-2.8214893483746e-4,1208.79739356785,1397.71368411467,1859.152,0.707392497651068,915.8777717038745
2274,1191.576,0.707946764775536,0.578865632776111,2383.152,2020_kk_115_redo,Kusko,2020,0.708893825108952,0.578706580104673,-4.267234732489e-4,1208.79739356785,1397.71368411467,1859.152,0.707392497651068,915.8777717038745
2275,1192.1,0.708894458998651,0.579826913286219,2384.2,2020_kk_115_redo,Kusko,2020,0.708873432017161,0.578311616433206,-3.9496367146696e-4,1208.79739356785,1397.71368411467,1859.152,0.707392497651068,915.8777717038745
2276,1192.624,0.710093198996238,0.571165736993882,2385.248,2020_kk_115_redo,Kusko,2020,0.70884596293041,0.577994518019797,-3.1709841340887e-4,1208.79739356785,1397.71368411467,1859.152,0.707392497651068,915.8777717038745
2277,1193.148,0.710993345830754,0.573690785890193,2386.296,2020_kk_115_redo,Kusko,2020,0.708888391445975,0.577648490690512,-3.4602732928501e-4,1208.79739356785,1397.71368411467,1859.152,0.707392497651068,915.8777717038745
2278,1193.672,0.708874434057424,0.573400988413876,2387.344,2020_kk_115_redo,Kusko,2020,0.708893951586791,0.577233133283158,-4.1535740735432e-4,1208.79739356785,1397.71368411467,1859.152,0.707392497651068,915.8777717038745
2279,1194.196,0.710022041303196,0.573453812783336,2388.392,2020_kk_115_redo,Kusko,2020,0.708922775741838,0.576906510048751,-3.2662323440713e-4,1208.79739356785,1397.71368411467,1859.152,0.707392497651068,915.8777717038745
2280,1194.72,0.708893191499814,0.574492329949817,2389.44,2020_kk_115_redo,Kusko,2020,0.70894762548322,0.576520038118486,-3.8647193026419e-4,1208.79739356785,1397.71368411467,1859.152,0.707392497651068,915.8777717038745
2281,1195.244,0.707871935719515,0.571839531846691,2390.488,2020_kk_115_redo,Kusko,2020,0.708972885994298,0.576088806344249,-4.3123177423753e-4,1208.79739356785,1397.71368411467,1859.152,0.707392497651068,915.8777717038745
2282,1195.768,0.708150719169096,0.576566241874337,2391.536,2020_kk_115_redo,Kusko,2020,0.708983506209288,0.575651890936174,-4.36915408075e-4,1208.79739356785,1397.71368411467,1859.152,0.707392497651068,915.8777717038745
2283,1196.292,0.708725477065083,0.58534246205459,2392.584,2020_kk_115_redo,Kusko,2020,0.708952486549294,0.575346105413716,-3.0578552245774e-4,1208.79739356785,1397.71368411467,1859.152,0.707392497651068,915.8777717038745
2284,1196.816,0.709828210850442,0.577539763715327,2393.632,2020_kk_115_redo,Kusko,2020,0.708946202250594,0.575192792352288,-1.5331306142785e-4,1208.79739356785,1397.71368411467,1859.152,0.707392497651068,915.8777717038745
2285,1197.34,0.710352662145258,0.574880837566596,2394.68,2020_kk_115_redo,Kusko,2020,0.708972649531241,0.574997440753473,-1.95351598815e-4,1208.79739356785,1397.71368411467,1859.152,0.707392497651068,915.8777717038745
2286,1197.864,0.71022487469405,0.575412670469959,2395.728,2020_kk_115_redo,Kusko,2020,0.708961943729095,0.574665969983799,-3.3147076967421e-4,1208.79739356785,1397.71368411467,1859.152,0.707392497651068,915.8777717038745
2287,1198.388,0.706902891741939,0.579926660964877,2396.776,2020_kk_115_redo,Kusko,2020,0.708963552346093,0.574612485807587,-5.3484176212204e-5,1208.79739356785,1397.71368411467,1859.152,0.707392497651068,915.8777717038745
2288,1198.912,0.708383331029515,0.570952087002623,2397.824,2020_kk_115_redo,Kusko,2020,0.708944157091823,0.574415130452111,-1.9735535547538e-4,1208.79739356785,1397.71368411467,1859.152,0.707392497651068,915.8777717038745
2289,1199.436,0.711120745960785,0.57388595516423,2398.872,2020_kk_115_redo,Kusko,2020,0.70893318418803,0.574004132228364,-4.1099822374746e-4,1208.79739356785,1397.71368411467,1859.152,0.707392497651068,915.8777717038745
2290,1199.96,0.70884799949215,0.575378470212573,2399.92,2020_kk_115_redo,Kusko,2020,0.708939766403198,0.573548811979233,-4.5532024913053e-4,1208.79739356785,1397.71368411467,1859.152,0.707392497651068,915.8777717038745
2291,1200.484,0.708500138504721,0.576244750627171,2400.968,2020_kk_115_redo,Kusko,2020,0.708922800888071,0.573172619819994,-3.7619215923911e-4,1208.79739356785,1397.71368411467,1859.152,0.707392497651068,915.8777717038745
2292,1201.008,0.707387158574591,0.583141960735695,2402.016,2020_kk_115_redo,Kusko,2020,0.708918690412731,0.572743664527845,-4.2895529214936e-4,1208.79739356785,1397.71368411467,1859.152,0.707392497651068,915.8777717038745
2293,1201.532,0.708236553802064,0.576841345891162,2403.064,2020_kk_115_redo,Kusko,2020,0.708952496416196,0.572364632904003,-3.7903162384178e-4,1208.79739356785,1397.71368411467,1859.152,0.707392497651068,915.8777717038745
2294,1202.056,0.710130150337529,0.579856592000574,2404.112,2020_kk_115_redo,Kusko,2020,0.708985679913753,0.571724855325498,-6.3977757850541e-4,1208.79739356785,1397.71368411467,1859.152,0.707392497651068,915.8777717038745
2295,1202.58,0.708678050416856,0.576359646989572,2405.16,2020_kk_115_redo,Kusko,2020,0.708975631692989,0.571310395326213,-4.1445999928468e-4,1208.79739356785,1397.71368411467,1859.152,0.707392497651068,915.8777717038745
2296,1203.104,0.710141112578707,0.576676276400512,2406.208,2020_kk_115_redo,Kusko,2020,0.708920911716909,0.570906572302596,-4.0382302361718e-4,1208.79739356785,1397.71368411467,1859.152,0.707392497651068,915.8777717038745
2297,1203.628,0.707384467079786,0.576913494043454,2407.256,2020_kk_115_redo,Kusko,2020,0.708939775043029,0.570669428804665,-2.3714349793069e-4,1208.79739356785,1397.71368411467,1859.152,0.707392497651068,915.8777717038745
2298,1204.152,0.710050834597995,0.576286918841068,2408.304,2020_kk_115_redo,Kusko,2020,0.708951135317072,0.570564102450619,-1.053263540458e-4,1208.79739356785,1397.71368411467,1859.152,0.707392497651068,915.8777717038745
2299,1204.676,0.707199856872293,0.569766936856453,2409.352,2020_kk_115_redo,Kusko,2020,0.709024753450555,0.570496937019804,-6.7165430815086e-5,1208.79739356785,1397.71368411467,1859.152,0.707392497651068,915.8777717038745
2300,1205.2,0.708681072021138,0.569533691503177,2410.4,2020_kk_115_redo,Kusko,2020,0.709053177733305,0.570427817105388,-6.91199144159382e-5,1208.79739356785,1397.71368411467,1859.152,0.707392497651068,915.8777717038745
2301,1205.724,0.708387012646418,0.574590895359662,2411.448,2020_kk_115_redo,Kusko,2020,0.709036483945085,0.570441892470333,1.40753649446879e-5,1208.79739356785,1397.71368411467,1859.152,0.707392497651068,915.8777717038745
2302,1206.248,0.710777403094289,0.569325483546135,2412.496,2020_kk_115_redo,Kusko,2020,0.709064841730084,0.570377900876977,-6.39915933564605e-5,1208.79739356785,1397.71368411467,1859.152,0.707392497651068,915.8777717038745
2303,1206.772,0.709557249481671,0.567567889529877,2413.544,2020_kk_115_redo,Kusko,2020,0.709107505533232,0.570380909979161,3.00910218431483e-6,1208.79739356785,1397.71368411467,1859.152,0.707392497651068,915.8777717038745
2304,1207.296,0.708953096681499,0.564425857074157,2414.592,2020_kk_115_redo,Kusko,2020,0.709126290825833,0.570163538931239,-2.1737104792185e-4,1208.79739356785,1397.71368411467,1859.152,0.707392497651068,915.8777717038745
2305,1207.82,0.70845183754459,0.564485462788827,2415.64,2020_kk_115_redo,Kusko,2020,0.709138385901954,0.569979336962561,-1.8420196867774e-4,1208.79739356785,1397.71368411467,1859.152,0.707392497651068,915.8777717038745
2306,1208.344,0.707748329659554,0.568231653216042,2416.688,2020_kk_115_redo,Kusko,2020,0.709099565130224,0.569912793747263,-6.65432152986423e-5,1208.79739356785,1397.71368411467,1859.152,0.707392497651068,915.8777717038745
2307,1208.868,0.710027609925308,0.566811375814474,2417.736,2020_kk_115_redo,Kusko,2020,0.709063697399756,0.56978882561267,-1.239681345927e-4,1208.79739356785,1397.71368411467,1859.152,0.707392497651068,915.8777717038745
2308,1209.392,0.709241691768531,0.564435588429302,2418.784,2020_kk_115_redo,Kusko,2020,0.709032997944603,0.569661253374987,-1.2757223768267e-4,1208.79739356785,1397.71368411467,1859.152,0.707392497651068,915.8777717038745
2309,1209.916,0.7108326565821,0.564512225443627,2419.832,2020_kk_115_redo,Kusko,2020,0.709004792403645,0.569609041465763,-5.22119092239981e-5,1208.79739356785,1397.71368411467,1859.152,0.707392497651068,915.8777717038745
2310,1210.44,0.710972615716734,0.567133280651025,2420.88,2020_kk_115_redo,Kusko,2020,0.709032387754304,0.569481132040618,-1.2790942514484e-4,1208.79739356785,1397.71368411467,1859.152,0.707392497651068,915.8777717038745
2311,1210.964,0.70884748530322,0.565171432890512,2421.928,2020_kk_115_redo,Kusko,2020,0.709037057116933,0.569381978972075,-9.91530685438002e-5,1208.79739356785,1397.71368411467,1859.152,0.707392497651068,915.8777717038745
2312,1211.488,0.708859013039841,0.560789832287324,2422.976,2020_kk_115_redo,Kusko,2020,0.709062298516429,0.569128475543819,-2.535034282558e-4,1208.79739356785,1397.71368411467,1859.152,0.707392497651068,915.8777717038745
2313,1212.012,0.7079626609191,0.563420278306446,2424.024,2020_kk_115_redo,Kusko,2020,0.709089996465938,0.56868096445941,-4.4751108440832e-4,1208.79739356785,1397.71368411467,1859.152,0.707392497651068,915.8777717038745
2314,1212.536,0.708277550794128,0.569694976890497,2425.072,2020_kk_115_redo,Kusko,2020,0.709078908592345,0.568376349780801,-3.046146786092e-4,1208.79739356785,1397.71368411467,1859.152,0.707392497651068,915.8777717038745
2315,1213.06,0.710935668913057,0.564356523316048,2426.12,2020_kk_115_redo,Kusko,2020,0.709103611704879,0.568028126239999,-3.4822354080232e-4,1208.79739356785,1397.71368411467,1859.152,0.707392497651068,915.8777717038745
2316,1213.584,0.709485902330955,0.559626623178075,2427.168,2020_kk_115_redo,Kusko,2020,0.7090976225138,0.567729177827544,-2.9894841245536e-4,1208.79739356785,1397.71368411467,1859.152,0.707392497651068,915.8777717038745
2317,1214.108,0.70963592238652,0.572293399913996,2428.216,2020_kk_115_redo,Kusko,2020,0.709131598712922,0.567423982166273,-3.0519566127063e-4,1208.79739356785,1397.71368411467,1859.152,0.707392497651068,915.8777717038745
2318,1214.632,0.708875792841295,0.570027063207724,2429.264,2020_kk_115_redo,Kusko,2020,0.7091398045617,0.567325984733362,-9.79974329111677e-5,1208.79739356785,1397.71368411467,1859.152,0.707392497651068,915.8777717038745
2319,1215.156,0.707956510302638,0.557248271273652,2430.312,2020_kk_115_redo,Kusko,2020,0.709077101747587,0.567264613182545,-6.13715508168688e-5,1208.79739356785,1397.71368411467,1859.152,0.707392497651068,915.8777717038745
2320,1215.68,0.708492875465255,0.557622597060011,2431.36,2020_kk_115_redo,Kusko,2020,0.709088032130902,0.567034071027229,-2.3054215531559e-4,1208.79739356785,1397.71368411467,1859.152,0.707392497651068,915.8777717038745
2321,1216.204,0.707222450428727,0.557867454742805,2432.408,2020_kk_115_redo,Kusko,2020,0.709080887637798,0.566828849853915,-2.0522117331411e-4,1208.79739356785,1397.71368411467,1859.152,0.707392497651068,915.8777717038745
2322,1216.728,0.709124690215713,0.559381489110894,2433.456,2020_kk_115_redo,Kusko,2020,0.709123527162248,0.566359828673256,-4.690211806595e-4,1208.79739356785,1397.71368411467,1859.152,0.707392497651068,915.8777717038745
2323,1217.252,0.709033050137066,0.561007292878059,2434.504,2020_kk_115_redo,Kusko,2020,0.709110415299843,0.566024761497039,-3.3506717621678e-4,1208.79739356785,1397.71368411467,1859.152,0.707392497651068,915.8777717038745
2324,1217.776,0.710859361328428,0.556922266784183,2435.552,2020_kk_115_redo,Kusko,2020,0.709061731878277,0.565596820489391,-4.2794100764798e-4,1208.79739356785,1397.71368411467,1859.152,0.707392497651068,915.8777717038745
2325,1218.3,0.708667807745105,0.56479235462492,2436.6,2020_kk_115_redo,Kusko,2020,0.709070090092426,0.565320591788347,-2.7622870104371e-4,1208.79739356785,1397.71368411467,1859.152,0.707392497651068,915.8777717038745
2326,1218.824,0.705972558354284,0.564022375256153,2437.648,2020_kk_115_redo,Kusko,2020,0.709051475053006,0.565046182808984,-2.7440897936337e-4,1208.79739356785,1397.71368411467,1859.152,0.707392497651068,915.8777717038745
2327,1219.348,0.709514254924683,0.568280078826675,2438.696,2020_kk_115_redo,Kusko,2020,0.709075753978062,0.564628764087975,-4.1741872100908e-4,1208.79739356785,1397.71368411467,1859.152,0.707392497651068,915.8777717038745
2328,1219.872,0.709013333474763,0.575894013715204,2439.744,2020_kk_115_redo,Kusko,2020,0.709017424821158,0.564187411705103,-4.4135238287201e-4,1208.79739356785,1397.71368411467,1859.152,0.707392497651068,915.8777717038745
2329,1220.396,0.711607219491965,0.570171939617222,2440.792,2020_kk_115_redo,Kusko,2020,0.709049334612016,0.563970938558678,-2.164731464247e-4,1208.79739356785,1397.71368411467,1859.152,0.707392497651068,915.8777717038745
2330,1220.92,0.711272498296698,0.571229137861827,2441.84,2020_kk_115_redo,Kusko,2020,0.709072278519469,0.563672952744792,-2.9798581388618e-4,1208.79739356785,1397.71368411467,1859.152,0.707392497651068,915.8777717038745
2331,1221.444,0.707038868779175,0.5723745518853,2442.888,2020_kk_115_redo,Kusko,2020,0.709084670327851,0.563287152274249,-3.8580047054259e-4,1208.79739356785,1397.71368411467,1859.152,0.707392497651068,915.8777717038745
2332,1221.968,0.710287966507424,0.568919225068575,2443.936,2020_kk_115_redo,Kusko,2020,0.709060882866486,0.56304869334072,-2.384589335298e-4,1208.79739356785,1397.71368411467,1859.152,0.707392497651068,915.8777717038745
2333,1222.492,0.710041708798059,0.571979213346352,2444.984,2020_kk_115_redo,Kusko,2020,0.70902753675135,0.562763089508544,-2.8560383217513e-4,1208.79739356785,1397.71368411467,1859.152,0.707392497651068,915.8777717038745
2334,1223.016,0.709073882331586,0.565823369900803,2446.032,2020_kk_115_redo,Kusko,2020,0.709042847875142,0.562616304897619,-1.4678461092509e-4,1208.79739356785,1397.71368411467,1859.152,0.707392497651068,915.8777717038745
2335,1223.54,0.709620163565917,0.56877479516555,2447.08,2020_kk_115_redo,Kusko,2020,0.709052272591974,0.562443645385001,-1.7265951261791e-4,1208.79739356785,1397.71368411467,1859.152,0.707392497651068,915.8777717038745
2336,1224.064,0.707763952692436,0.567173144075964,2448.128,2020_kk_115_redo,Kusko,2020,0.709093566092119,0.562232128362418,-2.1151702258359e-4,1208.79739356785,1397.71368411467,1859.152,0.707392497651068,915.8777717038745
2337,1224.588,0.708841282002687,0.566252697814623,2449.176,2020_kk_115_redo,Kusko,2020,0.709066621112676,0.562156919591139,-7.52087712788674e-5,1208.79739356785,1397.71368411467,1859.152,0.707392497651068,915.8777717038745
2338,1225.112,0.707032466748251,0.56574665415292,2450.224,2020_kk_115_redo,Kusko,2020,0.709050283398827,0.562091025247577,-6.58943435616344e-5,1208.79739356785,1397.71368411467,1859.152,0.707392497651068,915.8777717038745
2339,1225.636,0.70832970884573,0.57032109822989,2451.272,2020_kk_115_redo,Kusko,2020,0.709010077366828,0.562025285727253,-6.57395203240707e-5,1208.79739356785,1397.71368411467,1859.152,0.707392497651068,915.8777717038745
2340,1226.16,0.710548912539304,0.566817764441133,2452.32,2020_kk_115_redo,Kusko,2020,0.709005841010898,0.562087952232086,6.26665048332198e-5,1208.79739356785,1397.71368411467,1859.152,0.707392497651068,915.8777717038745
2341,1226.684,0.708152097477271,0.565890347734059,2453.368,2020_kk_115_redo,Kusko,2020,0.709040030759651,0.561969501795183,-1.184504369035e-4,1208.79739356785,1397.71368411467,1859.152,0.707392497651068,915.8777717038745
2342,1227.208,0.709665203138864,0.561356036178988,2454.416,2020_kk_115_redo,Kusko,2020,0.709031650382137,0.561982058024811,1.25562296281467e-5,1208.79739356785,1397.71368411467,1859.152,0.707392497651068,915.8777717038745
2343,1227.732,0.710387354035622,0.558491796990086,2455.464,2020_kk_115_redo,Kusko,2020,0.709042228921518,0.561817371750354,-1.646862744572e-4,1208.79739356785,1397.71368411467,1859.152,0.707392497651068,915.8777717038745
2344,1228.256,0.709162938434868,0.559262882998777,2456.512,2020_kk_115_redo,Kusko,2020,0.709052457094334,0.561549661944185,-2.6770980616919e-4,1208.79739356785,1397.71368411467,1859.152,0.707392497651068,915.8777717038745
2345,1228.78,0.711834848897304,0.553987425118447,2457.56,2020_kk_115_redo,Kusko,2020,0.709014961285449,0.561363421071359,-1.8624087282537e-4,1208.79739356785,1397.71368411467,1859.152,0.707392497651068,915.8777717038745
2346,1229.304,0.709865523229302,0.557475765722646,2458.608,2020_kk_115_redo,Kusko,2020,0.709025268282268,0.561335290129049,-2.81309423102449e-5,1208.79739356785,1397.71368411467,1859.152,0.707392497651068,915.8777717038745
2347,1229.828,0.708941463689245,0.561614921288633,2459.656,2020_kk_115_redo,Kusko,2020,0.709008299830661,0.56106826718966,-2.6702293938885e-4,1208.79739356785,1397.71368411467,1859.152,0.707392497651068,915.8777717038745
2348,1230.352,0.70887568195618,0.565072241027952,2460.704,2020_kk_115_redo,Kusko,2020,0.708991055571047,0.560789813544888,-2.7845364477174e-4,1208.79739356785,1397.71368411467,1859.152,0.707392497651068,915.8777717038745
2349,1230.876,0.707358577114014,0.570203662115222,2461.752,2020_kk_115_redo,Kusko,2020,0.709011976852153,0.560729286329336,-6.05272155522751e-5,1208.79739356785,1397.71368411467,1859.152,0.707392497651068,915.8777717038745
2350,1231.4,0.709503822491086,0.561545940893635,2462.8,2020_kk_115_redo,Kusko,2020,0.709005769172405,0.560810183493062,8.08971637257239e-5,1208.79739356785,1397.71368411467,1859.152,0.707392497651068,915.8777717038745
2351,1231.924,0.708071468918444,0.56393148022833,2463.848,2020_kk_115_redo,Kusko,2020,0.709029995431901,0.560756668730669,-5.35147623932364e-5,1208.79739356785,1397.71368411467,1859.152,0.707392497651068,915.8777717038745
2352,1232.448,0.709945530041621,0.555000689896116,2464.896,2020_kk_115_redo,Kusko,2020,0.709021369125635,0.560639492273265,-1.1717645740316e-4,1208.79739356785,1397.71368411467,1859.152,0.707392497651068,915.8777717038745
2353,1232.972,0.707449842057744,0.556737315318162,2465.944,2020_kk_115_redo,Kusko,2020,0.709044430912358,0.560569533670408,-6.99586028576338e-5,1208.79739356785,1397.71368411467,1859.152,0.707392497651068,915.8777717038745
2354,1233.496,0.707209145043583,0.554180131541688,2466.992,2020_kk_115_redo,Kusko,2020,0.709017307136297,0.560508852349629,-6.06813207787438e-5,1208.79739356785,1397.71368411467,1859.152,0.707392497651068,915.8777717038745
2355,1234.02,0.70917954326582,0.559785924926948,2468.04,2020_kk_115_redo,Kusko,2020,0.709035869363171,0.560396886805803,-1.1196554382619e-4,1208.79739356785,1397.71368411467,1859.152,0.707392497651068,915.8777717038745
2356,1234.544,0.709024210213473,0.560211737638709,2469.088,2020_kk_115_redo,Kusko,2020,0.709073682759113,0.56030400212439,-9.28846814124418e-5,1208.79739356785,1397.71368411467,1859.152,0.707392497651068,915.8777717038745
2357,1235.068,0.708841202583159,0.551868370782917,2470.136,2020_kk_115_redo,Kusko,2020,0.709055526414908,0.560090335229257,-2.136668951338e-4,1208.79739356785,1397.71368411467,1859.152,0.707392497651068,915.8777717038745
2358,1235.592,0.706551085183744,0.549805775868744,2471.184,2020_kk_115_redo,Kusko,2020,0.70902830162538,0.559730699866792,-3.5963536246441e-4,1208.79739356785,1397.71368411467,1859.152,0.707392497651068,915.8777717038745
2359,1236.116,0.70911444432379,0.556778548070972,2472.232,2020_kk_115_redo,Kusko,2020,0.708973771013431,0.559536015643252,-1.9468422354018e-4,1208.79739356785,1397.71368411467,1859.152,0.707392497651068,915.8777717038745
2360,1236.64,0.710057706468302,0.55165454267,2473.28,2020_kk_115_redo,Kusko,2020,0.708949961364001,0.559274257845847,-2.6175779740533e-4,1208.79739356785,1397.71368411467,1859.152,0.707392497651068,915.8777717038745
2361,1237.164,0.709130521149348,0.551442867127106,2474.328,2020_kk_115_redo,Kusko,2020,0.708969069488119,0.55901702803791,-2.5722980793641e-4,1208.79739356785,1397.71368411467,1859.152,0.707392497651068,915.8777717038745
2362,1237.688,0.709350155412379,0.555017947534343,2475.376,2020_kk_115_redo,Kusko,2020,0.708916155491597,0.558962548645972,-5.44793919382558e-5,1208.79739356785,1397.71368411467,1859.152,0.707392497651068,915.8777717038745
2363,1238.212,0.7075564825735,0.550431659599372,2476.424,2020_kk_115_redo,Kusko,2020,0.708900771774086,0.558890959608229,-7.15890377434025e-5,1208.79739356785,1397.71368411467,1859.152,0.707392497651068,915.8777717038745
2364,1238.736,0.709871764109045,0.555618780418659,2477.472,2020_kk_115_redo,Kusko,2020,0.708862228268535,0.55887955136326,-1.14082449691466e-5,1208.79739356785,1397.71368411467,1859.152,0.707392497651068,915.8777717038745
2365,1239.26,0.70901732055452,0.554125892031751,2478.52,2020_kk_115_redo,Kusko,2020,0.70883254647694,0.558781210630444,-9.83407328158936e-5,1208.79739356785,1397.71368411467,1859.152,0.707392497651068,915.8777717038745
2366,1239.784,0.710225939668261,0.555540631861021,2479.568,2020_kk_115_redo,Kusko,2020,0.708868432248573,0.558879283737071,9.80731066274609e-5,1208.79739356785,1397.71368411467,1859.152,0.707392497651068,915.8777717038745
2367,1240.308,0.708410911158734,0.562298849537742,2480.616,2020_kk_115_redo,Kusko,2020,0.708899552825947,0.558921206974562,4.19232374909706e-5,1208.79739356785,1397.71368411467,1859.152,0.707392497651068,915.8777717038745
2368,1240.832,0.708261428937571,0.560481927815609,2481.664,2020_kk_115_redo,Kusko,2020,0.708969808279382,0.559029165242534,1.0795826797227e-4,1208.79739356785,1397.71368411467,1859.152,0.707392497651068,915.8777717038745
2369,1241.356,0.708420294662178,0.560567854224177,2482.712,2020_kk_115_redo,Kusko,2020,0.708953721228444,0.559094587058965,6.54218164307663e-5,1208.79739356785,1397.71368411467,1859.152,0.707392497651068,915.8777717038745
2370,1241.88,0.710718434360898,0.570893270941015,2483.76,2020_kk_115_redo,Kusko,2020,0.708962554376709,0.559362384540745,2.6779748177963e-4,1208.79739356785,1397.71368411467,1859.152,0.707392497651068,915.8777717038745
2371,1242.404,0.710898870228422,0.558064406676305,2484.808,2020_kk_115_redo,Kusko,2020,0.708950820930446,0.559637412932382,2.7502839163728e-4,1208.79739356785,1397.71368411467,1859.152,0.707392497651068,915.8777717038745
2372,1242.928,0.708356190388991,0.561543206065016,2485.856,2020_kk_115_redo,Kusko,2020,0.708954408348213,0.559827310168901,1.8989723651874e-4,1208.79739356785,1397.71368411467,1859.152,0.707392497651068,915.8777717038745
2373,1243.452,0.708597373281955,0.553539101839006,2486.904,2020_kk_115_redo,Kusko,2020,0.708944129686163,0.560049980810144,2.2267064124326e-4,1208.79739356785,1397.71368411467,1859.152,0.707392497651068,915.8777717038745
2374,1243.976,0.708891241163129,0.553632388520347,2487.952,2020_kk_115_redo,Kusko,2020,0.708962636523778,0.560389318732923,3.393379227794e-4,1208.79739356785,1397.71368411467,1859.152,0.707392497651068,915.8777717038745
2375,1244.5,0.708685920379925,0.553182070946522,2489,2020_kk_115_redo,Kusko,2020,0.708919944679486,0.560775980707959,3.8666197503567e-4,1208.79739356785,1397.71368411467,1859.152,0.707392497651068,915.8777717038745
2376,1245.024,0.710104322140076,0.557938766639461,2490.048,2020_kk_115_redo,Kusko,2020,0.708891404897522,0.561137722466123,3.6174175816428e-4,1208.79739356785,1397.71368411467,1859.152,0.707392497651068,915.8777717038745
2377,1245.548,0.708617815290136,0.556272023550671,2491.096,2020_kk_115_redo,Kusko,2020,0.708923134768418,0.561451548682327,3.1382621620323e-4,1208.79739356785,1397.71368411467,1859.152,0.707392497651068,915.8777717038745
2378,1246.072,0.707841137264446,0.553319844521419,2492.144,2020_kk_115_redo,Kusko,2020,0.708914155886068,0.561700473830353,2.4892514802643e-4,1208.79739356785,1397.71368411467,1859.152,0.707392497651068,915.8777717038745
2379,1246.596,0.709211787168984,0.55361663834052,2493.192,2020_kk_115_redo,Kusko,2020,0.708935516319716,0.561885857783378,1.8538395302458e-4,1208.79739356785,1397.71368411467,1859.152,0.707392497651068,915.8777717038745
2380,1247.12,0.708120414680359,0.562476426883548,2494.24,2020_kk_115_redo,Kusko,2020,0.708911348851089,0.562064122828927,1.7826504554907e-4,1208.79739356785,1397.71368411467,1859.152,0.707392497651068,915.8777717038745
2381,1247.644,0.708676025998496,0.55465656899921,2495.288,2020_kk_115_redo,Kusko,2020,0.708906773083492,0.56223279953029,1.6867670136366e-4,1208.79739356785,1397.71368411467,1859.152,0.707392497651068,915.8777717038745
2382,1248.168,0.708607111839762,0.552350901666704,2496.336,2020_kk_115_redo,Kusko,2020,0.708919827215023,0.562543822666214,3.1102313592346e-4,1208.79739356785,1397.71368411467,1859.152,0.707392497651068,915.8777717038745
2383,1248.692,0.710416757340431,0.556809776706597,2497.384,2020_kk_115_redo,Kusko,2020,0.708959055977805,0.562865163050018,3.2134038380371e-4,1208.79739356785,1397.71368411467,1859.152,0.707392497651068,915.8777717038745
2384,1249.216,0.709231934764799,0.55328138753746,2498.432,2020_kk_115_redo,Kusko,2020,0.708997255059284,0.563173717740994,3.085546909769e-4,1208.79739356785,1397.71368411467,1859.152,0.707392497651068,915.8777717038745
2385,1249.74,0.70978154135752,0.55807442199535,2499.48,2020_kk_115_redo,Kusko,2020,0.709011701977767,0.563299019029326,1.2530128833176e-4,1208.79739356785,1397.71368411467,1859.152,0.707392497651068,915.8777717038745
2386,1250.264,0.708241362110794,0.558449294371407,2500.528,2020_kk_115_redo,Kusko,2020,0.708987519115823,0.563503349650377,2.0433062105107e-4,1208.79739356785,1397.71368411467,1859.152,0.707392497651068,915.8777717038745
2387,1250.788,0.708424874272405,0.555460065118646,2501.576,2020_kk_115_redo,Kusko,2020,0.708984181019511,0.563817485708601,3.1413605822383e-4,1208.79739356785,1397.71368411467,1859.152,0.707392497651068,915.8777717038745
2388,1251.312,0.707379846103088,0.554315891967335,2502.624,2020_kk_115_redo,Kusko,2020,0.709017066035924,0.564271772783741,4.5428707513972e-4,1208.79739356785,1397.71368411467,1859.152,0.707392497651068,915.8777717038745
2389,1251.836,0.708335382775023,0.558490886204814,2503.672,2020_kk_115_redo,Kusko,2020,0.709015563089103,0.564414266105807,1.424933220665e-4,1208.79739356785,1397.71368411467,1859.152,0.707392497651068,915.8777717038745
2390,1252.36,0.709843919330902,0.55552367001751,2504.72,2020_kk_115_redo,Kusko,2020,0.709004068963744,0.564749584747039,3.3531864123159e-4,1208.79739356785,1397.71368411467,1859.152,0.707392497651068,915.8777717038745
2391,1252.884,0.708185356226266,0.556940763409116,2505.768,2020_kk_115_redo,Kusko,2020,0.709013116383156,0.565165287147211,4.1570240017196e-4,1208.79739356785,1397.71368411467,1859.152,0.707392497651068,915.8777717038745
2392,1253.408,0.707113126716079,0.565650461552277,2506.816,2020_kk_115_redo,Kusko,2020,0.70900942470514,0.565442353520065,2.7706637285374e-4,1208.79739356785,1397.71368411467,1859.152,0.707392497651068,915.8777717038745
2393,1253.932,0.709118685747407,0.567683871081745,2507.864,2020_kk_115_redo,Kusko,2020,0.708997784719882,0.565903166582468,4.6081306240319e-4,1208.79739356785,1397.71368411467,1859.152,0.707392497651068,915.8777717038745
2394,1254.456,0.706761271998524,0.565138875202655,2508.912,2020_kk_115_redo,Kusko,2020,0.708984510471618,0.566266202010054,3.6303542758597e-4,1208.79739356785,1397.71368411467,1859.152,0.707392497651068,915.8777717038745
2395,1254.98,0.707839256070248,0.562874351196595,2509.96,2020_kk_115_redo,Kusko,2020,0.708998457193156,0.566606883598358,3.4068158830402e-4,1208.79739356785,1397.71368411467,1859.152,0.707392497651068,915.8777717038745
2396,1255.504,0.70991709899041,0.573057530473617,2511.008,2020_kk_115_redo,Kusko,2020,0.708988868076386,0.566840141908178,2.3325830982001e-4,1208.79739356785,1397.71368411467,1859.152,0.707392497651068,915.8777717038745
2397,1256.028,0.71070851664511,0.56876809206408,2512.056,2020_kk_115_redo,Kusko,2020,0.708986909108517,0.566977460984013,1.373190758348e-4,1208.79739356785,1397.71368411467,1859.152,0.707392497651068,915.8777717038745
2398,1256.552,0.711247793954362,0.572224150231255,2513.104,2020_kk_115_redo,Kusko,2020,0.709014351617295,0.567149510513045,1.7204952903249e-4,1208.79739356785,1397.71368411467,1859.152,0.707392497651068,915.8777717038745
2399,1257.076,0.707364485789416,0.574246407215742,2514.152,2020_kk_115_redo,Kusko,2020,0.708991012985683,0.567221987452454,7.24769394089275e-5,1208.79739356785,1397.71368411467,1859.152,0.707392497651068,915.8777717038745
2400,1257.6,0.711078901435239,0.582885613347911,2515.2,2020_kk_115_redo,Kusko,2020,0.70894826801306,0.567181708622716,-4.02788297385603e-5,1208.79739356785,1397.71368411467,1859.152,0.707392497651068,915.8777717038745
2401,1258.124,0.7074480907015,0.582392051232291,2516.248,2020_kk_115_redo,Kusko,2020,0.708920836665371,0.567256007604724,7.42989820088358e-5,1208.79739356785,1397.71368411467,1859.152,0.707392497651068,915.8777717038745
2402,1258.648,0.709880448204856,0.572749870370116,2517.296,2020_kk_115_redo,Kusko,2020,0.708979126327577,0.56725228046548,-3.72713924468027e-6,1208.79739356785,1397.71368411467,1859.152,0.707392497651068,915.8777717038745
2403,1259.172,0.709770634312643,0.57185203546468,2518.344,2020_kk_115_redo,Kusko,2020,0.708976746232479,0.567534305669823,2.8202520434317e-4,1208.79739356785,1397.71368411467,1859.152,0.707392497651068,915.8777717038745
2404,1259.696,0.710273348691725,0.579623158365538,2519.392,2020_kk_115_redo,Kusko,2020,0.708939443404386,0.567901590976323,3.6728530649965e-4,1208.79739356785,1397.71368411467,1859.152,0.707392497651068,915.8777717038745
2405,1260.22,0.709273338239782,0.577187143620586,2520.44,2020_kk_115_redo,Kusko,2020,0.708964034503047,0.568167640522967,2.6604954664488e-4,1208.79739356785,1397.71368411467,1859.152,0.707392497651068,915.8777717038745
2406,1260.744,0.708153136311469,0.579180271212506,2521.488,2020_kk_115_redo,Kusko,2020,0.708949060433086,0.568338559222378,1.7091869941054e-4,1208.79739356785,1397.71368411467,1859.152,0.707392497651068,915.8777717038745
2407,1261.268,0.710845255942988,0.580444494260829,2522.536,2020_kk_115_redo,Kusko,2020,0.708947849504193,0.568591848131562,2.5328890918452e-4,1208.79739356785,1397.71368411467,1859.152,0.707392497651068,915.8777717038745
2408,1261.792,0.708336949015225,0.58000774990954,2523.584,2020_kk_115_redo,Kusko,2020,0.708971222500128,0.568791961152913,2.0011302135059e-4,1208.79739356785,1397.71368411467,1859.152,0.707392497651068,915.8777717038745
2409,1262.316,0.70864020313286,0.5813266992967,2524.632,2020_kk_115_redo,Kusko,2020,0.708947433437555,0.569061712157722,2.6975100480919e-4,1208.79739356785,1397.71368411467,1859.152,0.707392497651068,915.8777717038745
2410,1262.84,0.708053774373475,0.572241843626575,2525.68,2020_kk_115_redo,Kusko,2020,0.708971351524756,0.569121112571743,5.94004140210824e-5,1208.79739356785,1397.71368411467,1859.152,0.707392497651068,915.8777717038745
2411,1263.364,0.707796922862606,0.57405208231015,2526.728,2020_kk_115_redo,Kusko,2020,0.709001257484666,0.56934513066839,2.2401809664707e-4,1208.79739356785,1397.71368411467,1859.152,0.707392497651068,915.8777717038745
2412,1263.888,0.710728777933487,0.573662078051526,2527.776,2020_kk_115_redo,Kusko,2020,0.708970028690772,0.56952972663178,1.8459596338926e-4,1208.79739356785,1397.71368411467,1859.152,0.707392497651068,915.8777717038745
2413,1264.412,0.709803567824663,0.576017738346382,2528.824,2020_kk_115_redo,Kusko,2020,0.708944825845096,0.569815923109344,2.8619647756422e-4,1208.79739356785,1397.71368411467,1859.152,0.707392497651068,915.8777717038745
2414,1264.936,0.709501089932374,0.572693413000309,2529.872,2020_kk_115_redo,Kusko,2020,0.708968725827989,0.570225961423656,4.1003831431185e-4,1208.79739356785,1397.71368411467,1859.152,0.707392497651068,915.8777717038745
2415,1265.46,0.710046358374751,0.567304002226852,2530.92,2020_kk_115_redo,Kusko,2020,0.708931712373801,0.570544333505858,3.1837208220186e-4,1208.79739356785,1397.71368411467,1859.152,0.707392497651068,915.8777717038745
2416,1265.984,0.70757323849684,0.572471574901773,2531.968,2020_kk_115_redo,Kusko,2020,0.708985427978073,0.570859373053263,3.150395474053e-4,1208.79739356785,1397.71368411467,1859.152,0.707392497651068,915.8777717038745
2417,1266.508,0.708640916804459,0.570716534276346,2533.016,2020_kk_115_redo,Kusko,2020,0.709000342010017,0.571200911324199,3.4153827093597e-4,1208.79739356785,1397.71368411467,1859.152,0.707392497651068,915.8777717038745
2418,1267.032,0.708524186168535,0.577063000377125,2534.064,2020_kk_115_redo,Kusko,2020,0.709063287618181,0.571740501100133,5.3958977593449e-4,1208.79739356785,1397.71368411467,1859.152,0.707392497651068,915.8777717038745
2419,1267.556,0.709024267514536,0.565328147394964,2535.112,2020_kk_115_redo,Kusko,2020,0.709048546322004,0.572154287916559,4.1378681642523e-4,1208.79739356785,1397.71368411467,1859.152,0.707392497651068,915.8777717038745
2420,1268.08,0.709368058946762,0.571773661143892,2536.16,2020_kk_115_redo,Kusko,2020,0.70905933327981,0.572638947217511,4.8465930095253e-4,1208.79739356785,1397.71368411467,1859.152,0.707392497651068,915.8777717038745
2421,1268.604,0.709673366314025,0.576385011137421,2537.208,2020_kk_115_redo,Kusko,2020,0.709056339654166,0.573086168036537,4.4722081902537e-4,1208.79739356785,1397.71368411467,1859.152,0.707392497651068,915.8777717038745
2422,1269.128,0.709128654731426,0.571641929905572,2538.256,2020_kk_115_redo,Kusko,2020,0.709108290768861,0.573346596302113,2.6042826557637e-4,1208.79739356785,1397.71368411467,1859.152,0.707392497651068,915.8777717038745
2423,1269.652,0.706858083458028,0.578080443343562,2539.304,2020_kk_115_redo,Kusko,2020,0.709118720672683,0.573594998179652,2.4840187753894e-4,1208.79739356785,1397.71368411467,1859.152,0.707392497651068,915.8777717038745
2424,1270.176,0.70907530921318,0.577400906073814,2540.352,2020_kk_115_redo,Kusko,2020,0.70915311571527,0.573869753968177,2.7475578852465e-4,1208.79739356785,1397.71368411467,1859.152,0.707392497651068,915.8777717038745
2425,1270.7,0.709854123846816,0.574566787329996,2541.4,2020_kk_115_redo,Kusko,2020,0.709171398525435,0.574130003612685,2.6024964450888e-4,1208.79739356785,1397.71368411467,1859.152,0.707392497651068,915.8777717038745
2426,1271.224,0.709650592662075,0.569536130450214,2542.448,2020_kk_115_redo,Kusko,2020,0.70915679416732,0.574286742250821,1.5673863813603e-4,1208.79739356785,1397.71368411467,1859.152,0.707392497651068,915.8777717038745
2427,1271.748,0.708293373086619,0.570537994087834,2543.496,2020_kk_115_redo,Kusko,2020,0.709111009049107,0.574420297871816,1.3355562099493e-4,1208.79739356785,1397.71368411467,1859.152,0.707392497651068,915.8777717038745
2428,1272.272,0.709907979464223,0.570804899557556,2544.544,2020_kk_115_redo,Kusko,2020,0.709051553852884,0.574520989000662,1.006911288458e-4,1208.79739356785,1397.71368411467,1859.152,0.707392497651068,915.8777717038745
2429,1272.796,0.707019976765474,0.564916470588717,2545.592,2020_kk_115_redo,Kusko,2020,0.709102233761077,0.574537632828089,1.66438274269431e-5,1208.79739356785,1397.71368411467,1859.152,0.707392497651068,915.8777717038745
2430,1273.32,0.708153736003526,0.568476541156698,2546.64,2020_kk_115_redo,Kusko,2020,0.709088102903222,0.574378553246635,-1.5907958145411e-4,1208.79739356785,1397.71368411467,1859.152,0.707392497651068,915.8777717038745
2431,1273.844,0.709252989367057,0.562522345596839,2547.688,2020_kk_115_redo,Kusko,2020,0.709106902661073,0.574194044084049,-1.8450916258627e-4,1208.79739356785,1397.71368411467,1859.152,0.707392497651068,915.8777717038745
2432,1274.368,0.711853570121358,0.561319577710334,2548.736,2020_kk_115_redo,Kusko,2020,0.709088053780365,0.574308756940148,1.147128560992e-4,1208.79739356785,1397.71368411467,1859.152,0.707392497651068,915.8777717038745
2433,1274.892,0.708454567576053,0.570460614099599,2549.784,2020_kk_115_redo,Kusko,2020,0.709099729040073,0.574477119022384,1.6836208223614e-4,1208.79739356785,1397.71368411467,1859.152,0.707392497651068,915.8777717038745
2434,1275.416,0.706653071477565,0.575669506910323,2550.832,2020_kk_115_redo,Kusko,2020,0.709081822083958,0.57441774664378,-5.93723786035394e-5,1208.79739356785,1397.71368411467,1859.152,0.707392497651068,915.8777717038745
2435,1275.94,0.710161386299569,0.56914504374522,2551.88,2020_kk_115_redo,Kusko,2020,0.70904456895062,0.574478812122505,6.10654787248643e-5,1208.79739356785,1397.71368411467,1859.152,0.707392497651068,915.8777717038745
2436,1276.464,0.709205877942412,0.568193888604092,2552.928,2020_kk_115_redo,Kusko,2020,0.709046824176942,0.574507853047264,2.90409247588608e-5,1208.79739356785,1397.71368411467,1859.152,0.707392497651068,915.8777717038745
2437,1276.988,0.708545159556569,0.571469358101741,2553.976,2020_kk_115_redo,Kusko,2020,0.709019972032344,0.574487124152062,-2.07288952024376e-5,1208.79739356785,1397.71368411467,1859.152,0.707392497651068,915.8777717038745
2438,1277.512,0.709243517020575,0.565326625802458,2555.024,2020_kk_115_redo,Kusko,2020,0.70904348508733,0.574500214996753,1.30908446908107e-5,1208.79739356785,1397.71368411467,1859.152,0.707392497651068,915.8777717038745
2439,1278.036,0.707784443414606,0.569801698629071,2556.072,2020_kk_115_redo,Kusko,2020,0.709036583583828,0.574388984107156,-1.1123088959663e-4,1208.79739356785,1397.71368411467,1859.152,0.707392497651068,915.8777717038745
2440,1278.56,0.70955549991237,0.566040451724818,2557.12,2020_kk_115_redo,Kusko,2020,0.709070082224261,0.574447180841721,5.81967345651968e-5,1208.79739356785,1397.71368411467,1859.152,0.707392497651068,915.8777717038745
2441,1279.084,0.710470383593116,0.568097654798035,2558.168,2020_kk_115_redo,Kusko,2020,0.709056206237625,0.574522566448263,7.53856065419667e-5,1208.79739356785,1397.71368411467,1859.152,0.707392497651068,915.8777717038745
2442,1279.608,0.706733384206119,0.563426659470058,2559.216,2020_kk_115_redo,Kusko,2020,0.709045158348165,0.574545443250246,2.2876801983096e-5,1208.79739356785,1397.71368411467,1859.152,0.707392497651068,915.8777717038745
2443,1280.132,0.70890458659988,0.573981565360448,2560.264,2020_kk_115_redo,Kusko,2020,0.709049859660904,0.57455213491535,6.69166510358643e-6,1208.79739356785,1397.71368411467,1859.152,0.707392497651068,915.8777717038745
2444,1280.656,0.710665933738377,0.577883686396173,2561.312,2020_kk_115_redo,Kusko,2020,0.709035621355912,0.574607733826842,5.5598911491983e-5,1208.79739356785,1397.71368411467,1859.152,0.707392497651068,915.8777717038745
2445,1281.18,0.707560734106249,0.577176746927461,2562.36,2020_kk_115_redo,Kusko,2020,0.709034786630103,0.574622702313874,1.49684870321964e-5,1208.79739356785,1397.71368411467,1859.152,0.707392497651068,915.8777717038745
2446,1281.704,0.711464298367094,0.57735166721572,2563.408,2020_kk_115_redo,Kusko,2020,0.709065218371075,0.574544997753808,-7.77045600659498e-5,1208.79739356785,1397.71368411467,1859.152,0.707392497651068,915.8777717038745
2447,1282.228,0.709319716189077,0.575952361374803,2564.456,2020_kk_115_redo,Kusko,2020,0.709097960780446,0.574505618628134,-3.93791256739773e-5,1208.79739356785,1397.71368411467,1859.152,0.707392497651068,915.8777717038745
2448,1282.752,0.711156582592931,0.586691278523406,2565.504,2020_kk_115_redo,Kusko,2020,0.709069519461441,0.574214617908332,-2.9100071980248e-4,1208.79739356785,1397.71368411467,1859.152,0.707392497651068,915.8777717038745
2449,1283.276,0.707450905004388,0.583318095190326,2566.552,2020_kk_115_redo,Kusko,2020,0.709062990484468,0.574294427654172,7.98097458403202e-5,1208.79739356785,1397.71368411467,1859.152,0.707392497651068,915.8777717038745
2450,1283.8,0.710491136799283,0.584603228074662,2567.6,2020_kk_115_redo,Kusko,2020,0.709054523419217,0.574189736396782,-1.0469125739043e-4,1208.79739356785,1397.71368411467,1859.152,0.707392497651068,915.8777717038745
2451,1284.324,0.708005738687602,0.583774012550643,2568.648,2020_kk_115_redo,Kusko,2020,0.709008636341684,0.574118472029842,-7.12643669396051e-5,1208.79739356785,1397.71368411467,1859.152,0.707392497651068,915.8777717038745
2452,1284.848,0.710230193597793,0.581276157486862,2569.696,2020_kk_115_redo,Kusko,2020,0.708971575896047,0.574154564136074,3.60921062317887e-5,1208.79739356785,1397.71368411467,1859.152,0.707392497651068,915.8777717038745
2453,1285.372,0.709744479976727,0.582587983734076,2570.744,2020_kk_115_redo,Kusko,2020,0.709047104374966,0.57393563106683,-2.1893306924392e-4,1208.79739356785,1397.71368411467,1859.152,0.707392497651068,915.8777717038745
2454,1285.896,0.708824974553715,0.581624222514132,2571.792,2020_kk_115_redo,Kusko,2020,0.708996394706702,0.573739470711928,-1.9616035490144e-4,1208.79739356785,1397.71368411467,1859.152,0.707392497651068,915.8777717038745
2455,1286.42,0.708936224680151,0.578489329867126,2572.84,2020_kk_115_redo,Kusko,2020,0.708998372723869,0.573534194298503,-2.0527641342515e-4,1208.79739356785,1397.71368411467,1859.152,0.707392497651068,915.8777717038745
2456,1286.944,0.709040837503489,0.582461848761777,2573.888,2020_kk_115_redo,Kusko,2020,0.708997823498189,0.573425133945413,-1.0906035308999e-4,1208.79739356785,1397.71368411467,1859.152,0.707392497651068,915.8777717038745
2457,1287.468,0.707961409552366,0.576781429323777,2574.936,2020_kk_115_redo,Kusko,2020,0.708998376217898,0.573196658785489,-2.2847515992408e-4,1208.79739356785,1397.71368411467,1859.152,0.707392497651068,915.8777717038745
2458,1287.992,0.707680482180988,0.578265617962003,2575.984,2020_kk_115_redo,Kusko,2020,0.709003771476252,0.573003892466945,-1.9276631854447e-4,1208.79739356785,1397.71368411467,1859.152,0.707392497651068,915.8777717038745
2459,1288.516,0.710405280280974,0.575245036861354,2577.032,2020_kk_115_redo,Kusko,2020,0.709071649590944,0.57296941167161,-3.44807953346349e-5,1208.79739356785,1397.71368411467,1859.152,0.707392497651068,915.8777717038745
2460,1289.04,0.710231049963953,0.573340838460667,2578.08,2020_kk_115_redo,Kusko,2020,0.709058231247004,0.572803991036321,-1.6542063528868e-4,1208.79739356785,1397.71368411467,1859.152,0.707392497651068,915.8777717038745
2461,1289.564,0.708576076172555,0.571321501477114,2579.128,2020_kk_115_redo,Kusko,2020,0.709046599801674,0.57279195703633,-1.20339999911678e-5,1208.79739356785,1397.71368411467,1859.152,0.707392497651068,915.8777717038745
2462,1290.088,0.708749515362374,0.579632641736068,2580.176,2020_kk_115_redo,Kusko,2020,0.709013300093425,0.572802345026288,1.0387989957783e-5,1208.79739356785,1397.71368411467,1859.152,0.707392497651068,915.8777717038745
2463,1290.612,0.710471149895117,0.581953760398848,2581.224,2020_kk_115_redo,Kusko,2020,0.709031317737346,0.572690288924701,-1.1205610158682e-4,1208.79739356785,1397.71368411467,1859.152,0.707392497651068,915.8777717038745
2464,1291.136,0.709198931324818,0.576060815649331,2582.272,2020_kk_115_redo,Kusko,2020,0.709103958061659,0.572524126719119,-1.6616220558218e-4,1208.79739356785,1397.71368411467,1859.152,0.707392497651068,915.8777717038745
2465,1291.66,0.707038150239512,0.580851072344076,2583.32,2020_kk_115_redo,Kusko,2020,0.709083775474109,0.57251815903524494,-5.96768387362001e-6,1208.79739356785,1397.71368411467,1859.152,0.707392497651068,915.8777717038745
2466,1292.184,0.708288449890816,0.580922726698039,2584.368,2020_kk_115_redo,Kusko,2020,0.709077964780828,0.572522473913789,4.31487854324342e-6,1208.79739356785,1397.71368411467,1859.152,0.707392497651068,915.8777717038745
2467,1292.708,0.709234127267078,0.579200760548676,2585.416,2020_kk_115_redo,Kusko,2020,0.709074588718321,0.572542091577974,1.96176641851231e-5,1208.79739356785,1397.71368411467,1859.152,0.707392497651068,915.8777717038745
2468,1293.232,0.70974773231438,0.580793200590987,2586.464,2020_kk_115_redo,Kusko,2020,0.709060684984828,0.572648561269902,1.0646969192884e-4,1208.79739356785,1397.71368411467,1859.152,0.707392497651068,915.8777717038745
2469,1293.756,0.708226112922743,0.574652845920909,2587.512,2020_kk_115_redo,Kusko,2020,0.709077588717325,0.57263802847268,-1.05327972220737e-5,1208.79739356785,1397.71368411467,1859.152,0.707392497651068,915.8777717038745
2470,1294.28,0.710063692799448,0.575733647700486,2588.56,2020_kk_115_redo,Kusko,2020,0.709073405454654,0.572733099132368,9.50706596873907e-5,1208.79739356785,1397.71368411467,1859.152,0.707392497651068,915.8777717038745
2471,1294.804,0.706964363664425,0.578575218702675,2589.608,2020_kk_115_redo,Kusko,2020,0.70904303568152,0.57284064844978,1.0754931741208e-4,1208.79739356785,1397.71368411467,1859.152,0.707392497651068,915.8777717038745
2472,1295.328,0.710065904565882,0.575034686170511,2590.656,2020_kk_115_redo,Kusko,2020,0.709091793155835,0.573031185136979,1.9053668719892e-4,1208.79739356785,1397.71368411467,1859.152,0.707392497651068,915.8777717038745
2473,1295.852,0.710085646589057,0.576419238252595,2591.704,2020_kk_115_redo,Kusko,2020,0.709118026713246,0.573079999661572,4.88145245929328e-5,1208.79739356785,1397.71368411467,1859.152,0.707392497651068,915.8777717038745
2474,1296.376,0.708646791632818,0.576029347689835,2592.752,2020_kk_115_redo,Kusko,2020,0.709082211179917,0.573081191143937,1.19148236543687e-6,1208.79739356785,1397.71368411467,1859.152,0.707392497651068,915.8777717038745
2475,1296.9,0.709996274826217,0.568202111448781,2593.8,2020_kk_115_redo,Kusko,2020,0.709084720823165,0.573081598859628,4.07715691208566e-7,1208.79739356785,1397.71368411467,1859.152,0.707392497651068,915.8777717038745
2476,1297.424,0.709399142955159,0.567809301297817,2594.848,2020_kk_115_redo,Kusko,2020,0.709050437235894,0.573041400233233,-4.01986263954823e-5,1208.79739356785,1397.71368411467,1859.152,0.707392497651068,915.8777717038745
2477,1297.948,0.710605461366709,0.568353786735908,2595.896,2020_kk_115_redo,Kusko,2020,0.709026017419012,0.572936866567996,-1.0453366523643e-4,1208.79739356785,1397.71368411467,1859.152,0.707392497651068,915.8777717038745
2478,1298.472,0.706817707028262,0.559602957188974,2596.944,2020_kk_115_redo,Kusko,2020,0.708988377111224,0.572708940446252,-0.00022792612174416001,1208.79739356785,1397.71368411467,1859.152,0.707392497651068,915.8777717038745
2479,1298.996,0.708632528896154,0.570116732145385,2597.992,2020_kk_115_redo,Kusko,2020,0.709011503525495,0.572442404104228,-2.6653634202478e-4,1208.79739356785,1397.71368411467,1859.152,0.707392497651068,915.8777717038745
2480,1299.52,0.708860035031703,0.565492185700459,2599.04,2020_kk_115_redo,Kusko,2020,0.708958675926439,0.572142582845916,-2.9982125831151e-4,1208.79739356785,1397.71368411467,1859.152,0.707392497651068,915.8777717038745
2481,1300.044,0.706920141662032,0.57210914912105,2600.088,2020_kk_115_redo,Kusko,2020,0.708973557481704,0.571938450410251,-2.041324356653e-4,1208.79739356785,1397.71368411467,1859.152,0.707392497651068,915.8777717038745
2482,1300.568,0.706905027993237,0.573807456279479,2601.136,2020_kk_115_redo,Kusko,2020,0.708993010310485,0.571796335452251,-1.4211495799998e-4,1208.79739356785,1397.71368411467,1859.152,0.707392497651068,915.8777717038745
2483,1301.092,0.711389792193161,0.564944459188922,2602.184,2020_kk_115_redo,Kusko,2020,0.708939251675104,0.571654273789164,-1.4206166308716e-4,1208.79739356785,1397.71368411467,1859.152,0.707392497651068,915.8777717038745
2484,1301.616,0.70603272911731,0.565631284779728,2603.232,2020_kk_115_redo,Kusko,2020,0.708933808889519,0.571480946173574,-1.7332761558941e-4,1208.79739356785,1397.71368411467,1859.152,0.707392497651068,915.8777717038745
2485,1302.14,0.709972804876825,0.562250202524483,2604.28,2020_kk_115_redo,Kusko,2020,0.708950151953671,0.571358474810496,-1.2247136307785e-4,1208.79739356785,1397.71368411467,1859.152,0.707392497651068,915.8777717038745
2486,1302.664,0.709617639121263,0.562992509264812,2605.328,2020_kk_115_redo,Kusko,2020,0.708929087211443,0.571252289943715,-1.0618486678137e-4,1208.79739356785,1397.71368411467,1859.152,0.707392497651068,915.8777717038745
2487,1303.188,0.708326536269199,0.556829484492387,2606.376,2020_kk_115_redo,Kusko,2020,0.708938954801335,0.571266881412018,1.45914683031823e-5,1208.79739356785,1397.71368411467,1859.152,0.707392497651068,915.8777717038745
2488,1303.712,0.710231694965437,0.559238920444885,2607.424,2020_kk_115_redo,Kusko,2020,0.708967823567915,0.571215805629634,-5.107578238428e-5,1208.79739356785,1397.71368411467,1859.152,0.707392497651068,915.8777717038745
2489,1304.236,0.711092663647023,0.562847622868642,2608.472,2020_kk_115_redo,Kusko,2020,0.708966304574235,0.571188588241533,-2.721738810052e-5,1208.79739356785,1397.71368411467,1859.152,0.707392497651068,915.8777717038745
2490,1304.76,0.707348635367123,0.558551303039374,2609.52,2020_kk_115_redo,Kusko,2020,0.708944859094877,0.571148267800886,-4.03204406468349e-5,1208.79739356785,1397.71368411467,1859.152,0.707392497651068,915.8777717038745
2491,1305.284,0.708555102647256,0.561800305597373,2610.568,2020_kk_115_redo,Kusko,2020,0.708946505108037,0.571181582476495,3.33146756084091e-5,1208.79739356785,1397.71368411467,1859.152,0.707392497651068,915.8777717038745
2492,1305.808,0.709855587626386,0.561942857107799,2611.616,2020_kk_115_redo,Kusko,2020,0.708947583772002,0.571115871289696,-6.57111867985449e-5,1208.79739356785,1397.71368411467,1859.152,0.707392497651068,915.8777717038745
2493,1306.332,0.70953562621135,0.563737248004391,2612.664,2020_kk_115_redo,Kusko,2020,0.708949446710776,0.571034842742988,-8.10285467078842e-5,1208.79739356785,1397.71368411467,1859.152,0.707392497651068,915.8777717038745
2494,1306.856,0.711011490936338,0.565699774575391,2613.712,2020_kk_115_redo,Kusko,2020,0.708948957104317,0.570951424271596,-8.34184713925934e-5,1208.79739356785,1397.71368411467,1859.152,0.707392497651068,915.8777717038745
2495,1307.38,0.708950431046564,0.568786982712795,2614.76,2020_kk_115_redo,Kusko,2020,0.70896426510450306,0.570620790798955,-3.3063347264084e-4,1208.79739356785,1397.71368411467,1859.152,0.707392497651068,915.8777717038745
2496,1307.904,0.70885723634555,0.568452781316687,2615.808,2020_kk_115_redo,Kusko,2020,0.708963662642453,0.570389161283868,-2.3162951508704e-4,1208.79739356785,1397.71368411467,1859.152,0.707392497651068,915.8777717038745
2497,1308.428,0.708342595806125,0.572646417952853,2616.856,2020_kk_115_redo,Kusko,2020,0.708959883484011,0.570230162404967,-1.5899887890136e-4,1208.79739356785,1397.71368411467,1859.152,0.707392497651068,915.8777717038745
2498,1308.952,0.708409293011001,0.571714807318188,2617.904,2020_kk_115_redo,Kusko,2020,0.708909530528862,0.570023899844894,-2.0626256007283e-4,1208.79739356785,1397.71368411467,1859.152,0.707392497651068,915.8777717038745
2499,1309.476,0.708798667364417,0.569169730795749,2618.952,2020_kk_115_redo,Kusko,2020,0.708941379944606,0.5699850435284,-3.88563164936961e-5,1208.79739356785,1397.71368411467,1859.152,0.707392497651068,915.8777717038745
2500,1310,0.709304504152149,0.571744691306057,2620,2020_kk_115_redo,Kusko,2020,0.708919621364846,0.569930106107304,-5.49374210965237e-5,1208.79739356785,1397.71368411467,1859.152,0.707392497651068,915.8777717038745
2501,1310.524,0.70864819720507,0.574550613842755,2621.048,2020_kk_115_redo,Kusko,2020,0.70898708829228,0.569851361181684,-7.8744925619878e-5,1208.79739356785,1397.71368411467,1859.152,0.707392497651068,915.8777717038745
2502,1311.048,0.709658832664993,0.574858860702002,2622.096,2020_kk_115_redo,Kusko,2020,0.708973725444844,0.569776289374502,-7.50718071813594e-5,1208.79739356785,1397.71368411467,1859.152,0.707392497651068,915.8777717038745
2503,1311.572,0.710478600044531,0.576910436836024,2623.144,2020_kk_115_redo,Kusko,2020,0.708963296534546,0.569599767677954,-1.7652169654858e-4,1208.79739356785,1397.71368411467,1859.152,0.707392497651068,915.8777717038745
2504,1312.096,0.708517001738666,0.577955175338101,2624.192,2020_kk_115_redo,Kusko,2020,0.708974527564014,0.569369491989698,-2.3027568825573e-4,1208.79739356785,1397.71368411467,1859.152,0.707392497651068,915.8777717038745
2505,1312.62,0.707711312701112,0.577201209868927,2625.24,2020_kk_115_redo,Kusko,2020,0.708965264212608,0.569373735819874,4.24383017627594e-6,1208.79739356785,1397.71368411467,1859.152,0.707392497651068,915.8777717038745
2506,1313.144,0.709407283130865,0.574939749631989,2626.288,2020_kk_115_redo,Kusko,2020,0.708939934011678,0.569368347608758,-5.38821111673027e-6,1208.79739356785,1397.71368411467,1859.152,0.707392497651068,915.8777717038745
2507,1313.668,0.707854527176138,0.56968034146062,2627.336,2020_kk_115_redo,Kusko,2020,0.708929337726756,0.569240500127962,-1.2784748079552e-4,1208.79739356785,1397.71368411467,1859.152,0.707392497651068,915.8777717038745
2508,1314.192,0.708898164125619,0.573015711218757,2628.384,2020_kk_115_redo,Kusko,2020,0.708983172071506,0.569339140914501,9.86407865388728e-5,1208.79739356785,1397.71368411467,1859.152,0.707392497651068,915.8777717038745
2509,1314.716,0.708838489860652,0.567325914668842,2629.432,2020_kk_115_redo,Kusko,2020,0.708980864868038,0.569319065653577,-2.00752609241794e-5,1208.79739356785,1397.71368411467,1859.152,0.707392497651068,915.8777717038745
2510,1315.24,0.707321480855927,0.566613952575971,2630.48,2020_kk_115_redo,Kusko,2020,0.70899994829128,0.569398329151094,7.92634975171902e-5,1208.79739356785,1397.71368411467,1859.152,0.707392497651068,915.8777717038745
2511,1315.764,0.708898632003492,0.571526066410726,2631.528,2020_kk_115_redo,Kusko,2020,0.709059197121323,0.569298757443001,-9.95717080929381e-5,1208.79739356785,1397.71368411467,1859.152,0.707392497651068,915.8777717038745
2512,1316.288,0.711397363324682,0.572749260006863,2632.576,2020_kk_115_redo,Kusko,2020,0.709065269247562,0.56919991471477,-9.88427282311299e-5,1208.79739356785,1397.71368411467,1859.152,0.707392497651068,915.8777717038745
2513,1316.812,0.706518961853836,0.57406428394884,2633.624,2020_kk_115_redo,Kusko,2020,0.709003255530543,0.569250894649207,5.09799344371453e-5,1208.79739356785,1397.71368411467,1859.152,0.707392497651068,915.8777717038745
2514,1317.336,0.708498407418649,0.571224565578771,2634.672,2020_kk_115_redo,Kusko,2020,0.709059692466958,0.569406819221697,1.559245724898e-4,1208.79739356785,1397.71368411467,1859.152,0.707392497651068,915.8777717038745
2515,1317.86,0.709916808529286,0.571141048082452,2635.72,2020_kk_115_redo,Kusko,2020,0.709045016540507,0.569597510881429,1.9069165973195e-4,1208.79739356785,1397.71368411467,1859.152,0.707392497651068,915.8777717038745
2516,1318.384,0.707776952969814,0.576090756754898,2636.768,2020_kk_115_redo,Kusko,2020,0.709051566190988,0.569727661521343,1.301506399145e-4,1208.79739356785,1397.71368411467,1859.152,0.707392497651068,915.8777717038745
2517,1318.908,0.708553464945825,0.577656917421966,2637.816,2020_kk_115_redo,Kusko,2020,0.709079965240876,0.569940404393291,2.1274287194783e-4,1208.79739356785,1397.71368411467,1859.152,0.707392497651068,915.8777717038745
2518,1319.432,0.709412608175822,0.575201071018946,2638.864,2020_kk_115_redo,Kusko,2020,0.709087083449567,0.570149941893112,2.0953749982122e-4,1208.79739356785,1397.71368411467,1859.152,0.707392497651068,915.8777717038745
2519,1319.956,0.710314140660155,0.573611993575329,2639.912,2020_kk_115_redo,Kusko,2020,0.709054893758546,0.570510746607844,3.6080471473187e-4,1208.79739356785,1397.71368411467,1859.152,0.707392497651068,915.8777717038745
2520,1320.48,0.708944321202509,0.570921612021855,2640.96,2020_kk_115_redo,Kusko,2020,0.70911560229088,0.570729955385553,2.192087777092e-4,1208.79739356785,1397.71368411467,1859.152,0.707392497651068,915.8777717038745
2521,1321.004,0.70867483696216,0.573320382013618,2642.008,2020_kk_115_redo,Kusko,2020,0.709140141265297,0.5709092999061,1.7934452054702e-4,1208.79739356785,1397.71368411467,1859.152,0.707392497651068,915.8777717038745
2522,1321.528,0.708814235200244,0.57568997052815,2643.056,2020_kk_115_redo,Kusko,2020,0.709087555691256,0.571091949952216,1.8265004611539e-4,1208.79739356785,1397.71368411467,1859.152,0.707392497651068,915.8777717038745
2523,1322.052,0.710582926221573,0.577092047596375,2644.104,2020_kk_115_redo,Kusko,2020,0.709081091624814,0.571295061667579,2.0311171536302e-4,1208.79739356785,1397.71368411467,1859.152,0.707392497651068,915.8777717038745
2524,1322.576,0.709169554937245,0.571055707365773,2645.152,2020_kk_115_redo,Kusko,2020,0.709081609069328,0.571488597266497,1.9353559891799e-4,1208.79739356785,1397.71368411467,1859.152,0.707392497651068,915.8777717038745
2525,1323.1,0.707956630250693,0.561013063985624,2646.2,2020_kk_115_redo,Kusko,2020,0.709065262265992,0.571644415121878,1.5581785538132e-4,1208.79739356785,1397.71368411467,1859.152,0.707392497651068,915.8777717038745
2526,1323.624,0.708252302167829,0.567024955792811,2647.248,2020_kk_115_redo,Kusko,2020,0.709060331115278,0.571776639325244,1.3222420336633e-4,1208.79739356785,1397.71368411467,1859.152,0.707392497651068,915.8777717038745
2527,1324.148,0.709007377760559,0.569660827814599,2648.296,2020_kk_115_redo,Kusko,2020,0.709051484628775,0.571869640741789,9.30014165445581e-5,1208.79739356785,1397.71368411467,1859.152,0.707392497651068,915.8777717038745
2528,1324.672,0.70672655500539,0.568417446986611,2649.344,2020_kk_115_redo,Kusko,2020,0.70903739149779,0.571877107875761,7.46713397203891e-6,1208.79739356785,1397.71368411467,1859.152,0.707392497651068,915.8777717038745
2529,1325.196,0.710137077867415,0.572321466931289,2650.392,2020_kk_115_redo,Kusko,2020,0.709030706519002,0.571946911306452,6.98034306908513e-5,1208.79739356785,1397.71368411467,1859.152,0.707392497651068,915.8777717038745
2530,1325.72,0.708758178013841,0.572437402434691,2651.44,2020_kk_115_redo,Kusko,2020,0.709024230917596,0.572041074509799,9.41632033473194e-5,1208.79739356785,1397.71368411467,1859.152,0.707392497651068,915.8777717038745
2531,1326.244,0.711012379310503,0.573850523165486,2652.488,2020_kk_115_redo,Kusko,2020,0.709000342814248,0.572039050389579,-2.02412022065612e-6,1208.79739356785,1397.71368411467,1859.152,0.707392497651068,915.8777717038745
2532,1326.768,0.709264133719671,0.57053037773963,2653.536,2020_kk_115_redo,Kusko,2020,0.709004969140788,0.57209122593916,5.21755495817011e-5,1208.79739356785,1397.71368411467,1859.152,0.707392497651068,915.8777717038745
2533,1327.292,0.709459911971174,0.565827936459678,2654.584,2020_kk_115_redo,Kusko,2020,0.709008592822829,0.572208581426214,1.1735548705338e-4,1208.79739356785,1397.71368411467,1859.152,0.707392497651068,915.8777717038745
2534,1327.816,0.709320653400908,0.56221280639449,2655.632,2020_kk_115_redo,Kusko,2020,0.709019400174663,0.57232951430377,1.2093287755621e-4,1208.79739356785,1397.71368411467,1859.152,0.707392497651068,915.8777717038745
2535,1328.34,0.709440473741844,0.568456741259359,2656.68,2020_kk_115_redo,Kusko,2020,0.709050228175514,0.572272946653383,-5.65676503864188e-5,1208.79739356785,1397.71368411467,1859.152,0.707392497651068,915.8777717038745
2536,1328.864,0.707879330899409,0.567486008630818,2657.728,2020_kk_115_redo,Kusko,2020,0.709064449415182,0.572249005498732,-2.39411546518742e-5,1208.79739356785,1397.71368411467,1859.152,0.707392497651068,915.8777717038745
2537,1329.388,0.709969684271383,0.56068293788817,2658.776,2020_kk_115_redo,Kusko,2020,0.709064832560863,0.572215228693237,-3.37768054942122e-5,1208.79739356785,1397.71368411467,1859.152,0.707392497651068,915.8777717038745
2538,1329.912,0.710047767713263,0.565521404381308,2659.824,2020_kk_115_redo,Kusko,2020,0.709054809832875,0.572018617148003,-1.9661154523409e-4,1208.79739356785,1397.71368411467,1859.152,0.707392497651068,915.8777717038745
2539,1330.436,0.708494096688049,0.568912216489937,2660.872,2020_kk_115_redo,Kusko,2020,0.709034971879586,0.572000648990172,-1.79681578310609e-5,1208.79739356785,1397.71368411467,1859.152,0.707392497651068,915.8777717038745
2540,1330.96,0.710005040426253,0.570247995551496,2661.92,2020_kk_115_redo,Kusko,2020,0.70905167000085,0.571856669493331,-1.4397949684075e-4,1208.79739356785,1397.71368411467,1859.152,0.707392497651068,915.8777717038745
2541,1331.484,0.710475071464593,0.566134846635471,2662.968,2020_kk_115_redo,Kusko,2020,0.709061447643165,0.57165556433635,-2.0110515698124e-4,1208.79739356785,1397.71368411467,1859.152,0.707392497651068,915.8777717038745
2542,1332.008,0.707269355567595,0.567876892585612,2664.016,2020_kk_115_redo,Kusko,2020,0.709053272880469,0.571440393835172,-2.1517050117858e-4,1208.79739356785,1397.71368411467,1859.152,0.707392497651068,915.8777717038745
2543,1332.532,0.707668969171974,0.568003255255147,2665.064,2020_kk_115_redo,Kusko,2020,0.709096064135153,0.571127845156322,-3.1254867884988e-4,1208.79739356785,1397.71368411467,1859.152,0.707392497651068,915.8777717038745
2544,1333.056,0.70941894530224,0.574986759129109,2666.112,2020_kk_115_redo,Kusko,2020,0.709089192362247,0.570882697599296,-2.4514755702576e-4,1208.79739356785,1397.71368411467,1859.152,0.707392497651068,915.8777717038745
2545,1333.58,0.709092249289727,0.573691702108403,2667.16,2020_kk_115_redo,Kusko,2020,0.70904745328925,0.570682974016485,-1.9972358281061e-4,1208.79739356785,1397.71368411467,1859.152,0.707392497651068,915.8777717038745
2546,1334.104,0.71001061815013,0.570801547659688,2668.208,2020_kk_115_redo,Kusko,2020,0.709098685091326,0.570442935803395,-2.4003821308993e-4,1208.79739356785,1397.71368411467,1859.152,0.707392497651068,915.8777717038745
2547,1334.628,0.710030479262488,0.569594056809254,2669.256,2020_kk_115_redo,Kusko,2020,0.709120034756408,0.570053196448849,-3.8973935454611e-4,1208.79739356785,1397.71368411467,1859.152,0.707392497651068,915.8777717038745
2548,1335.152,0.710658787486912,0.571811170434161,2670.304,2020_kk_115_redo,Kusko,2020,0.709112768958242,0.569748777128689,-3.0441932015989e-4,1208.79739356785,1397.71368411467,1859.152,0.707392497651068,915.8777717038745
2549,1335.676,0.709161282185758,0.584495905752549,2671.352,2020_kk_115_redo,Kusko,2020,0.709100246735287,0.569515768532339,-2.3300859635078e-4,1208.79739356785,1397.71368411467,1859.152,0.707392497651068,915.8777717038745
2550,1336.2,0.710991147307167,0.571703829701927,2672.4,2020_kk_115_redo,Kusko,2020,0.709117204287799,0.569327296216623,-1.8847231571606e-4,1208.79739356785,1397.71368411467,1859.152,0.707392497651068,915.8777717038745
2551,1336.724,0.710027441112246,0.572560976830194,2673.448,2020_kk_115_redo,Kusko,2020,0.709137369132237,0.569136328332845,-1.9096788377714e-4,1208.79739356785,1397.71368411467,1859.152,0.707392497651068,915.8777717038745
2552,1337.248,0.706700453183972,0.572901859874722,2674.496,2020_kk_115_redo,Kusko,2020,0.709150174776532,0.568880690206171,-2.5563812667395e-4,1208.79739356785,1397.71368411467,1859.152,0.707392497651068,915.8777717038745
2553,1337.772,0.709147782224781,0.575923950926169,2675.544,2020_kk_115_redo,Kusko,2020,0.709134595296012,0.568680304316193,-2.0038588997872e-4,1208.79739356785,1397.71368411467,1859.152,0.707392497651068,915.8777717038745
2554,1338.296,0.71104253760718406,0.577311910510476,2676.592,2020_kk_115_redo,Kusko,2020,0.709128596574341,0.568669817448037,-1.04868681557457e-5,1208.79739356785,1397.71368411467,1859.152,0.707392497651068,915.8777717038745
2555,1338.82,0.707969622846412,0.578136054035672,2677.64,2020_kk_115_redo,Kusko,2020,0.709166499654563,0.568866809336295,1.9699188825783e-4,1208.79739356785,1397.71368411467,1859.152,0.707392497651068,915.8777717038745
2556,1339.344,0.708561367302716,0.576386233518662,2678.688,2020_kk_115_redo,Kusko,2020,0.709198780635132,0.569011847297699,1.450379614043e-4,1208.79739356785,1397.71368411467,1859.152,0.707392497651068,915.8777717038745
2557,1339.868,0.707811806615921,0.578226502945527,2679.736,2020_kk_115_redo,Kusko,2020,0.709190332976389,0.569128975218151,1.1712792045171e-4,1208.79739356785,1397.71368411467,1859.152,0.707392497651068,915.8777717038745
2558,1340.392,0.707563705151909,0.572162835356515,2680.784,2020_kk_115_redo,Kusko,2020,0.709233402775982,0.569236627172672,1.0765195452078e-4,1208.79739356785,1397.71368411467,1859.152,0.707392497651068,915.8777717038745
2559,1340.916,0.708397568637152,0.573357936637198,2681.832,2020_kk_115_redo,Kusko,2020,0.70921987213093,0.569345350108136,1.0872293546426e-4,1208.79739356785,1397.71368411467,1859.152,0.707392497651068,915.8777717038745
2560,1341.44,0.708915968067822,0.577394483506895,2682.88,2020_kk_115_redo,Kusko,2020,0.709209455575772,0.569489809113172,1.4445900503579e-4,1208.79739356785,1397.71368411467,1859.152,0.707392497651068,915.8777717038745
2561,1341.964,0.707214911004134,0.574429166629513,2683.928,2020_kk_115_redo,Kusko,2020,0.709191565797702,0.569728279051162,2.3846993799026e-4,1208.79739356785,1397.71368411467,1859.152,0.707392497651068,915.8777717038745
2562,1342.488,0.709936412257448,0.577989393676902,2684.976,2020_kk_115_redo,Kusko,2020,0.709186255093894,0.569958595231925,2.3031618076319e-4,1208.79739356785,1397.71368411467,1859.152,0.707392497651068,915.8777717038745
2563,1343.012,0.71069602096698,0.58395176605923,2686.024,2020_kk_115_redo,Kusko,2020,0.709167140116288,0.57029396654448,3.3537131255445e-4,1208.79739356785,1397.71368411467,1859.152,0.707392497651068,915.8777717038745
2564,1343.536,0.709165442848678,0.585211147991476,2687.072,2020_kk_115_redo,Kusko,2020,0.709175009833687,0.57074617596547506,4.5220942099577e-4,1208.79739356785,1397.71368411467,1859.152,0.707392497651068,915.8777717038745
2565,1344.06,0.70956099275217,0.573807150845741,2688.12,2020_kk_115_redo,Kusko,2020,0.709148483021415,0.57130374299745,5.5756703197418e-4,1208.79739356785,1397.71368411467,1859.152,0.707392497651068,915.8777717038745
2566,1344.584,0.710260557510955,0.573503280352876,2689.168,2020_kk_115_redo,Kusko,2020,0.709192496352973,0.571899409275144,5.9566627769425e-4,1208.79739356785,1397.71368411467,1859.152,0.707392497651068,915.8777717038745
2567,1345.108,0.707877515916982,0.567653733130971,2690.216,2020_kk_115_redo,Kusko,2020,0.709174087238022,0.572595560312617,6.9615103747355e-4,1208.79739356785,1397.71368411467,1859.152,0.707392497651068,915.8777717038745
2568,1345.632,0.708296800446381,0.561219018504707,2691.264,2020_kk_115_redo,Kusko,2020,0.709181810611189,0.573238247428087,6.4268711546988e-4,1208.79739356785,1397.71368411467,1859.152,0.707392497651068,915.8777717038745
2569,1346.156,0.70764821266332,0.566247825198975,2692.312,2020_kk_115_redo,Kusko,2020,0.709177924218632,0.573849145087664,6.1089765957678e-4,1208.79739356785,1397.71368411467,1859.152,0.707392497651068,915.8777717038745
2570,1346.68,0.70832336813172,0.557975182765522,2693.36,2020_kk_115_redo,Kusko,2020,0.709180572933442,0.57444739982344,5.9825473577568e-4,1208.79739356785,1397.71368411467,1859.152,0.707392497651068,915.8777717038745
2571,1347.204,0.709485290542408,0.559459756991855,2694.408,2020_kk_115_redo,Kusko,2020,0.709156529937121,0.575059096037052,6.1169621361245e-4,1208.79739356785,1397.71368411467,1859.152,0.707392497651068,915.8777717038745
2572,1347.728,0.710906877562938,0.559839029936149,2695.456,2020_kk_115_redo,Kusko,2020,0.709176157742043,0.575780499472734,7.2140343568138e-4,1208.79739356785,1397.71368411467,1859.152,0.707392497651068,915.8777717038745
2573,1348.252,0.709086437134845,0.555311363217847,2696.504,2020_kk_115_redo,Kusko,2020,0.709212475455423,0.576485498817528,7.0499934479439e-4,1208.79739356785,1397.71368411467,1859.152,0.707392497651068,915.8777717038745
2574,1348.776,0.708086101044314,0.556515712157228,2697.552,2020_kk_115_redo,Kusko,2020,0.70922348272939,0.577167423688292,6.8192487076357e-4,1208.79739356785,1397.71368411467,1859.152,0.707392497651068,915.8777717038745
2575,1349.3,0.707412464149434,0.559157633113819,2698.6,2020_kk_115_redo,Kusko,2020,0.709221545527463,0.577760233208032,5.928095197405e-4,1208.79739356785,1397.71368411467,1859.152,0.707392497651068,915.8777717038745
2576,1349.824,0.710850861094393,0.561688463969503,2699.648,2020_kk_115_redo,Kusko,2020,0.70922801102752,0.578419925678943,6.5969247091091e-4,1208.79739356785,1397.71368411467,1859.152,0.707392497651068,915.8777717038745
2577,1350.348,0.709834444850729,0.5542725561492,2700.696,2020_kk_115_redo,Kusko,2020,0.709231836467578,0.579093324456425,6.7339877748251e-4,1208.79739356785,1397.71368411467,1859.152,0.707392497651068,915.8777717038745
2578,1350.872,0.708976660285916,0.556935911809357,2701.744,2020_kk_115_redo,Kusko,2020,0.70920636986882,0.579761738419776,6.6841396335093e-4,1208.79739356785,1397.71368411467,1859.152,0.707392497651068,915.8777717038745
2579,1351.396,0.709562807282842,0.559631477794277,2702.792,2020_kk_115_redo,Kusko,2020,0.709224242047975,0.580262695352171,5.0095693239449e-4,1208.79739356785,1397.71368411467,1859.152,0.707392497651068,915.8777717038745
2580,1351.92,0.709961774353224,0.559613273078895,2703.84,2020_kk_115_redo,Kusko,2020,0.709204396183721,0.580898676954876,6.3598160270472e-4,1208.79739356785,1397.71368411467,1859.152,0.707392497651068,915.8777717038745
2581,1352.444,0.709884727628428,0.561862308986989,2704.888,2020_kk_115_redo,Kusko,2020,0.709178238305303,0.581559540150932,6.6086319605651e-4,1208.79739356785,1397.71368411467,1859.152,0.707392497651068,915.8777717038745
2582,1352.968,0.709582573857924,0.560351682927715,2705.936,2020_kk_115_redo,Kusko,2020,0.7092143179877,0.582166147893577,6.0660774264509e-4,1208.79739356785,1397.71368411467,1859.152,0.707392497651068,915.8777717038745
2583,1353.492,0.709648157390376,0.565068894197653,2706.984,2020_kk_115_redo,Kusko,2020,0.709231221161366,0.582780019367997,6.138714744196e-4,1208.79739356785,1397.71368411467,1859.152,0.707392497651068,915.8777717038745
2584,1354.016,0.708809631637006,0.570426495276429,2708.032,2020_kk_115_redo,Kusko,2020,0.709197899710467,0.583403625280484,6.2360591248722e-4,1208.79739356785,1397.71368411467,1859.152,0.707392497651068,915.8777717038745
2585,1354.54,0.710230815064037,0.572832577281087,2709.08,2020_kk_115_redo,Kusko,2020,0.709194892590885,0.58402314497210694,6.1951969162332e-4,1208.79739356785,1397.71368411467,1859.152,0.707392497651068,915.8777717038745
2586,1355.064,0.710189161001944,0.575727233477074,2710.128,2020_kk_115_redo,Kusko,2020,0.709193781893396,0.584796664928742,7.7351995663421e-4,1208.79739356785,1397.71368411467,1859.152,0.707392497651068,915.8777717038745
2587,1355.588,0.708500518235988,0.576688503041703,2711.176,2020_kk_115_redo,Kusko,2020,0.709204099797449,0.585545624907389,7.4895997864699e-4,1208.79739356785,1397.71368411467,1859.152,0.707392497651068,915.8777717038745
2588,1356.112,0.709310742980968,0.574876564257857,2712.224,2020_kk_115_redo,Kusko,2020,0.709243551133056,0.586501090023308,9.5546511591937e-4,1208.79739356785,1397.71368411467,1859.152,0.707392497651068,915.8777717038745
2589,1356.636,0.709325239164312,0.57884484305914,2713.272,2020_kk_115_redo,Kusko,2020,0.709270257143398,0.587480494251621,9.7940422831344e-4,1208.79739356785,1397.71368411467,1859.152,0.707392497651068,915.8777717038745
2590,1357.16,0.70813318470435,0.581104942736838,2714.32,2020_kk_115_redo,Kusko,2020,0.709290497374113,0.588233594982281,7.5310073065948e-4,1208.79739356785,1397.71368411467,1859.152,0.707392497651068,915.8777717038745
2591,1357.684,0.709938992626302,0.588158719444899,2715.368,2020_kk_115_redo,Kusko,2020,0.709329562833499,0.589002687389888,7.6909240760691e-4,1208.79739356785,1397.71368411467,1859.152,0.707392497651068,915.8777717038745
2592,1358.208,0.708945491491199,0.58434934858542,2716.416,2020_kk_115_redo,Kusko,2020,0.709293852616273,0.589808341836694,8.056544468058e-4,1208.79739356785,1397.71368411467,1859.152,0.707392497651068,915.8777717038745
2593,1358.732,0.708313013314798,0.58595021521295,2717.464,2020_kk_115_redo,Kusko,2020,0.709264377114411,0.590445315044029,6.3697320733524e-4,1208.79739356785,1397.71368411467,1859.152,0.707392497651068,915.8777717038745
2594,1359.256,0.709792836444857,0.589345371654239,2718.512,2020_kk_115_redo,Kusko,2020,0.709260994646744,0.591064694690065,6.1937964603575e-4,1208.79739356785,1397.71368411467,1859.152,0.707392497651068,915.8777717038745
2595,1359.78,0.707848865005521,0.601910763177808,2719.56,2020_kk_115_redo,Kusko,2020,0.709255080555868,0.591913535696191,8.4884100612603e-4,1208.79739356785,1397.71368411467,1859.152,0.707392497651068,915.8777717038745
2596,1360.304,0.710520130792862,0.603225985292472,2720.608,2020_kk_115_redo,Kusko,2020,0.70923420166459,0.59267691755879,7.6338186259894e-4,1208.79739356785,1397.71368411467,1859.152,0.707392497651068,915.8777717038745
2597,1360.828,0.708865137374333,0.602452000136585,2721.656,2020_kk_115_redo,Kusko,2020,0.709271205057823,0.593588194849288,9.1127729049878e-4,1208.79739356785,1397.71368411467,1859.152,0.707392497651068,915.8777717038745
2598,1361.352,0.710511170103287,0.6040826313095,2722.704,2020_kk_115_redo,Kusko,2020,0.709290513797822,0.594659161122666,0.00107096627337755,1208.79739356785,1397.71368411467,1859.152,0.707392497651068,915.8777717038745
2599,1361.876,0.708260913134638,0.605566076064545,2723.752,2020_kk_115_redo,Kusko,2020,0.709276641699313,0.595706198064372,0.00104703694170583,1208.79739356785,1397.71368411467,1859.152,0.707392497651068,915.8777717038745
2600,1362.4,0.710163963314879,0.606143279698038,2724.8,2020_kk_115_redo,Kusko,2020,0.709272135308515,0.596819968605057,0.00111377054068551,1208.79739356785,1397.71368411467,1859.152,0.707392497651068,915.8777717038745
2601,1362.924,0.70903249168529,0.602836619452216,2725.848,2020_kk_115_redo,Kusko,2020,0.709252296959895,0.597950195549159,0.00113022694410203,1208.79739356785,1397.71368411467,1859.152,0.707392497651068,915.8777717038745
2602,1363.448,0.708447023862934,0.611161098726496,2726.896,2020_kk_115_redo,Kusko,2020,0.709226067554808,0.599019802429739,0.00106960688058,1208.79739356785,1397.71368411467,1859.152,0.707392497651068,915.8777717038745
2603,1363.972,0.709848031974761,0.610303215942809,2727.944,2020_kk_115_redo,Kusko,2020,0.70921985057082,0.600153130507313,0.00113332807757371,1208.79739356785,1397.71368411467,1859.152,0.707392497651068,915.8777717038745
2604,1364.496,0.710079381740274,0.615902251374927,2728.992,2020_kk_115_redo,Kusko,2020,0.709242296160937,0.601257566470024,0.00110443596271148,1208.79739356785,1397.71368411467,1859.152,0.707392497651068,915.8777717038745
2605,1365.02,0.708976017174105,0.609260273292828,2730.04,2020_kk_115_redo,Kusko,2020,0.709261163853938,0.60235792797159,0.00110036150156601,1208.79739356785,1397.71368411467,1859.152,0.707392497651068,915.8777717038745
2606,1365.544,0.710398548153543,0.610383095914341,2731.088,2020_kk_115_redo,Kusko,2020,0.709247567732857,0.603548089125117,0.00119016115352699,1208.79739356785,1397.71368411467,1859.152,0.707392497651068,915.8777717038745
2607,1366.068,0.710260005665967,0.609997983458212,2732.136,2020_kk_115_redo,Kusko,2020,0.709245424348124,0.60461735247657,0.0010692633514523,1208.79739356785,1397.71368411467,1859.152,0.707392497651068,915.8777717038745
2608,1366.592,0.709130791561464,0.611916008235216,2733.184,2020_kk_115_redo,Kusko,2020,0.709248144748143,0.605635745650013,0.00101839317344277,1208.79739356785,1397.71368411467,1859.152,0.707392497651068,915.8777717038745
2609,1367.116,0.710233612935037,0.614553321696212,2734.232,2020_kk_115_redo,Kusko,2020,0.709239282882274,0.606587382332917,9.5163668290432e-4,1208.79739356785,1397.71368411467,1859.152,0.707392497651068,915.8777717038745
2610,1367.64,0.709800395451942,0.609862725864214,2735.28,2020_kk_115_redo,Kusko,2020,0.709202673669575,0.607633232482316,0.00104585014939884,1208.79739356785,1397.71368411467,1859.152,0.707392497651068,915.8777717038745
2611,1368.164,0.70845796840712,0.612212768593586,2736.328,2020_kk_115_redo,Kusko,2020,0.709212504975719,0.608624317744298,9.9108526198232e-4,1208.79739356785,1397.71368411467,1859.152,0.707392497651068,915.8777717038745
2612,1368.688,0.708865234127833,0.609298324433431,2737.376,2020_kk_115_redo,Kusko,2020,0.709219713887843,0.609620605427782,9.9628768348392e-4,1208.79739356785,1397.71368411467,1859.152,0.707392497651068,915.8777717038745
2613,1369.212,0.710161972644717,0.612756239391346,2738.424,2020_kk_115_redo,Kusko,2020,0.709191682825724,0.610484602075285,8.6399664750258e-4,1208.79739356785,1397.71368411467,1859.152,0.707392497651068,915.8777717038745
2614,1369.736,0.70904325055328,0.614728265259708,2739.472,2020_kk_115_redo,Kusko,2020,0.709194241433832,0.6112505057905,7.6590371521523e-4,1208.79739356785,1397.71368411467,1859.152,0.707392497651068,915.8777717038745
2615,1370.26,0.707789195671469,0.615307235533068,2740.52,2020_kk_115_redo,Kusko,2020,0.709145207306011,0.611931015316979,6.805095264788e-4,1208.79739356785,1397.71368411467,1859.152,0.707392497651068,915.8777717038745
2616,1370.784,0.708494725453379,0.622797430916714,2741.568,2020_kk_115_redo,Kusko,2020,0.709141217514725,0.612602655589736,6.7164027275779e-4,1208.79739356785,1397.71368411467,1859.152,0.707392497651068,915.8777717038745
2617,1371.308,0.708430880859106,0.623164101664348,2742.616,2020_kk_115_redo,Kusko,2020,0.709167568519375,0.61321424059545,6.1158500571412e-4,1208.79739356785,1397.71368411467,1859.152,0.707392497651068,915.8777717038745
2618,1371.832,0.709930785288313,0.629490742311676,2743.664,2020_kk_115_redo,Kusko,2020,0.709151445912651,0.613782136811658,5.6789621620712e-4,1208.79739356785,1397.71368411467,1859.152,0.707392497651068,915.8777717038745
2619,1372.356,0.709999929257661,0.632122190336001,2744.712,2020_kk_115_redo,Kusko,2020,0.709160939978599,0.614408256815257,6.2612000359907e-4,1208.79739356785,1397.71368411467,1859.152,0.707392497651068,915.8777717038745
2620,1372.88,0.710130381910768,0.622580527346469,2745.76,2020_kk_115_redo,Kusko,2020,0.70914744953847,0.614933677494397,5.2542067913996e-4,1208.79739356785,1397.71368411467,1859.152,0.707392497651068,915.8777717038745
2621,1373.404,0.70955883856725,0.620574711085932,2746.808,2020_kk_115_redo,Kusko,2020,0.709138264322641,0.615326129735749,3.9245224135253e-4,1208.79739356785,1397.71368411467,1859.152,0.707392497651068,915.8777717038745
2622,1373.928,0.70779379922388,0.626328660485249,2747.856,2020_kk_115_redo,Kusko,2020,0.709154016741112,0.615836141931883,5.10012196134e-4,1208.79739356785,1397.71368411467,1859.152,0.707392497651068,915.8777717038745
2623,1374.452,0.708927490855303,0.622170158499347,2748.904,2020_kk_115_redo,Kusko,2020,0.709184840670929,0.616348026536852,5.1188460496876e-4,1208.79739356785,1397.71368411467,1859.152,0.707392497651068,915.8777717038745
2624,1374.976,0.708962494788637,0.622373926753624,2749.952,2020_kk_115_redo,Kusko,2020,0.709172240426491,0.616841597819626,4.9357128277371e-4,1208.79739356785,1397.71368411467,1859.152,0.707392497651068,915.8777717038745
2625,1375.5,0.709206147299599,0.624737611213298,2751,2020_kk_115_redo,Kusko,2020,0.709199032963417,0.617074288077431,2.3269025780514e-4,1208.79739356785,1397.71368411467,1859.152,0.707392497651068,915.8777717038745
2626,1376.024,0.709007824034283,0.619306192108818,2752.048,2020_kk_115_redo,Kusko,2020,0.709172119781703,0.617344477894249,2.7018981681836e-4,1208.79739356785,1397.71368411467,1859.152,0.707392497651068,915.8777717038745
2627,1376.548,0.71009771951095,0.622330370560894,2753.096,2020_kk_115_redo,Kusko,2020,0.709182643425335,0.617663861434121,3.1938353987182e-4,1208.79739356785,1397.71368411467,1859.152,0.707392497651068,915.8777717038745
2628,1377.072,0.709455324846325,0.625476994907365,2754.144,2020_kk_115_redo,Kusko,2020,0.709172542006362,0.61802126978699,3.5740835286879e-4,1208.79739356785,1397.71368411467,1859.152,0.707392497651068,915.8777717038745
2629,1377.596,0.70681588675278,0.629070041701322,2755.192,2020_kk_115_redo,Kusko,2020,0.709179416263618,0.618331206370262,3.0993658327227e-4,1208.79739356785,1397.71368411467,1859.152,0.707392497651068,915.8777717038745
2630,1378.12,0.708052984683887,0.624801415206655,2756.24,2020_kk_115_redo,Kusko,2020,0.709173244822295,0.61870837223047,3.771658602083e-4,1208.79739356785,1397.71368411467,1859.152,0.707392497651068,915.8777717038745
2631,1378.644,0.708294989625183,0.627273373637978,2757.288,2020_kk_115_redo,Kusko,2020,0.709167320719101,0.618962995808385,2.5462357791428e-4,1208.79739356785,1397.71368411467,1859.152,0.707392497651068,915.8777717038745
2632,1379.168,0.709333113257728,0.624015442770951,2758.336,2020_kk_115_redo,Kusko,2020,0.709152183464699,0.619076574878224,1.1357906983899e-4,1208.79739356785,1397.71368411467,1859.152,0.707392497651068,915.8777717038745
2633,1379.692,0.708713418095541,0.623311047872272,2759.384,2020_kk_115_redo,Kusko,2020,0.70912880375932,0.619211020603565,1.3444572534182e-4,1208.79739356785,1397.71368411467,1859.152,0.707392497651068,915.8777717038745
2634,1380.216,0.709432836451339,0.622781869919911,2760.432,2020_kk_115_redo,Kusko,2020,0.709133788876627,0.619296135265875,8.51146623090937e-5,1208.79739356785,1397.71368411467,1859.152,0.707392497651068,915.8777717038745
2635,1380.74,0.708544525729484,0.62517932320778,2761.48,2020_kk_115_redo,Kusko,2020,0.709146039552209,0.619421969723273,1.2583445739877e-4,1208.79739356785,1397.71368411467,1859.152,0.707392497651068,915.8777717038745
2636,1381.264,0.710035093829558,0.633098133181124,2762.528,2020_kk_115_redo,Kusko,2020,0.709159654223477,0.61960156717854,1.7959745526718e-4,1208.79739356785,1397.71368411467,1859.152,0.707392497651068,915.8777717038745
2637,1381.788,0.709705841766764,0.618428357236343,2763.576,2020_kk_115_redo,Kusko,2020,0.70913334518346,0.619698647728096,9.70805495552618e-5,1208.79739356785,1397.71368411467,1859.152,0.707392497651068,915.8777717038745
2638,1382.312,0.70913988428701,0.618039502215922,2764.624,2020_kk_115_redo,Kusko,2020,0.709139023727057,0.619757754524377,5.91067962815162e-5,1208.79739356785,1397.71368411467,1859.152,0.707392497651068,915.8777717038745
2639,1382.836,0.709031095330728,0.616729678768536,2765.672,2020_kk_115_redo,Kusko,2020,0.709114543530187,0.619844341354433,8.65868300553574e-5,1208.79739356785,1397.71368411467,1859.152,0.707392497651068,915.8777717038745
2640,1383.36,0.707765221591319,0.622364282042823,2766.72,2020_kk_115_redo,Kusko,2020,0.709074937695404,0.620012106445245,1.6776509081262e-4,1208.79739356785,1397.71368411467,1859.152,0.707392497651068,915.8777717038745
2641,1383.884,0.71047460599704,0.621327424705932,2767.768,2020_kk_115_redo,Kusko,2020,0.709092414444822,0.620125787162131,1.1368071688577e-4,1208.79739356785,1397.71368411467,1859.152,0.707392497651068,915.8777717038745
2642,1384.408,0.710015108585341,0.620128943936743,2768.816,2020_kk_115_redo,Kusko,2020,0.709080425149832,0.620396329580252,2.705424181213e-4,1208.79739356785,1397.71368411467,1859.152,0.707392497651068,915.8777717038745
2643,1384.932,0.707966293663257,0.616908693047809,2769.864,2020_kk_115_redo,Kusko,2020,0.709057064612858,0.620507215522888,1.1088594263597e-4,1208.79739356785,1397.71368411467,1859.152,0.707392497651068,915.8777717038745
2644,1385.456,0.708963148123507,0.616380718189347,2770.912,2020_kk_115_redo,Kusko,2020,0.709030369417045,0.620534994184671,2.7778661782496e-5,1208.79739356785,1397.71368411467,1859.152,0.707392497651068,915.8777717038745
2645,1385.98,0.707288767394784,0.613663148869815,2771.96,2020_kk_115_redo,Kusko,2020,0.709062373863523,0.620698091689307,1.6309750463605e-4,1208.79739356785,1397.71368411467,1859.152,0.707392497651068,915.8777717038745
2646,1386.504,0.70994977352473,0.616025649842544,2773.008,2020_kk_115_redo,Kusko,2020,0.709034511695382,0.620722145660595,2.40539712880183e-5,1208.79739356785,1397.71368411467,1859.152,0.707392497651068,915.8777717038745
2647,1387.028,0.710081578514986,0.613383603384549,2774.056,2020_kk_115_redo,Kusko,2020,0.709065073435275,0.620723390933004,1.24527240863426e-6,1208.79739356785,1397.71368411467,1859.152,0.707392497651068,915.8777717038745
2648,1387.552,0.708343386577546,0.608950337230281,2775.104,2020_kk_115_redo,Kusko,2020,0.709058989511041,0.620648503815686,-7.48871173171795e-5,1208.79739356785,1397.71368411467,1859.152,0.707392497651068,915.8777717038745
2649,1388.076,0.7098948831212,0.616412043275085,2776.152,2020_kk_115_redo,Kusko,2020,0.709065442198699,0.620445355466698,-2.0314834898838e-4,1208.79739356785,1397.71368411467,1859.152,0.707392497651068,915.8777717038745
2650,1388.6,0.707323758296628,0.612630183485229,2777.2,2020_kk_115_redo,Kusko,2020,0.709035642200115,0.620488922990772,4.35675240735289e-5,1208.79739356785,1397.71368411467,1859.152,0.707392497651068,915.8777717038745
2651,1389.124,0.709387879676562,0.611705853926056,2778.248,2020_kk_115_redo,Kusko,2020,0.708991780640923,0.620596432730182,1.0750973941087e-4,1208.79739356785,1397.71368411467,1859.152,0.707392497651068,915.8777717038745
2652,1389.648,0.70989063659944,0.614950080353459,2779.296,2020_kk_115_redo,Kusko,2020,0.709000153421571,0.620675459391273,7.90266610902757e-5,1208.79739356785,1397.71368411467,1859.152,0.707392497651068,915.8777717038745
2653,1390.172,0.710162449103807,0.616663291511076,2780.344,2020_kk_115_redo,Kusko,2020,0.708983813202837,0.620789667537801,1.1420814652818e-4,1208.79739356785,1397.71368411467,1859.152,0.707392497651068,915.8777717038745
2654,1390.696,0.709036821778565,0.618959648620659,2781.392,2020_kk_115_redo,Kusko,2020,0.70900440028403,0.620925250498643,1.3558296084237e-4,1208.79739356785,1397.71368411467,1859.152,0.707392497651068,915.8777717038745
2655,1391.22,0.709456417221085,0.615872178646115,2782.44,2020_kk_115_redo,Kusko,2020,0.709002293124594,0.620957445230225,3.21947315813365e-5,1208.79739356785,1397.71368411467,1859.152,0.707392497651068,915.8777717038745
2656,1391.744,0.708905339890036,0.619437374301576,2783.488,2020_kk_115_redo,Kusko,2020,0.709006692496184,0.621081846813568,1.2440158334314e-4,1208.79739356785,1397.71368411467,1859.152,0.707392497651068,915.8777717038745
2657,1392.268,0.709496555992277,0.621615012528899,2784.536,2020_kk_115_redo,Kusko,2020,0.708997662567217,0.621157570318084,7.57235045163451e-5,1208.79739356785,1397.71368411467,1859.152,0.707392497651068,915.8777717038745
2658,1392.792,0.709905084964885,0.62552713248163,2785.584,2020_kk_115_redo,Kusko,2020,0.709007085523419,0.621190753778759,3.31834606752679e-5,1208.79739356785,1397.71368411467,1859.152,0.707392497651068,915.8777717038745
2659,1393.316,0.70867336857,0.624162271060876,2786.632,2020_kk_115_redo,Kusko,2020,0.70902015617635,0.62115637329268,-3.43804860793995e-5,1208.79739356785,1397.71368411467,1859.152,0.707392497651068,915.8777717038745
2660,1393.84,0.709793676835494,0.62877323131054,2787.68,2020_kk_115_redo,Kusko,2020,0.709043952350726,0.6212558791115,9.95058188205666e-5,1208.79739356785,1397.71368411467,1859.152,0.707392497651068,915.8777717038745
2661,1394.364,0.70867704549368,0.618114034127074,2788.728,2020_kk_115_redo,Kusko,2020,0.709056652429027,0.621282840791495,2.69616799947192e-5,1208.79739356785,1397.71368411467,1859.152,0.707392497651068,915.8777717038745
2662,1394.888,0.707538788598814,0.617975842916841,2789.776,2020_kk_115_redo,Kusko,2020,0.709068532179808,0.621389223521957,1.063827304617e-4,1208.79739356785,1397.71368411467,1859.152,0.707392497651068,915.8777717038745
2663,1395.412,0.708445249652036,0.618369959463318,2790.824,2020_kk_115_redo,Kusko,2020,0.709105338765967,0.621392436894932,3.21337297537472e-6,1208.79739356785,1397.71368411467,1859.152,0.707392497651068,915.8777717038745
2664,1395.936,0.71037848877864,0.621009131113467,2791.872,2020_kk_115_redo,Kusko,2020,0.709116196692101,0.621428928511214,3.64916162817197e-5,1208.79739356785,1397.71368411467,1859.152,0.707392497651068,915.8777717038745
2665,1396.46,0.709711057709058,0.616810340736758,2792.92,2020_kk_115_redo,Kusko,2020,0.709142309069361,0.62134559412189,-8.33343893245075e-5,1208.79739356785,1397.71368411467,1859.152,0.707392497651068,915.8777717038745
2666,1396.984,0.711215428429613,0.621158943230376,2793.968,2020_kk_115_redo,Kusko,2020,0.709136219628379,0.621108492189473,-2.3710193241655e-4,1208.79739356785,1397.71368411467,1859.152,0.707392497651068,915.8777717038745
2667,1397.508,0.708681463264925,0.615822816431521,2795.016,2020_kk_115_redo,Kusko,2020,0.70915174746881,0.621115492923448,7.00073397497114e-6,1208.79739356785,1397.71368411467,1859.152,0.707392497651068,915.8777717038745
2668,1398.032,0.709471504177326,0.61546241601211,2796.064,2020_kk_115_redo,Kusko,2020,0.709163462277255,0.621315248607245,1.9975568379737e-4,1208.79739356785,1397.71368411467,1859.152,0.707392497651068,915.8777717038745
2669,1398.556,0.708764801122843,0.619748531499532,2797.112,2020_kk_115_redo,Kusko,2020,0.709157461102103,0.621341204406049,2.59557988037118e-5,1208.79739356785,1397.71368411467,1859.152,0.707392497651068,915.8777717038745
2670,1399.08,0.707424045364946,0.619928631312974,2798.16,2020_kk_115_redo,Kusko,2020,0.709204094903652,0.621146797665875,-1.9440674017401e-4,1208.79739356785,1397.71368411467,1859.152,0.707392497651068,915.8777717038745
2671,1399.604,0.709506573372192,0.619033611606732,2799.208,2020_kk_115_redo,Kusko,2020,0.709197055985582,0.620941827356753,-2.0497030912181e-4,1208.79739356785,1397.71368411467,1859.152,0.707392497651068,915.8777717038745
2672,1400.128,0.708145876428456,0.625530869520705,2800.256,2020_kk_115_redo,Kusko,2020,0.709169301027477,0.620842749629735,-9.90777270182264e-5,1208.79739356785,1397.71368411467,1859.152,0.707392497651068,915.8777717038745
2673,1400.652,0.70876034042625,0.619409395949505,2801.304,2020_kk_115_redo,Kusko,2020,0.709200046852863,0.620604809027798,-2.3794060193682e-4,1208.79739356785,1397.71368411467,1859.152,0.707392497651068,915.8777717038745
2674,1401.176,0.707441538804483,0.616394984966655,2802.352,2020_kk_115_redo,Kusko,2020,0.709214446766932,0.620388564406886,-2.1624462091229e-4,1208.79739356785,1397.71368411467,1859.152,0.707392497651068,915.8777717038745
2675,1401.7,0.709709462460188,0.625093085811233,2803.4,2020_kk_115_redo,Kusko,2020,0.709252038152584,0.620181423409854,-2.0714099703134e-4,1208.79739356785,1397.71368411467,1859.152,0.707392497651068,915.8777717038745
2676,1402.224,0.706822995364895,0.624240669193998,2804.448,2020_kk_115_redo,Kusko,2020,0.70925096116161,0.619944596821355,-2.3682658849921e-4,1208.79739356785,1397.71368411467,1859.152,0.707392497651068,915.8777717038745
2677,1402.748,0.710264585252663,0.623238818008866,2805.496,2020_kk_115_redo,Kusko,2020,0.709254860198686,0.619740511568388,-2.0408525296722e-4,1208.79739356785,1397.71368411467,1859.152,0.707392497651068,915.8777717038745
2678,1403.272,0.709565749834275,0.624997515272642,2806.544,2020_kk_115_redo,Kusko,2020,0.709279229850059,0.619739929097904,-5.82470483845299e-7,1208.79739356785,1397.71368411467,1859.152,0.707392497651068,915.8777717038745
2679,1403.796,0.710387090517153,0.619933289396699,2807.592,2020_kk_115_redo,Kusko,2020,0.70926253341585,0.619533068926551,-2.068601713534e-4,1208.79739356785,1397.71368411467,1859.152,0.707392497651068,915.8777717038745
2680,1404.32,0.708342381995741,0.625194578790883,2808.64,2020_kk_115_redo,Kusko,2020,0.70931989146003,0.619300668152702,-2.3240077384878e-4,1208.79739356785,1397.71368411467,1859.152,0.707392497651068,915.8777717038745
2681,1404.844,0.706927145015716,0.62702529545058,2809.688,2020_kk_115_redo,Kusko,2020,0.709323846388576,0.619076457230937,-2.2421092176516e-4,1208.79739356785,1397.71368411467,1859.152,0.707392497651068,915.8777717038745
2682,1405.368,0.708296166062763,0.631070260150672,2810.736,2020_kk_115_redo,Kusko,2020,0.709292792671906,0.61889493650045,-1.8152073048727e-4,1208.79739356785,1397.71368411467,1859.152,0.707392497651068,915.8777717038745
2683,1405.892,0.707947077731293,0.629022647291037,2811.784,2020_kk_115_redo,Kusko,2020,0.709292046544444,0.618655941864103,-2.3899463634635e-4,1208.79739356785,1397.71368411467,1859.152,0.707392497651068,915.8777717038745
2684,1406.416,0.710197719660177,0.630508904404163,2812.832,2020_kk_115_redo,Kusko,2020,0.709284831207047,0.61849649760514,-1.5944425896274e-4,1208.79739356785,1397.71368411467,1859.152,0.707392497651068,915.8777717038745
2685,1406.94,0.709079717733442,0.626669295108178,2813.88,2020_kk_115_redo,Kusko,2020,0.709290124396355,0.618388320391928,-1.0817721321254e-4,1208.79739356785,1397.71368411467,1859.152,0.707392497651068,915.8777717038745
2686,1407.464,0.709271786329682,0.626770287109413,2814.928,2020_kk_115_redo,Kusko,2020,0.709253418631531,0.618104592981257,-2.8372741067084e-4,1208.79739356785,1397.71368411467,1859.152,0.707392497651068,915.8777717038745
2687,1407.988,0.709555923772926,0.626873780831867,2815.976,2020_kk_115_redo,Kusko,2020,0.709200111096752,0.617907101892087,-1.9749108917055e-4,1208.79739356785,1397.71368411467,1859.152,0.707392497651068,915.8777717038745
2688,1408.512,0.710020702218458,0.627468002547884,2817.024,2020_kk_115_redo,Kusko,2020,0.709193259302164,0.617645007129695,-2.6209476239136e-4,1208.79739356785,1397.71368411467,1859.152,0.707392497651068,915.8777717038745
2689,1409.036,0.707600125928648,0.627007212536559,2818.072,2020_kk_115_redo,Kusko,2020,0.70921009901213,0.617404762574863,-2.4024455483251e-4,1208.79739356785,1397.71368411467,1859.152,0.707392497651068,915.8777717038745
2690,1409.56,0.709480755146443,0.630771764335893,2819.12,2020_kk_115_redo,Kusko,2020,0.709185792244026,0.617010213688357,-3.9454888650558e-4,1208.79739356785,1397.71368411467,1859.152,0.707392497651068,915.8777717038745
2691,1410.084,0.709056994323229,0.628891074437655,2820.168,2020_kk_115_redo,Kusko,2020,0.70918029456782,0.616824118665753,-1.8609502260391e-4,1208.79739356785,1397.71368411467,1859.152,0.707392497651068,915.8777717038745
2692,1410.608,0.710045898304606,0.630398406598653,2821.216,2020_kk_115_redo,Kusko,2020,0.709178729803544,0.616622866065914,-2.0125259983871e-4,1208.79739356785,1397.71368411467,1859.152,0.707392497651068,915.8777717038745
2693,1411.132,0.71092181326508,0.623503850250795,2822.264,2020_kk_115_redo,Kusko,2020,0.709148619845289,0.616459414517206,-1.6345154870811e-4,1208.79739356785,1397.71368411467,1859.152,0.707392497651068,915.8777717038745
2694,1411.656,0.710084312019372,0.624971366896815,2823.312,2020_kk_115_redo,Kusko,2020,0.709125395224255,0.61627418272437,-1.8523179283647e-4,1208.79739356785,1397.71368411467,1859.152,0.707392497651068,915.8777717038745
2695,1412.18,0.710111268365109,0.620179259848312,2824.36,2020_kk_115_redo,Kusko,2020,0.709151056612216,0.61611634736868,-1.5783535568991e-4,1208.79739356785,1397.71368411467,1859.152,0.707392497651068,915.8777717038745
2696,1412.704,0.709669727370608,0.618872017236129,2825.408,2020_kk_115_redo,Kusko,2020,0.70913613516643,0.6159339892949,-1.8235807378008e-4,1208.79739356785,1397.71368411467,1859.152,0.707392497651068,915.8777717038745
2697,1413.228,0.71063751219262306,0.618848401274842,2826.456,2020_kk_115_redo,Kusko,2020,0.709142866442884,0.615750612894076,-1.8337640082433e-4,1208.79739356785,1397.71368411467,1859.152,0.707392497651068,915.8777717038745
2698,1413.752,0.709842772793722,0.630024843243757,2827.504,2020_kk_115_redo,Kusko,2020,0.709099085684498,0.615539220767274,-2.1139212680187e-4,1208.79739356785,1397.71368411467,1859.152,0.707392497651068,915.8777717038745
2699,1414.276,0.708671024821619,0.618287026696765,2828.552,2020_kk_115_redo,Kusko,2020,0.709132957572811,0.615245498481118,-2.9372228615609e-4,1208.79739356785,1397.71368411467,1859.152,0.707392497651068,915.8777717038745
2700,1414.8,0.710563249684233,0.610699877632385,2829.6,2020_kk_115_redo,Kusko,2020,0.709187257480689,0.614990625141453,-2.5487333966467e-4,1208.79739356785,1397.71368411467,1859.152,0.707392497651068,915.8777717038745
2701,1415.324,0.710052270912864,0.609029206158617,2830.648,2020_kk_115_redo,Kusko,2020,0.709206164074101,0.614681292559542,-3.0933258191079e-4,1208.79739356785,1397.71368411467,1859.152,0.707392497651068,915.8777717038745
2702,1415.848,0.708349811099065,0.61418428031565,2831.696,2020_kk_115_redo,Kusko,2020,0.709210271190049,0.614237943743126,-4.4334881641616e-4,1208.79739356785,1397.71368411467,1859.152,0.707392497651068,915.8777717038745
2703,1416.372,0.709811043186389,0.602632256931603,2832.744,2020_kk_115_redo,Kusko,2020,0.709231181246919,0.613977867922001,-2.6007582112508e-4,1208.79739356785,1397.71368411467,1859.152,0.707392497651068,915.8777717038745
2704,1416.896,0.709827142967671,0.603406040934608,2833.792,2020_kk_115_redo,Kusko,2020,0.709260351369632,0.613727200675072,-2.5066724692834e-4,1208.79739356785,1397.71368411467,1859.152,0.707392497651068,915.8777717038745
2705,1417.42,0.709544250533861,0.601234689047932,2834.84,2020_kk_115_redo,Kusko,2020,0.709244309632831,0.613338648614566,-3.8855206050614e-4,1208.79739356785,1397.71368411467,1859.152,0.707392497651068,915.8777717038745
2706,1417.944,0.709885154066276,0.60181605453259,2835.888,2020_kk_115_redo,Kusko,2020,0.70928992390412,0.612940119504023,-3.9852911054327e-4,1208.79739356785,1397.71368411467,1859.152,0.707392497651068,915.8777717038745
2707,1418.468,0.710315520739595,0.601138488206514,2836.936,2020_kk_115_redo,Kusko,2020,0.709262471099243,0.612640425638299,-2.9969386572448e-4,1208.79739356785,1397.71368411467,1859.152,0.707392497651068,915.8777717038745
2708,1418.992,0.709805565659913,0.608915389001251,2837.984,2020_kk_115_redo,Kusko,2020,0.709258878198784,0.612283651452556,-3.567741857422e-4,1208.79739356785,1397.71368411467,1859.152,0.707392497651068,915.8777717038745
2709,1419.516,0.70889309706866,0.604000432993883,2839.032,2020_kk_115_redo,Kusko,2020,0.709241748154734,0.612005911833271,-2.7773961928545e-4,1208.79739356785,1397.71368411467,1859.152,0.707392497651068,915.8777717038745
2710,1420.04,0.710765240947448,0.598686137054298,2840.08,2020_kk_115_redo,Kusko,2020,0.709241789410463,0.611693206969772,-3.1270486349854e-4,1208.79739356785,1397.71368411467,1859.152,0.707392497651068,915.8777717038745
2711,1420.564,0.709625175389278,0.598253198620142,2841.128,2020_kk_115_redo,Kusko,2020,0.709250590159942,0.61131912465338,-3.7408231639257e-4,1208.79739356785,1397.71368411467,1859.152,0.707392497651068,915.8777717038745
2712,1421.088,0.708027413599253,0.604058836524223,2842.176,2020_kk_115_redo,Kusko,2020,0.709258953363481,0.610879216081221,-4.3990857215836e-4,1208.79739356785,1397.71368411467,1859.152,0.707392497651068,915.8777717038745
2713,1421.612,0.710117681456081,0.602323613330292,2843.224,2020_kk_115_redo,Kusko,2020,0.709267800303511,0.610468550798186,-4.1066528303557e-4,1208.79739356785,1397.71368411467,1859.152,0.707392497651068,915.8777717038745
2714,1422.136,0.708603901534763,0.609392993082897,2844.272,2020_kk_115_redo,Kusko,2020,0.709236510625495,0.610002144590808,-4.6640620737736e-4,1208.79739356785,1397.71368411467,1859.152,0.707392497651068,915.8777717038745
2715,1422.66,0.709774008579539,0.609381545853358,2845.32,2020_kk_115_redo,Kusko,2020,0.709227090252674,0.609726476852852,-2.756677379565e-4,1208.79739356785,1397.71368411467,1859.152,0.707392497651068,915.8777717038745
2716,1423.184,0.706702994000608,0.602413729661325,2846.368,2020_kk_115_redo,Kusko,2020,0.709182107356744,0.609364116314698,-3.6236053815363e-4,1208.79739356785,1397.71368411467,1859.152,0.707392497651068,915.8777717038745
2717,1423.708,0.706298103905537,0.609765547178671,2847.416,2020_kk_115_redo,Kusko,2020,0.709180040220477,0.609008287679207,-3.5582863549132e-4,1208.79739356785,1397.71368411467,1859.152,0.707392497651068,915.8777717038745
2718,1424.232,0.709493977289626,0.609801446738151,2848.464,2020_kk_115_redo,Kusko,2020,0.709159033657626,0.608649331985106,-3.5895569410138e-4,1208.79739356785,1397.71368411467,1859.152,0.707392497651068,915.8777717038745
2719,1424.756,0.709683751167974,0.609747597770925,2849.512,2020_kk_115_redo,Kusko,2020,0.709197082790496,0.608384863486176,-2.6446849893002e-4,1208.79739356785,1397.71368411467,1859.152,0.707392497651068,915.8777717038745
2720,1425.28,0.708335270749214,0.605100298120208,2850.56,2020_kk_115_redo,Kusko,2020,0.709173294978732,0.60815759276664,-2.2727071953576e-4,1208.79739356785,1397.71368411467,1859.152,0.707392497651068,915.8777717038745
2721,1425.804,0.708347184921342,0.606948332770833,2851.608,2020_kk_115_redo,Kusko,2020,0.709186573033367,0.60793087993902,-2.2671282761976e-4,1208.79739356785,1397.71368411467,1859.152,0.707392497651068,915.8777717038745
2722,1426.328,0.707444902742267,0.605900686926525,2852.656,2020_kk_115_redo,Kusko,2020,0.70914146208798,0.607712521501757,-2.1835843726336e-4,1208.79739356785,1397.71368411467,1859.152,0.707392497651068,915.8777717038745
2723,1426.852,0.706638652156694,0.608562866540824,2853.704,2020_kk_115_redo,Kusko,2020,0.709097335361338,0.607563077219771,-1.4944428198571e-4,1208.79739356785,1397.71368411467,1859.152,0.707392497651068,915.8777717038745
2724,1427.376,0.708985011516606,0.609895223543279,2854.752,2020_kk_115_redo,Kusko,2020,0.709105726789252,0.607464984826486,-9.80923932851763e-5,1208.79739356785,1397.71368411467,1859.152,0.707392497651068,915.8777717038745
2725,1427.9,0.71125074098671,0.607340219395365,2855.8,2020_kk_115_redo,Kusko,2020,0.709086784905529,0.607449382038673,-1.56027878124299e-5,1208.79739356785,1397.71368411467,1859.152,0.707392497651068,915.8777717038745
2726,1428.424,0.710320141682493,0.610217458803565,2856.848,2020_kk_115_redo,Kusko,2020,0.709067443330302,0.6074396011364,-9.78090227365946e-6,1208.79739356785,1397.71368411467,1859.152,0.707392497651068,915.8777717038745
2727,1428.948,0.709085339852172,0.604820232382067,2857.896,2020_kk_115_redo,Kusko,2020,0.709044982826256,0.607489836852682,5.02357162823763e-5,1208.79739356785,1397.71368411467,1859.152,0.707392497651068,915.8777717038745
2728,1429.472,0.706844658674108,0.602778888403998,2858.944,2020_kk_115_redo,Kusko,2020,0.709049839252103,0.607354985548017,-1.3485130466484e-4,1208.79739356785,1397.71368411467,1859.152,0.707392497651068,915.8777717038745
2729,1429.996,0.710797114421669,0.602125194330167,2859.992,2020_kk_115_redo,Kusko,2020,0.709033372665324,0.607370640236359,1.56546883417485e-5,1208.79739356785,1397.71368411467,1859.152,0.707392497651068,915.8777717038745
2730,1430.52,0.710682039837591,0.604636230933094,2861.04,2020_kk_115_redo,Kusko,2020,0.709002683725451,0.607489815552807,1.1917531644833e-4,1208.79739356785,1397.71368411467,1859.152,0.707392497651068,915.8777717038745
2731,1431.044,0.71064096897692,0.60047365669208,2862.088,2020_kk_115_redo,Kusko,2020,0.709016698585037,0.607678471229553,1.886556767453e-4,1208.79739356785,1397.71368411467,1859.152,0.707392497651068,915.8777717038745
2732,1431.568,0.708392303385344,0.598929940535733,2863.136,2020_kk_115_redo,Kusko,2020,0.709023723620544,0.607767737851409,8.92666218564875e-5,1208.79739356785,1397.71368411467,1859.152,0.707392497651068,915.8777717038745
2733,1432.092,0.710014943838441,0.603804846681993,2864.184,2020_kk_115_redo,Kusko,2020,0.70902939202824,0.608100929914311,3.331920629015e-4,1208.79739356785,1397.71368411467,1859.152,0.707392497651068,915.8777717038745
2734,1432.616,0.709191746167292,0.601354950150956,2865.232,2020_kk_115_redo,Kusko,2020,0.709026878936573,0.608288304984608,1.8737507029731e-4,1208.79739356785,1397.71368411467,1859.152,0.707392497651068,915.8777717038745
2735,1433.14,0.708746958252132,0.601779962180858,2866.28,2020_kk_115_redo,Kusko,2020,0.709026171979433,0.608656202785823,3.6789780121493e-4,1208.79739356785,1397.71368411467,1859.152,0.707392497651068,915.8777717038745
2736,1433.664,0.709559851642209,0.600328922561403,2867.328,2020_kk_115_redo,Kusko,2020,0.709001079029482,0.608987755722844,3.3155293702114e-4,1208.79739356785,1397.71368411467,1859.152,0.707392497651068,915.8777717038745
2737,1434.188,0.708617416960044,0.605257186065399,2868.376,2020_kk_115_redo,Kusko,2020,0.708999061509471,0.609320766876441,3.3301115359729e-4,1208.79739356785,1397.71368411467,1859.152,0.707392497651068,915.8777717038745
2738,1434.712,0.709350175806714,0.603591064128116,2869.424,2020_kk_115_redo,Kusko,2020,0.709004479537708,0.609585456168356,2.6468929191458e-4,1208.79739356785,1397.71368411467,1859.152,0.707392497651068,915.8777717038745
2739,1435.236,0.709359287874141,0.603268912239575,2870.472,2020_kk_115_redo,Kusko,2020,0.709012238677401,0.609911829464916,3.2637329656037e-4,1208.79739356785,1397.71368411467,1859.152,0.707392497651068,915.8777717038745
2740,1435.76,0.708344857339487,0.60643228698097,2871.52,2020_kk_115_redo,Kusko,2020,0.708950540221248,0.610264359801741,3.5253033682458e-4,1208.79739356785,1397.71368411467,1859.152,0.707392497651068,915.8777717038745
2741,1436.284,0.707455189984473,0.604580356467022,2872.568,2020_kk_115_redo,Kusko,2020,0.708971238894987,0.610573914386901,3.0955458516046e-4,1208.79739356785,1397.71368411467,1859.152,0.707392497651068,915.8777717038745
2742,1436.808,0.708797958275126,0.604675745821172,2873.616,2020_kk_115_redo,Kusko,2020,0.708970803217471,0.61089547473335,3.2156034644848e-4,1208.79739356785,1397.71368411467,1859.152,0.707392497651068,915.8777717038745
2743,1437.332,0.708477894133105,0.604382730308896,2874.664,2020_kk_115_redo,Kusko,2020,0.708997782808634,0.611282584139947,3.8710940659747e-4,1208.79739356785,1397.71368411467,1859.152,0.707392497651068,915.8777717038745
2744,1437.856,0.708320338979203,0.602524531961526,2875.712,2020_kk_115_redo,Kusko,2020,0.709014002485049,0.611564756973862,2.8217283391518e-4,1208.79739356785,1397.71368411467,1859.152,0.707392497651068,915.8777717038745
2745,1438.38,0.708514495364166,0.610129230830783,2876.76,2020_kk_115_redo,Kusko,2020,0.708973315281858,0.611829423187281,2.6466621341891e-4,1208.79739356785,1397.71368411467,1859.152,0.707392497651068,915.8777717038745
2746,1438.904,0.706572812573874,0.6050286548202,2877.808,2020_kk_115_redo,Kusko,2020,0.70901090439773,0.61228592667011,4.5650348282877e-4,1208.79739356785,1397.71368411467,1859.152,0.707392497651068,915.8777717038745
2747,1439.428,0.709431895596933,0.605524062702381,2878.856,2020_kk_115_redo,Kusko,2020,0.709027036853957,0.612673814118649,3.8788744853912e-4,1208.79739356785,1397.71368411467,1859.152,0.707392497651068,915.8777717038745
2748,1439.952,0.708760308447371,0.6059306609018,2879.904,2020_kk_115_redo,Kusko,2020,0.709030059580407,0.613022762632912,3.4894851426226e-4,1208.79739356785,1397.71368411467,1859.152,0.707392497651068,915.8777717038745
2749,1440.476,0.709883073900862,0.611139102600754,2880.952,2020_kk_115_redo,Kusko,2020,0.709041332155562,0.613310225424158,2.8746279124625e-4,1208.79739356785,1397.71368411467,1859.152,0.707392497651068,915.8777717038745
2750,1441,0.708053486440585,0.617135521163747,2882,2020_kk_115_redo,Kusko,2020,0.709084385766778,0.61368398595055,3.7376052639193e-4,1208.79739356785,1397.71368411467,1859.152,0.707392497651068,915.8777717038745
2751,1441.524,0.709853677601356,0.615288304780463,2883.048,2020_kk_115_redo,Kusko,2020,0.709125733437193,0.614070321139712,3.8633518916242e-4,1208.79739356785,1397.71368411467,1859.152,0.707392497651068,915.8777717038745
2752,1442.048,0.707339241581353,0.617296900362851,2884.096,2020_kk_115_redo,Kusko,2020,0.709158672368192,0.614378367655662,3.080465159494e-4,1208.79739356785,1397.71368411467,1859.152,0.707392497651068,915.8777717038745
2753,1442.572,0.708274209666584,0.614537193331653,2885.144,2020_kk_115_redo,Kusko,2020,0.709204475807743,0.614598525840985,2.2015818532328e-4,1208.79739356785,1397.71368411467,1859.152,0.707392497651068,915.8777717038745
2754,1443.096,0.710587797694207,0.619085823299702,2886.192,2020_kk_115_redo,Kusko,2020,0.709226921391336,0.614852778268988,2.5425242800314e-4,1208.79739356785,1397.71368411467,1859.152,0.707392497651068,915.8777717038745
2755,1443.62,0.708974755341748,0.619243092579564,2887.24,2020_kk_115_redo,Kusko,2020,0.709204822979793,0.61508958249677,2.3680422778149e-4,1208.79739356785,1397.71368411467,1859.152,0.707392497651068,915.8777717038745
2756,1444.144,0.708509232856989,0.618285163099709,2888.288,2020_kk_115_redo,Kusko,2020,0.709186338362001,0.61523613508775,1.4655259098073e-4,1208.79739356785,1397.71368411467,1859.152,0.707392497651068,915.8777717038745
2757,1444.668,0.709289881949873,0.621862544251783,2889.336,2020_kk_115_redo,Kusko,2020,0.709163709946152,0.615560581645701,3.2444655795049e-4,1208.79739356785,1397.71368411467,1859.152,0.707392497651068,915.8777717038745
2758,1445.192,0.710134158344539,0.621933764963869,2890.384,2020_kk_115_redo,Kusko,2020,0.70920913439133,0.615809739797707,2.4915815200599e-4,1208.79739356785,1397.71368411467,1859.152,0.707392497651068,915.8777717038745
2759,1445.716,0.70768302961485,0.619226307997272,2891.432,2020_kk_115_redo,Kusko,2020,0.709169779978995,0.616062141196777,2.5240139907045e-4,1208.79739356785,1397.71368411467,1859.152,0.707392497651068,915.8777717038745
2760,1446.24,0.708721913291885,0.617850396619291,2892.48,2020_kk_115_redo,Kusko,2020,0.709126803735874,0.616246550835483,1.8440963870591e-4,1208.79739356785,1397.71368411467,1859.152,0.707392497651068,915.8777717038745
2761,1446.764,0.710893162488014,0.620348546763334,2893.528,2020_kk_115_redo,Kusko,2020,0.709100800066014,0.616542141032209,2.9559019672564e-4,1208.79739356785,1397.71368411467,1859.152,0.707392497651068,915.8777717038745
2762,1447.288,0.708771313229442,0.619540277627043,2894.576,2020_kk_115_redo,Kusko,2020,0.709117782653452,0.616707895093902,1.6575406169294e-4,1208.79739356785,1397.71368411467,1859.152,0.707392497651068,915.8777717038745
2763,1447.812,0.710151147648206,0.622623780705693,2895.624,2020_kk_115_redo,Kusko,2020,0.709083292874855,0.616827458233994,1.195631400922e-4,1208.79739356785,1397.71368411467,1859.152,0.707392497651068,915.8777717038745
2764,1448.336,0.709676357467623,0.614648545152445,2896.672,2020_kk_115_redo,Kusko,2020,0.709095410091542,0.616904621388365,7.71631543712292e-5,1208.79739356785,1397.71368411467,1859.152,0.707392497651068,915.8777717038745
2765,1448.86,0.709501833105445,0.623308557120823,2897.72,2020_kk_115_redo,Kusko,2020,0.709084846578227,0.617124619775322,2.1999838695641e-4,1208.79739356785,1397.71368411467,1859.152,0.707392497651068,915.8777717038745
2766,1449.384,0.708379577069251,0.621709230753866,2898.768,2020_kk_115_redo,Kusko,2020,0.709100836295489,0.617372918721237,2.4829894591504e-4,1208.79739356785,1397.71368411467,1859.152,0.707392497651068,915.8777717038745
2767,1449.908,0.710194469538886,0.621119157422345,2899.816,2020_kk_115_redo,Kusko,2020,0.709118239859634,0.617528350581206,1.5543185996913e-4,1208.79739356785,1397.71368411467,1859.152,0.707392497651068,915.8777717038745
2768,1450.432,0.710130647354158,0.624796746516132,2900.864,2020_kk_115_redo,Kusko,2020,0.70908554738566,0.617663473103369,1.3512252216363e-4,1208.79739356785,1397.71368411467,1859.152,0.707392497651068,915.8777717038745
2769,1450.956,0.709358645450221,0.623582830787501,2901.912,2020_kk_115_redo,Kusko,2020,0.709068612704103,0.6179144221034,2.5094900003086e-4,1208.79739356785,1397.71368411467,1859.152,0.707392497651068,915.8777717038745
2770,1451.48,0.707063333578274,0.619837957263772,2902.96,2020_kk_115_redo,Kusko,2020,0.709062718046307,0.618168327813582,2.5390571018202e-4,1208.79739356785,1397.71368411467,1859.152,0.707392497651068,915.8777717038745
2771,1452.004,0.710867095813615,0.616826473729772,2904.008,2020_kk_115_redo,Kusko,2020,0.709110850857693,0.61843004377815,2.6171596456725e-4,1208.79739356785,1397.71368411467,1859.152,0.707392497651068,915.8777717038745
2772,1452.528,0.708001272948294,0.623352457311125,2905.056,2020_kk_115_redo,Kusko,2020,0.709127103904127,0.618861303981425,4.3126020327544e-4,1208.79739356785,1397.71368411467,1859.152,0.707392497651068,915.8777717038745
2773,1453.052,0.711736456925875,0.625550177726139,2906.104,2020_kk_115_redo,Kusko,2020,0.709098145563986,0.619290009136131,4.2870515470638e-4,1208.79739356785,1397.71368411467,1859.152,0.707392497651068,915.8777717038745
2774,1453.576,0.709577082119671,0.626323363117811,2907.152,2020_kk_115_redo,Kusko,2020,0.709131113090722,0.619613558556118,3.2354941998691e-4,1208.79739356785,1397.71368411467,1859.152,0.707392497651068,915.8777717038745
2775,1454.1,0.707332776388084,0.625261518658494,2908.2,2020_kk_115_redo,Kusko,2020,0.70917216142999,0.619876777768134,2.6321921201621e-4,1208.79739356785,1397.71368411467,1859.152,0.707392497651068,915.8777717038745
2776,1454.624,0.708958340952918,0.629803938631056,2909.248,2020_kk_115_redo,Kusko,2020,0.709223059585916,0.620247948642805,3.7117087467009e-4,1208.79739356785,1397.71368411467,1859.152,0.707392497651068,915.8777717038745
2777,1455.148,0.707266051279173,0.633038794091016,2910.296,2020_kk_115_redo,Kusko,2020,0.709236529799257,0.620698289434069,4.5034079126427e-4,1208.79739356785,1397.71368411467,1859.152,0.707392497651068,915.8777717038745
2778,1455.672,0.709675340876616,0.630738357593884,2911.344,2020_kk_115_redo,Kusko,2020,0.709254943022173,0.621079092463162,3.8080302909349e-4,1208.79739356785,1397.71368411467,1859.152,0.707392497651068,915.8777717038745
2779,1456.196,0.710360105677266,0.626995365245701,2912.392,2020_kk_115_redo,Kusko,2020,0.709237820554129,0.621324603066543,2.4551060338096e-4,1208.79739356785,1397.71368411467,1859.152,0.707392497651068,915.8777717038745
2780,1456.72,0.710918487422196,0.627525929703726,2913.44,2020_kk_115_redo,Kusko,2020,0.709266294267735,0.621520653662135,1.9605059559135e-4,1208.79739356785,1397.71368411467,1859.152,0.707392497651068,915.8777717038745
2781,1457.244,0.710828045146198,0.630128444120575,2914.488,2020_kk_115_redo,Kusko,2020,0.709249963413764,0.621685908710614,1.6525504847986e-4,1208.79739356785,1397.71368411467,1859.152,0.707392497651068,915.8777717038745
2782,1457.768,0.709421238602214,0.624383477883495,2915.536,2020_kk_115_redo,Kusko,2020,0.709271982030338,0.621874240341441,1.8833163082698e-4,1208.79739356785,1397.71368411467,1859.152,0.707392497651068,915.8777717038745
2783,1458.292,0.709386858529755,0.621772357660224,2916.584,2020_kk_115_redo,Kusko,2020,0.709303645242992,0.622180913977956,3.0667363651437e-4,1208.79739356785,1397.71368411467,1859.152,0.707392497651068,915.8777717038745
2784,1458.816,0.710331746532194,0.625150369223468,2917.632,2020_kk_115_redo,Kusko,2020,0.709297504269362,0.622466473970411,2.8555999245483e-4,1208.79739356785,1397.71368411467,1859.152,0.707392497651068,915.8777717038745
2785,1459.34,0.70992483629414,0.621548473062254,2918.68,2020_kk_115_redo,Kusko,2020,0.709292423388368,0.622655496557717,1.8902258730613e-4,1208.79739356785,1397.71368411467,1859.152,0.707392497651068,915.8777717038745
2786,1459.864,0.709211064614965,0.619010614262414,2919.728,2020_kk_115_redo,Kusko,2020,0.70930475734777,0.622809208274752,1.5371171703504e-4,1208.79739356785,1397.71368411467,1859.152,0.707392497651068,915.8777717038745
2787,1460.388,0.707727634901223,0.624287025859097,2920.776,2020_kk_115_redo,Kusko,2020,0.709292843864034,0.622873098082852,6.3889808100237e-5,1208.79739356785,1397.71368411467,1859.152,0.707392497651068,915.8777717038745
2788,1460.912,0.709570125384786,0.617728377524357,2921.824,2020_kk_115_redo,Kusko,2020,0.709251065861764,0.622945723129493,7.26250466405176e-5,1208.79739356785,1397.71368411467,1859.152,0.707392497651068,915.8777717038745
2789,1461.436,0.708435849681557,0.617269278274398,2922.872,2020_kk_115_redo,Kusko,2020,0.709259039465511,0.62312825238131,1.8252925181716e-4,1208.79739356785,1397.71368411467,1859.152,0.707392497651068,915.8777717038745
2790,1461.96,0.708103465250326,0.615700809255446,2923.92,2020_kk_115_redo,Kusko,2020,0.709234154942611,0.623498583066446,3.7033068513592e-4,1208.79739356785,1397.71368411467,1859.152,0.707392497651068,915.8777717038745
2791,1462.484,0.709080748785342,0.618209068495616,2924.968,2020_kk_115_redo,Kusko,2020,0.709243501638873,0.623837653557284,3.3907049083881e-4,1208.79739356785,1397.71368411467,1859.152,0.707392497651068,915.8777717038745
2792,1463.008,0.709411258631605,0.608875184237312,2926.016,2020_kk_115_redo,Kusko,2020,0.709257739810854,0.624179730854841,3.4207729755664e-4,1208.79739356785,1397.71368411467,1859.152,0.707392497651068,915.8777717038745
2793,1463.532,0.707945557122663,0.610978635087521,2927.064,2020_kk_115_redo,Kusko,2020,0.709210934999097,0.624433220591293,2.5348973645222e-4,1208.79739356785,1397.71368411467,1859.152,0.707392497651068,915.8777717038745
2794,1464.056,0.70991877916849,0.605984739413231,2928.112,2020_kk_115_redo,Kusko,2020,0.709219611296148,0.624776730279485,3.4350968819163e-4,1208.79739356785,1397.71368411467,1859.152,0.707392497651068,915.8777717038745
2795,1464.58,0.70811314745326,0.614979865398243,2929.16,2020_kk_115_redo,Kusko,2020,0.709228244591341,0.624783084396949,6.35411746408021e-6,1208.79739356785,1397.71368411467,1859.152,0.707392497651068,915.8777717038745
2796,1465.104,0.71051923467791,0.615226859316299,2930.208,2020_kk_115_redo,Kusko,2020,0.709227994779746,0.624828977597552,4.58932006029977e-5,1208.79739356785,1397.71368411467,1859.152,0.707392497651068,915.8777717038745
2797,1465.628,0.709661630808731,0.614583097663551,2931.256,2020_kk_115_redo,Kusko,2020,0.709178218224342,0.624947231646359,1.1825404880683e-4,1208.79739356785,1397.71368411467,1859.152,0.707392497651068,915.8777717038745
2798,1466.152,0.707388627368268,0.611698415457925,2932.304,2020_kk_115_redo,Kusko,2020,0.709175447086876,0.624960666031181,1.3434384822375e-5,1208.79739356785,1397.71368411467,1859.152,0.707392497651068,915.8777717038745
2799,1466.676,0.708343206980727,0.618325852241428,2933.352,2020_kk_115_redo,Kusko,2020,0.709220167882299,0.624871760733041,-8.89052981402072e-5,1208.79739356785,1397.71368411467,1859.152,0.707392497651068,915.8777717038745
2800,1467.2,0.707991177871723,0.621666629591893,2934.4,2020_kk_115_redo,Kusko,2020,0.709259643241833,0.624798990235795,-7.27704972456333e-5,1208.79739356785,1397.71368411467,1859.152,0.707392497651068,915.8777717038745
2801,1467.724,0.710343158667651,0.620283314341059,2935.448,2020_kk_115_redo,Kusko,2020,0.709194925339466,0.624853415418961,5.44251831653408e-5,1208.79739356785,1397.71368411467,1859.152,0.707392497651068,915.8777717038745
2802,1468.248,0.709773141061194,0.630551358017691,2936.496,2020_kk_115_redo,Kusko,2020,0.709218583169956,0.624851287936586,-2.12748237482518e-6,1208.79739356785,1397.71368411467,1859.152,0.707392497651068,915.8777717038745
2803,1468.772,0.706740393724648,0.630105039591281,2937.544,2020_kk_115_redo,Kusko,2020,0.709159143001966,0.624624366934307,-2.2692100227872e-4,1208.79739356785,1397.71368411467,1859.152,0.707392497651068,915.8777717038745
2804,1469.296,0.710298390583355,0.621937497160744,2938.592,2020_kk_115_redo,Kusko,2020,0.709185372945412,0.624429481621316,-1.948853129915e-4,1208.79739356785,1397.71368411467,1859.152,0.707392497651068,915.8777717038745
2805,1469.82,0.710977395720209,0.62592238355176,2939.64,2020_kk_115_redo,Kusko,2020,0.70920216151881,0.624221075786936,-2.0840583437964e-4,1208.79739356785,1397.71368411467,1859.152,0.707392497651068,915.8777717038745
2806,1470.344,0.70962670192943,0.627298907300406,2940.688,2020_kk_115_redo,Kusko,2020,0.709202058811054,0.624126456922824,-9.461886411255e-5,1208.79739356785,1397.71368411467,1859.152,0.707392497651068,915.8777717038745
2807,1470.868,0.71024010839744,0.632544510178236,2941.736,2020_kk_115_redo,Kusko,2020,0.709234519554644,0.623862586814927,-2.6387010789685e-4,1208.79739356785,1397.71368411467,1859.152,0.707392497651068,915.8777717038745
2808,1471.392,0.709865101822292,0.628778842647408,2942.784,2020_kk_115_redo,Kusko,2020,0.709196002266804,0.623645081146503,-2.1750566842393e-4,1208.79739356785,1397.71368411467,1859.152,0.707392497651068,915.8777717038745
2809,1471.916,0.708855725818222,0.625869738803608,2943.832,2020_kk_115_redo,Kusko,2020,0.709207832740711,0.623591569343773,-5.35118027299442e-5,1208.79739356785,1397.71368411467,1859.152,0.707392497651068,915.8777717038745
2810,1472.44,0.709761909256971,0.628898556899228,2944.88,2020_kk_115_redo,Kusko,2020,0.709184954686591,0.62336142187216,-2.301474716132e-4,1208.79739356785,1397.71368411467,1859.152,0.707392497651068,915.8777717038745
2811,1472.964,0.70887382636307406,0.62520360768926,2945.928,2020_kk_115_redo,Kusko,2020,0.709162278175102,0.623194841182415,-1.665806897444e-4,1208.79739356785,1397.71368411467,1859.152,0.707392497651068,915.8777717038745
2812,1473.488,0.708660358575827,0.628596798212472,2946.976,2020_kk_115_redo,Kusko,2020,0.709173461739539,0.623127846019878,-6.69951625372756e-5,1208.79739356785,1397.71368411467,1859.152,0.707392497651068,915.8777717038745
2813,1474.012,0.710174002425797,0.632937611522508,2948.024,2020_kk_115_redo,Kusko,2020,0.709179816879014,0.623082283126521,-4.55628933564434e-5,1208.79739356785,1397.71368411467,1859.152,0.707392497651068,915.8777717038745
2814,1474.536,0.710219339276427,0.636219422846997,2949.072,2020_kk_115_redo,Kusko,2020,0.709175872408636,0.622915143210542,-1.6713991597983e-4,1208.79739356785,1397.71368411467,1859.152,0.707392497651068,915.8777717038745
2815,1475.06,0.708669902482098,0.63058444781793,2950.12,2020_kk_115_redo,Kusko,2020,0.709166370367419,0.622699762547415,-2.1538066312709e-4,1208.79739356785,1397.71368411467,1859.152,0.707392497651068,915.8777717038745
2816,1475.584,0.709249270421102,0.627507866121814,2951.168,2020_kk_115_redo,Kusko,2020,0.709161917186593,0.622518907740578,-1.8085480683682e-4,1208.79739356785,1397.71368411467,1859.152,0.707392497651068,915.8777717038745
2817,1476.108,0.708575072925729,0.625695932737797,2952.216,2020_kk_115_redo,Kusko,2020,0.709172663123625,0.622431019342725,-8.78883978525646e-5,1208.79739356785,1397.71368411467,1859.152,0.707392497651068,915.8777717038745
2818,1476.632,0.707627478208343,0.626291267762301,2953.264,2020_kk_115_redo,Kusko,2020,0.709159431866852,0.62218666224736,-2.4435709536496e-4,1208.79739356785,1397.71368411467,1859.152,0.707392497651068,915.8777717038745
2819,1477.156,0.708161445839628,0.6301780631063,2954.312,2020_kk_115_redo,Kusko,2020,0.709155127968087,0.621957101189592,-2.2956105776805e-4,1208.79739356785,1397.71368411467,1859.152,0.707392497651068,915.8777717038745
2820,1477.68,0.707228841917907,0.640070237727441,2955.36,2020_kk_115_redo,Kusko,2020,0.70916815606142,0.621803723268798,-1.5337792079461e-4,1208.79739356785,1397.71368411467,1859.152,0.707392497651068,915.8777717038745
2821,1478.204,0.711453964263715,0.640692776213667,2956.408,2020_kk_115_redo,Kusko,2020,0.70916103007496,0.621432872342043,-3.7085092675426e-4,1208.79739356785,1397.71368411467,1859.152,0.707392497651068,915.8777717038745
2822,1478.728,0.709625603548302,0.640064915480443,2957.456,2020_kk_115_redo,Kusko,2020,0.709149370243148,0.621252727767312,-1.8014457473114e-4,1208.79739356785,1397.71368411467,1859.152,0.707392497651068,915.8777717038745
2823,1479.252,0.707342858942782,0.637833164892833,2958.504,2020_kk_115_redo,Kusko,2020,0.709155230536701,0.621113070991739,-1.3965677557326e-4,1208.79739356785,1397.71368411467,1859.152,0.707392497651068,915.8777717038745
2824,1479.776,0.710196935290703,0.635259126443938,2959.552,2020_kk_115_redo,Kusko,2020,0.709175228561047,0.62100574792907,-1.073230626688e-4,1208.79739356785,1397.71368411467,1859.152,0.707392497651068,915.8777717038745
2825,1480.3,0.710019830817005,0.623689804168668,2960.6,2020_kk_115_redo,Kusko,2020,0.709212088388536,0.620668357913866,-3.3739001520383e-4,1208.79739356785,1397.71368411467,1859.152,0.707392497651068,915.8777717038745
2826,1480.824,0.708364588373581,0.624462822790043,2961.648,2020_kk_115_redo,Kusko,2020,0.709174664049827,0.620387574086489,-2.8078382737695e-4,1208.79739356785,1397.71368411467,1859.152,0.707392497651068,915.8777717038745
2827,1481.348,0.707207876214643,0.628214400350756,2962.696,2020_kk_115_redo,Kusko,2020,0.709158427562331,0.62013734597351,-2.5022811297981e-4,1208.79739356785,1397.71368411467,1859.152,0.707392497651068,915.8777717038745
2828,1481.872,0.709964379106189,0.625602809605472,2963.744,2020_kk_115_redo,Kusko,2020,0.70922222183785,0.619981757642675,-1.5558833083484e-4,1208.79739356785,1397.71368411467,1859.152,0.707392497651068,915.8777717038745
2829,1482.396,0.712041893175595,0.618248512899092,2964.792,2020_kk_115_redo,Kusko,2020,0.709219317553765,0.619599075934195,-3.8268170847943e-4,1208.79739356785,1397.71368411467,1859.152,0.707392497651068,915.8777717038745
2830,1482.92,0.709431855150319,0.615471727429036,2965.84,2020_kk_115_redo,Kusko,2020,0.70921532637376,0.619117081027461,-4.8199490673395e-4,1208.79739356785,1397.71368411467,1859.152,0.707392497651068,915.8777717038745
2831,1483.444,0.706984021671591,0.620091984719688,2966.888,2020_kk_115_redo,Kusko,2020,0.709215685959112,0.618742463084243,-3.7461794321869e-4,1208.79739356785,1397.71368411467,1859.152,0.707392497651068,915.8777717038745
2832,1483.968,0.709420742777729,0.623224808368638,2967.936,2020_kk_115_redo,Kusko,2020,0.709194835029646,0.618104724299094,-6.3773878514816e-4,1208.79739356785,1397.71368411467,1859.152,0.707392497651068,915.8777717038745
2833,1484.492,0.708170046846451,0.611934917589417,2968.984,2020_kk_115_redo,Kusko,2020,0.709241192648775,0.617471440898634,-6.3328340045987e-4,1208.79739356785,1397.71368411467,1859.152,0.707392497651068,915.8777717038745
2834,1485.016,0.711150878726443,0.614630244338321,2970.032,2020_kk_115_redo,Kusko,2020,0.709228239159773,0.617103728715068,-3.6771218356612e-4,1208.79739356785,1397.71368411467,1859.152,0.707392497651068,915.8777717038745
2835,1485.54,0.708340090791971,0.612757168595719,2971.08,2020_kk_115_redo,Kusko,2020,0.70922304534598,0.616621168900004,-4.8255981506428e-4,1208.79739356785,1397.71368411467,1859.152,0.707392497651068,915.8777717038745
2836,1486.064,0.708952178487553,0.6241268067843,2972.128,2020_kk_115_redo,Kusko,2020,0.709218300463949,0.616253158297392,-3.6801060261215e-4,1208.79739356785,1397.71368411467,1859.152,0.707392497651068,915.8777717038745
2837,1486.588,0.709213695894537,0.617206587617204,2973.176,2020_kk_115_redo,Kusko,2020,0.709190081935806,0.615859762287245,-3.9339601014698e-4,1208.79739356785,1397.71368411467,1859.152,0.707392497651068,915.8777717038745
2838,1487.112,0.70736430360626,0.617688017488447,2974.224,2020_kk_115_redo,Kusko,2020,0.70920388955323,0.615522669605457,-3.3709268178827e-4,1208.79739356785,1397.71368411467,1859.152,0.707392497651068,915.8777717038745
2839,1487.636,0.7110699341117,0.623784657081906,2975.272,2020_kk_115_redo,Kusko,2020,0.709176562266786,0.615170388280579,-3.5228132487774e-4,1208.79739356785,1397.71368411467,1859.152,0.707392497651068,915.8777717038745
2840,1488.16,0.709545804174964,0.613717081406935,2976.32,2020_kk_115_redo,Kusko,2020,0.709174891275955,0.614797800174256,-3.7258810632312e-4,1208.79739356785,1397.71368411467,1859.152,0.707392497651068,915.8777717038745
2841,1488.684,0.709467454456836,0.620133602735906,2977.368,2020_kk_115_redo,Kusko,2020,0.709166975895605,0.614547669849771,-2.5013032448506e-4,1208.79739356785,1397.71368411467,1859.152,0.707392497651068,915.8777717038745
2842,1489.208,0.71009225246843,0.620363768131259,2978.416,2020_kk_115_redo,Kusko,2020,0.709145524831929,0.614132797190138,-4.148726596328e-4,1208.79739356785,1397.71368411467,1859.152,0.707392497651068,915.8777717038745
2843,1489.732,0.709768166898265,0.619038584058839,2979.464,2020_kk_115_redo,Kusko,2020,0.709150086982408,0.613577030599944,-5.5576659019385e-4,1208.79739356785,1397.71368411467,1859.152,0.707392497651068,915.8777717038745
2844,1490.256,0.710095078309548,0.615121974264678,2980.512,2020_kk_115_redo,Kusko,2020,0.7091435552145,0.613006386827485,-5.7064377245941e-4,1208.79739356785,1397.71368411467,1859.152,0.707392497651068,915.8777717038745
2845,1490.78,0.709354713821081,0.608625633274629,2981.56,2020_kk_115_redo,Kusko,2020,0.709142845102376,0.612592168737595,-4.1421808989006e-4,1208.79739356785,1397.71368411467,1859.152,0.707392497651068,915.8777717038745
2846,1491.304,0.708943873765462,0.608159325852208,2982.608,2020_kk_115_redo,Kusko,2020,0.7091549650408,0.61221734537723,-3.7482336036487e-4,1208.79739356785,1397.71368411467,1859.152,0.707392497651068,915.8777717038745
2847,1491.828,0.708372391123112,0.619013721987942,2983.656,2020_kk_115_redo,Kusko,2020,0.709187595406858,0.61181502389561,-4.0232148162011e-4,1208.79739356785,1397.71368411467,1859.152,0.707392497651068,915.8777717038745
2848,1492.352,0.708776249978391,0.603066951802461,2984.704,2020_kk_115_redo,Kusko,2020,0.709220212428058,0.611361087707094,-4.5393618851552e-4,1208.79739356785,1397.71368411467,1859.152,0.707392497651068,915.8777717038745
2849,1492.876,0.708177615755656,0.603495614808315,2985.752,2020_kk_115_redo,Kusko,2020,0.709217817561022,0.61078423528586,-5.768524212345e-4,1208.79739356785,1397.71368411467,1859.152,0.707392497651068,915.8777717038745
2850,1493.4,0.7088851508503,0.606498134007766,2986.8,2020_kk_115_redo,Kusko,2020,0.70925817030781,0.610035145420706,-7.4908986515343e-4,1208.79739356785,1397.71368411467,1859.152,0.707392497651068,915.8777717038745
2851,1493.924,0.708653189597738,0.595958012890362,2987.848,2020_kk_115_redo,Kusko,2020,0.70921707016023,0.609206510274419,-8.2863514628728e-4,1208.79739356785,1397.71368411467,1859.152,0.707392497651068,915.8777717038745
2852,1494.448,0.708711668722919,0.598066509753442,2988.896,2020_kk_115_redo,Kusko,2020,0.709206255134942,0.608376160036331,-8.3035023808786e-4,1208.79739356785,1397.71368411467,1859.152,0.707392497651068,915.8777717038745
2853,1494.972,0.708297174735846,0.602599228553124,2989.944,2020_kk_115_redo,Kusko,2020,0.709226129615853,0.607617288484604,-7.588715517266e-4,1208.79739356785,1397.71368411467,1859.152,0.707392497651068,915.8777717038745
2854,1495.496,0.711118660629235,0.5995453556531,2990.992,2020_kk_115_redo,Kusko,2020,0.709167376298584,0.606898585440265,-7.1870304433974e-4,1208.79739356785,1397.71368411467,1859.152,0.707392497651068,915.8777717038745
2855,1496.02,0.710324737102579,0.594736464486012,2992.04,2020_kk_115_redo,Kusko,2020,0.709156205659175,0.60643591153127,-4.6267390899457e-4,1208.79739356785,1397.71368411467,1859.152,0.707392497651068,915.8777717038745
2856,1496.544,0.708273774355393,0.59837982967368,2993.088,2020_kk_115_redo,Kusko,2020,0.70917687077331,0.605968589115785,-4.6732241548508e-4,1208.79739356785,1397.71368411467,1859.152,0.707392497651068,915.8777717038745
2857,1497.068,0.708687441558963,0.599569410884762,2994.136,2020_kk_115_redo,Kusko,2020,0.70920702562368,0.605496776011928,-4.7181310385724e-4,1208.79739356785,1397.71368411467,1859.152,0.707392497651068,915.8777717038745
2858,1497.592,0.711216283899416,0.602363115607831,2995.184,2020_kk_115_redo,Kusko,2020,0.70922083914733,0.604946352734069,-5.5042327785881e-4,1208.79739356785,1397.71368411467,1859.152,0.707392497651068,915.8777717038745
2859,1498.116,0.70816894993564,0.595364949732666,2996.232,2020_kk_115_redo,Kusko,2020,0.709152157165819,0.604496346827351,-4.5000590671817e-4,1208.79739356785,1397.71368411467,1859.152,0.707392497651068,915.8777717038745
2860,1498.64,0.707751707071389,0.592746935187855,2997.28,2020_kk_115_redo,Kusko,2020,0.709105798909096,0.604190047385393,-3.0629944195781e-4,1208.79739356785,1397.71368411467,1859.152,0.707392497651068,915.8777717038745
2861,1499.164,0.710364733788764,0.597806237747938,2998.328,2020_kk_115_redo,Kusko,2020,0.709135651280976,0.603622402370543,-5.6764501484973e-4,1208.79739356785,1397.71368411467,1859.152,0.707392497651068,915.8777717038745
2862,1499.688,0.708522085293232,0.592287030908803,2999.376,2020_kk_115_redo,Kusko,2020,0.709117254519338,0.603051210285376,-5.711920851672e-4,1208.79739356785,1397.71368411467,1859.152,0.707392497651068,915.8777717038745
2863,1500.212,0.709521850872432,0.592108035563684,3000.424,2020_kk_115_redo,Kusko,2020,0.709142002802212,0.602671726746303,-3.7948353907324e-4,1208.79739356785,1397.71368411467,1859.152,0.707392497651068,915.8777717038745
2864,1500.736,0.709521181243196,0.599874766146776,3001.472,2020_kk_115_redo,Kusko,2020,0.709115230138804,0.602394807127789,-2.7691961851361e-4,1208.79739356785,1397.71368411467,1859.152,0.707392497651068,915.8777717038745
2865,1501.26,0.71066576689263,0.59696879464791,3002.52,2020_kk_115_redo,Kusko,2020,0.709102731490406,0.60213840908178,-2.5639804600896e-4,1208.79739356785,1397.71368411467,1859.152,0.707392497651068,915.8777717038745
2866,1501.784,0.709342009007557,0.605218271143673,3003.568,2020_kk_115_redo,Kusko,2020,0.709085267874794,0.601657469668194,-4.8093941358584e-4,1208.79739356785,1397.71368411467,1859.152,0.707392497651068,915.8777717038745
2867,1502.308,0.708546996708882,0.608940749569416,3004.616,2020_kk_115_redo,Kusko,2020,0.709064924238094,0.601397891566588,-2.595781016067e-4,1208.79739356785,1397.71368411467,1859.152,0.707392497651068,915.8777717038745
2868,1502.832,0.710693558867721,0.608553281740118,3005.664,2020_kk_115_redo,Kusko,2020,0.709033596744942,0.601114605913452,-2.8328565313595e-4,1208.79739356785,1397.71368411467,1859.152,0.707392497651068,915.8777717038745
2869,1503.356,0.707216088631581,0.604732859310942,3006.712,2020_kk_115_redo,Kusko,2020,0.709012125233244,0.600722746128869,-3.9185978458278e-4,1208.79739356785,1397.71368411467,1859.152,0.707392497651068,915.8777717038745
2870,1503.88,0.709661649807135,0.60654327051984,3007.76,2020_kk_115_redo,Kusko,2020,0.70901137707307,0.600409915758721,-3.1283037014817e-4,1208.79739356785,1397.71368411467,1859.152,0.707392497651068,915.8777717038745
2871,1504.404,0.708398903542087,0.610195788220154,3008.808,2020_kk_115_redo,Kusko,2020,0.708998614322273,0.600174266184774,-2.3564957394639e-4,1208.79739356785,1397.71368411467,1859.152,0.707392497651068,915.8777717038745
2872,1504.928,0.707373294755257,0.603704438634504,3009.856,2020_kk_115_redo,Kusko,2020,0.708998937125949,0.599929970506711,-2.4429567806294e-4,1208.79739356785,1397.71368411467,1859.152,0.707392497651068,915.8777717038745
2873,1505.452,0.710447731454533,0.599591616110882,3010.904,2020_kk_115_redo,Kusko,2020,0.708975062534872,0.599640558277775,-2.8941222893608e-4,1208.79739356785,1397.71368411467,1859.152,0.707392497651068,915.8777717038745
2874,1505.976,0.709827433201966,0.601980796499434,3011.952,2020_kk_115_redo,Kusko,2020,0.7089595821749,0.599407972946335,-2.325853314401e-4,1208.79739356785,1397.71368411467,1859.152,0.707392497651068,915.8777717038745
2875,1506.5,0.708627295754605,0.605731362424529,3013,2020_kk_115_redo,Kusko,2020,0.708953154340721,0.599208486180166,-1.9948676616932e-4,1208.79739356785,1397.71368411467,1859.152,0.707392497651068,915.8777717038745
2876,1507.024,0.709976466726582,0.605018464499916,3014.048,2020_kk_115_redo,Kusko,2020,0.708952109958273,0.59914271486347,-6.57713166958285e-5,1208.79739356785,1397.71368411467,1859.152,0.707392497651068,915.8777717038745
2877,1507.548,0.710532894889177,0.601556643840592,3015.096,2020_kk_115_redo,Kusko,2020,0.708934342994425,0.598960265751586,-1.8244911188369e-4,1208.79739356785,1397.71368411467,1859.152,0.707392497651068,915.8777717038745
2878,1508.072,0.709584499480326,0.599055096451368,3016.144,2020_kk_115_redo,Kusko,2020,0.708899442358682,0.599027151264076,6.68855124899004e-5,1208.79739356785,1397.71368411467,1859.152,0.707392497651068,915.8777717038745
2879,1508.596,0.708017753817507,0.595566917832233,3017.192,2020_kk_115_redo,Kusko,2020,0.708882564469279,0.599136055441357,1.0890417728104e-4,1208.79739356785,1397.71368411467,1859.152,0.707392497651068,915.8777717038745
2880,1509.12,0.709650006725161,0.595124845818234,3018.24,2020_kk_115_redo,Kusko,2020,0.708903432381317,0.599212645916385,7.65904750273938e-5,1208.79739356785,1397.71368411467,1859.152,0.707392497651068,915.8777717038745
2881,1509.644,0.708987955408939,0.590974667436432,3019.288,2020_kk_115_redo,Kusko,2020,0.708917349112484,0.599416233292213,2.0358737582792e-4,1208.79739356785,1397.71368411467,1859.152,0.707392497651068,915.8777717038745
2882,1510.168,0.708976702030999,0.590243901195173,3020.336,2020_kk_115_redo,Kusko,2020,0.708954900352487,0.599464776366514,4.85430743011328e-5,1208.79739356785,1397.71368411467,1859.152,0.707392497651068,915.8777717038745
2883,1510.692,0.708535327797428,0.592300871789232,3021.384,2020_kk_115_redo,Kusko,2020,0.708973257325607,0.599521598135169,5.68217686555128e-5,1208.79739356785,1397.71368411467,1859.152,0.707392497651068,915.8777717038745
2884,1511.216,0.706671736254597,0.592136943783557,3022.432,2020_kk_115_redo,Kusko,2020,0.708979176140734,0.599543736615598,2.21384804283131e-5,1208.79739356785,1397.71368411467,1859.152,0.707392497651068,915.8777717038745
2885,1511.74,0.709349592452473,0.595929369628994,3023.48,2020_kk_115_redo,Kusko,2020,0.708930724580313,0.599726150722057,1.8241410645947e-4,1208.79739356785,1397.71368411467,1859.152,0.707392497651068,915.8777717038745
2886,1512.264,0.709604495221671,0.596423477860938,3024.528,2020_kk_115_redo,Kusko,2020,0.708946096497096,0.59983078938081,1.0463865875276e-4,1208.79739356785,1397.71368411467,1859.152,0.707392497651068,915.8777717038745
2887,1512.788,0.709017167236872,0.59990561411932,3025.576,2020_kk_115_redo,Kusko,2020,0.708940454407761,0.599852460150818,2.16707700076979e-5,1208.79739356785,1397.71368411467,1859.152,0.707392497651068,915.8777717038745
2888,1513.312,0.71079319052512,0.592577412933936,3026.624,2020_kk_115_redo,Kusko,2020,0.708910653550803,0.599740539868448,-1.1192028236928e-4,1208.79739356785,1397.71368411467,1859.152,0.707392497651068,915.8777717038745
2889,1513.836,0.707920974284946,0.591248158496008,3027.672,2020_kk_115_redo,Kusko,2020,0.708918683978551,0.599870635828931,1.3009596048285e-4,1208.79739356785,1397.71368411467,1859.152,0.707392497651068,915.8777717038745
2890,1514.36,0.70665035974694,0.597093760911565,3028.72,2020_kk_115_redo,Kusko,2020,0.7089097865726,0.599982231298255,1.115954693236e-4,1208.79739356785,1397.71368411467,1859.152,0.707392497651068,915.8777717038745
2891,1514.884,0.708775163984424,0.5860332838287,3029.768,2020_kk_115_redo,Kusko,2020,0.708897046241493,0.600175648118821,1.934168205665e-4,1208.79739356785,1397.71368411467,1859.152,0.707392497651068,915.8777717038745
2892,1515.408,0.708316937079448,0.588953283258608,3030.816,2020_kk_115_redo,Kusko,2020,0.708895039401187,0.600522640878607,3.4699275978611e-4,1208.79739356785,1397.71368411467,1859.152,0.707392497651068,915.8777717038745
2893,1515.932,0.709654943818887,0.58916590524502,3031.864,2020_kk_115_redo,Kusko,2020,0.708905184150358,0.600827127171101,3.0448629249335e-4,1208.79739356785,1397.71368411467,1859.152,0.707392497651068,915.8777717038745
2894,1516.456,0.709544518921937,0.598015067227509,3032.912,2020_kk_115_redo,Kusko,2020,0.708877324180349,0.601021925583482,1.9479841238134e-4,1208.79739356785,1397.71368411467,1859.152,0.707392497651068,915.8777717038745
2895,1516.98,0.707590171888076,0.597373285835179,3033.96,2020_kk_115_redo,Kusko,2020,0.708863046690988,0.601210697957838,1.8877237435643e-4,1208.79739356785,1397.71368411467,1859.152,0.707392497651068,915.8777717038745
2896,1517.504,0.707904361550824,0.595270441969149,3035.008,2020_kk_115_redo,Kusko,2020,0.708845037842761,0.601247631189527,3.69332316880744e-5,1208.79739356785,1397.71368411467,1859.152,0.707392497651068,915.8777717038745
2897,1518.028,0.707993077692552,0.601631901520799,3036.056,2020_kk_115_redo,Kusko,2020,0.708850061885831,0.60126191424578,1.42830562533947e-5,1208.79739356785,1397.71368411467,1859.152,0.707392497651068,915.8777717038745
2898,1518.552,0.705484654017156,0.60069087830029,3037.104,2020_kk_115_redo,Kusko,2020,0.708847818936666,0.601302780800789,4.08665550092335e-5,1208.79739356785,1397.71368411467,1859.152,0.707392497651068,915.8777717038745
2899,1519.076,0.709781643409815,0.600273070006943,3038.152,2020_kk_115_redo,Kusko,2020,0.708877661560672,0.601287736172833,-1.50446279556515e-5,1208.79739356785,1397.71368411467,1859.152,0.707392497651068,915.8777717038745
2900,1519.6,0.709500914564542,0.59494725919804,3039.2,2020_kk_115_redo,Kusko,2020,0.708884628751735,0.601260382555724,-2.73536171094824e-5,1208.79739356785,1397.71368411467,1859.152,0.707392497651068,915.8777717038745
2901,1520.124,0.708701689409018,0.605994628299127,3040.248,2020_kk_115_redo,Kusko,2020,0.708894042157391,0.601097071443548,-1.6331111217571e-4,1208.79739356785,1397.71368411467,1859.152,0.707392497651068,915.8777717038745
2902,1520.648,0.710111620689002,0.605706027447485,3041.296,2020_kk_115_redo,Kusko,2020,0.70894937633436,0.600942441521622,-1.5462992192605e-4,1208.79739356785,1397.71368411467,1859.152,0.707392497651068,915.8777717038745
2903,1521.172,0.708335691433623,0.601673850322673,3042.344,2020_kk_115_redo,Kusko,2020,0.7089276978289,0.600901462150177,-4.09793714448714e-5,1208.79739356785,1397.71368411467,1859.152,0.707392497651068,915.8777717038745
2904,1521.696,0.709166256711253,0.601166854378276,3043.392,2020_kk_115_redo,Kusko,2020,0.7088985775689,0.600752847938748,-1.4861421142897e-4,1208.79739356785,1397.71368411467,1859.152,0.707392497651068,915.8777717038745
2905,1522.22,0.708969043770309,0.596656427304468,3044.44,2020_kk_115_redo,Kusko,2020,0.708931350446766,0.600691325809803,-6.15221289452794e-5,1208.79739356785,1397.71368411467,1859.152,0.707392497651068,915.8777717038745
2906,1522.744,0.708881210818607,0.604213046850453,3045.488,2020_kk_115_redo,Kusko,2020,0.708892330326525,0.600485133769042,-2.0619204076155e-4,1208.79739356785,1397.71368411467,1859.152,0.707392497651068,915.8777717038745
2907,1523.268,0.707306373292181,0.608066775274924,3046.536,2020_kk_115_redo,Kusko,2020,0.708836199666777,0.600404013055931,-8.11207131107272e-5,1208.79739356785,1397.71368411467,1859.152,0.707392497651068,915.8777717038745
2908,1523.792,0.706682211833819,0.607080082551856,3047.584,2020_kk_115_redo,Kusko,2020,0.708864866515964,0.600338944928775,-6.50681271560094e-5,1208.79739356785,1397.71368411467,1859.152,0.707392497651068,915.8777717038745
2909,1524.316,0.707164942391473,0.610029865445178,3048.632,2020_kk_115_redo,Kusko,2020,0.708937274183222,0.600318371494693,-2.05734340822383e-5,1208.79739356785,1397.71368411467,1859.152,0.707392497651068,915.8777717038745
2910,1524.84,0.710137225572599,0.611093562509409,3049.68,2020_kk_115_redo,Kusko,2020,0.708932114920932,0.600384836501539,6.64650068461503e-5,1208.79739356785,1397.71368411467,1859.152,0.707392497651068,915.8777717038745
2911,1525.364,0.709488193467723,0.608173255440043,3050.728,2020_kk_115_redo,Kusko,2020,0.708906917860898,0.600593179185698,2.0834268415959e-4,1208.79739356785,1397.71368411467,1859.152,0.707392497651068,915.8777717038745
2912,1525.888,0.71096474312311,0.600979094211505,3051.776,2020_kk_115_redo,Kusko,2020,0.708905573760833,0.600739729299398,1.465501136999e-4,1208.79739356785,1397.71368411467,1859.152,0.707392497651068,915.8777717038745
2913,1526.412,0.709398593123069,0.606008534672454,3052.824,2020_kk_115_redo,Kusko,2020,0.708902503978131,0.600863241312974,1.2351201357563e-4,1208.79739356785,1397.71368411467,1859.152,0.707392497651068,915.8777717038745
2914,1526.936,0.711473789536869,0.600873664478799,3053.872,2020_kk_115_redo,Kusko,2020,0.708969207425463,0.60113575451603,2.7251320305665e-4,1208.79739356785,1397.71368411467,1859.152,0.707392497651068,915.8777717038745
2915,1527.46,0.707417643477287,0.605681310873575,3054.92,2020_kk_115_redo,Kusko,2020,0.708953760008759,0.601258924383701,1.231698676708e-4,1208.79739356785,1397.71368411467,1859.152,0.707392497651068,915.8777717038745
2916,1527.984,0.709196089362371,0.604658149198846,3055.968,2020_kk_115_redo,Kusko,2020,0.70894163349167,0.601342266890096,8.33425063950788e-5,1208.79739356785,1397.71368411467,1859.152,0.707392497651068,915.8777717038745
2917,1528.508,0.708348916198839,0.600869657085224,3057.016,2020_kk_115_redo,Kusko,2020,0.708910588667648,0.601308914790201,-3.33520998954118e-5,1208.79739356785,1397.71368411467,1859.152,0.707392497651068,915.8777717038745
2918,1529.032,0.709428232481949,0.595647898665675,3058.064,2020_kk_115_redo,Kusko,2020,0.708870592778112,0.601343442564518,3.45277743172279e-5,1208.79739356785,1397.71368411467,1859.152,0.707392497651068,915.8777717038745
2919,1529.556,0.708650775600501,0.603170707361632,3059.112,2020_kk_115_redo,Kusko,2020,0.708914052144463,0.601509324583057,1.6588201853895e-4,1208.79739356785,1397.71368411467,1859.152,0.707392497651068,915.8777717038745
2920,1530.08,0.707217862714356,0.599442663347276,3060.16,2020_kk_115_redo,Kusko,2020,0.708977495270691,0.601515620289885,6.2957068283076e-6,1208.79739356785,1397.71368411467,1859.152,0.707392497651068,915.8777717038745
2921,1530.604,0.709600313922364,0.609411246981929,3061.208,2020_kk_115_redo,Kusko,2020,0.708976631098516,0.601744173000607,2.2855271072141e-4,1208.79739356785,1397.71368411467,1859.152,0.707392497651068,915.8777717038745
2922,1531.128,0.708401674874822,0.613106596495972,3062.256,2020_kk_115_redo,Kusko,2020,0.708993922797328,0.60193786126258,1.9368826197285e-4,1208.79739356785,1397.71368411467,1859.152,0.707392497651068,915.8777717038745
2923,1531.652,0.710130535822709,0.610377213113284,3063.304,2020_kk_115_redo,Kusko,2020,0.708994589071644,0.60200025287665,6.23916140697345e-5,1208.79739356785,1397.71368411467,1859.152,0.707392497651068,915.8777717038745
2924,1532.176,0.707849583042663,0.611562670889665,3064.352,2020_kk_115_redo,Kusko,2020,0.708999887208429,0.602049889680755,4.9636804105746e-5,1208.79739356785,1397.71368411467,1859.152,0.707392497651068,915.8777717038745
2925,1532.7,0.709809117530992,0.608295137109288,3065.4,2020_kk_115_redo,Kusko,2020,0.709002279995191,0.602136325090378,8.64354096224984e-5,1208.79739356785,1397.71368411467,1859.152,0.707392497651068,915.8777717038745
2926,1533.224,0.708261478113924,0.60743426504496,3066.448,2020_kk_115_redo,Kusko,2020,0.709028266286762,0.602222134929477,8.58098390994488e-5,1208.79739356785,1397.71368411467,1859.152,0.707392497651068,915.8777717038745
2927,1533.748,0.708848439293073,0.609797732944616,3067.496,2020_kk_115_redo,Kusko,2020,0.709045557092725,0.602197574682255,-2.45602472218609e-5,1208.79739356785,1397.71368411467,1859.152,0.707392497651068,915.8777717038745
2928,1534.272,0.710558981917818,0.611005275040671,3068.544,2020_kk_115_redo,Kusko,2020,0.709144534912635,0.602356985677082,1.5941099482674e-4,1208.79739356785,1397.71368411467,1859.152,0.707392497651068,915.8777717038745
2929,1534.796,0.70900664607194,0.603830181633605,3069.592,2020_kk_115_redo,Kusko,2020,0.709141920314033,0.602469090527444,1.121048503615e-4,1208.79739356785,1397.71368411467,1859.152,0.707392497651068,915.8777717038745
2930,1535.32,0.71007968127094,0.604902053493274,3070.64,2020_kk_115_redo,Kusko,2020,0.709149247110135,0.602674639657197,2.0554912975301e-4,1208.79739356785,1397.71368411467,1859.152,0.707392497651068,915.8777717038745
2931,1535.844,0.708963707881454,0.600397121489606,3071.688,2020_kk_115_redo,Kusko,2020,0.709183873084465,0.602722081948774,4.7442291577604e-5,1208.79739356785,1397.71368411467,1859.152,0.707392497651068,915.8777717038745
2932,1536.368,0.710693345373335,0.594426643318942,3072.736,2020_kk_115_redo,Kusko,2020,0.709148444821045,0.602718107027384,-3.97492139059263e-6,1208.79739356785,1397.71368411467,1859.152,0.707392497651068,915.8777717038745
2933,1536.892,0.709147021126937,0.597132853824186,3073.784,2020_kk_115_redo,Kusko,2020,0.709139110428539,0.602832614778301,1.1450775091703e-4,1208.79739356785,1397.71368411467,1859.152,0.707392497651068,915.8777717038745
2934,1537.416,0.708080217601977,0.593063943813697,3074.832,2020_kk_115_redo,Kusko,2020,0.709151020294985,0.601757555369616,-0.00107505940868435,1208.79739356785,1397.71368411467,1859.152,0.707392497651068,915.8777717038745
2935,1537.94,0.710593668426572,0.602040034687814,3075.88,2020_kk_115_redo,Kusko,2020,0.709180780224374,0.597958711473142,-0.00379884389647434,1208.79739356785,1397.71368411467,1859.152,0.707392497651068,915.8777717038745
2936,1538.464,0.707635259512126,0.592646942054228,3076.928,2020_kk_115_redo,Kusko,2020,0.709162186540805,0.591254933097822,-0.00670377837532043,1208.79739356785,1397.71368411467,1859.152,0.707392497651068,915.8777717038745
2937,1538.988,0.707165055304296,0.596689401053945,3077.976,2020_kk_115_redo,Kusko,2020,NA,NA,NA,1208.79739356785,1397.71368411467,1859.152,0.707392497651068,915.8777717038745
2938,1539.512,0.71130451043155,0.595151008822007,3079.024,2020_kk_115_redo,Kusko,2020,NA,NA,NA,1208.79739356785,1397.71368411467,1859.152,0.707392497651068,915.8777717038745
2939,1540.036,0.712362213852989,0.5943325117873,3080.072,2020_kk_115_redo,Kusko,2020,NA,NA,NA,1208.79739356785,1397.71368411467,1859.152,0.707392497651068,915.8777717038745
2940,1540.56,0.709340450987766,0.599112746229002,3081.12,2020_kk_115_redo,Kusko,2020,NA,NA,NA,1208.79739356785,1397.71368411467,1859.152,0.707392497651068,915.8777717038745
2941,1541.084,0.707476131806922,0.603475228486003,3082.168,2020_kk_115_redo,Kusko,2020,NA,NA,NA,1208.79739356785,1397.71368411467,1859.152,0.707392497651068,915.8777717038745
2942,1541.608,0.708896056027074,0.599036908017166,3083.216,2020_kk_115_redo,Kusko,2020,NA,NA,NA,1208.79739356785,1397.71368411467,1859.152,0.707392497651068,915.8777717038745
2943,1542.132,0.708351140835294,0.599711592603775,3084.264,2020_kk_115_redo,Kusko,2020,NA,NA,NA,1208.79739356785,1397.71368411467,1859.152,0.707392497651068,915.8777717038745
2944,1542.656,0.710673943094517,0.608487735966951,3085.312,2020_kk_115_redo,Kusko,2020,NA,NA,NA,1208.79739356785,1397.71368411467,1859.152,0.707392497651068,915.8777717038745
2945,1543.18,0.708422747450265,0.603319561689244,3086.36,2020_kk_115_redo,Kusko,2020,NA,NA,NA,1208.79739356785,1397.71368411467,1859.152,0.707392497651068,915.8777717038745
2946,1543.704,0.708876904196278,0.601424028244643,3087.408,2020_kk_115_redo,Kusko,2020,NA,NA,NA,1208.79739356785,1397.71368411467,1859.152,0.707392497651068,915.8777717038745
2947,1544.228,0.707154477795557,0.597904488125597,3088.456,2020_kk_115_redo,Kusko,2020,NA,NA,NA,1208.79739356785,1397.71368411467,1859.152,0.707392497651068,915.8777717038745
2948,1544.752,0.708393437153007,0.59464907939297,3089.504,2020_kk_115_redo,Kusko,2020,NA,NA,NA,1208.79739356785,1397.71368411467,1859.152,0.707392497651068,915.8777717038745
2949,1545.276,0.710528536266004,0.601201079608344,3090.552,2020_kk_115_redo,Kusko,2020,NA,NA,NA,1208.79739356785,1397.71368411467,1859.152,0.707392497651068,915.8777717038745
2950,1545.8,0.710456947320623,0.597471503321264,3091.6,2020_kk_115_redo,Kusko,2020,NA,NA,NA,1208.79739356785,1397.71368411467,1859.152,0.707392497651068,915.8777717038745
2951,1546.324,0.708723313653906,0.599746446471982,3092.648,2020_kk_115_redo,Kusko,2020,NA,NA,NA,1208.79739356785,1397.71368411467,1859.152,0.707392497651068,915.8777717038745
2952,1546.848,0.709354439008137,0.600574578976985,3093.696,2020_kk_115_redo,Kusko,2020,NA,NA,NA,1208.79739356785,1397.71368411467,1859.152,0.707392497651068,915.8777717038745
2953,1547.372,0.709694920277837,0.592909402089197,3094.744,2020_kk_115_redo,Kusko,2020,NA,NA,NA,1208.79739356785,1397.71368411467,1859.152,0.707392497651068,915.8777717038745
2954,1547.896,0.70986240712905,0.600993275473856,3095.792,2020_kk_115_redo,Kusko,2020,NA,NA,NA,1208.79739356785,1397.71368411467,1859.152,0.707392497651068,915.8777717038745
2955,1548.42,0.70773373909381,0.60255941041253,3096.84,2020_kk_115_redo,Kusko,2020,NA,NA,NA,1208.79739356785,1397.71368411467,1859.152,0.707392497651068,915.8777717038745
2956,1548.944,0.709463539045059,0.60041903231512,3097.888,2020_kk_115_redo,Kusko,2020,NA,NA,NA,1208.79739356785,1397.71368411467,1859.152,0.707392497651068,915.8777717038745
2957,1549.468,0.709030526050329,0.60015828668748,3098.936,2020_kk_115_redo,Kusko,2020,NA,NA,NA,1208.79739356785,1397.71368411467,1859.152,0.707392497651068,915.8777717038745
2958,1549.992,0.711423323211807,0.6102555379899,3099.984,2020_kk_115_redo,Kusko,2020,NA,NA,NA,1208.79739356785,1397.71368411467,1859.152,0.707392497651068,915.8777717038745
2959,1550.516,0.70962476749367,0.606999361028628,3101.032,2020_kk_115_redo,Kusko,2020,NA,NA,NA,1208.79739356785,1397.71368411467,1859.152,0.707392497651068,915.8777717038745
2960,1551.04,0.709940522330669,0.607280206983221,3102.08,2020_kk_115_redo,Kusko,2020,NA,NA,NA,1208.79739356785,1397.71368411467,1859.152,0.707392497651068,915.8777717038745
2961,1551.564,0.710779247868837,0.608841165793779,3103.128,2020_kk_115_redo,Kusko,2020,NA,NA,NA,1208.79739356785,1397.71368411467,1859.152,0.707392497651068,915.8777717038745
2962,1552.088,0.707985924883779,0.605467532164049,3104.176,2020_kk_115_redo,Kusko,2020,NA,NA,NA,1208.79739356785,1397.71368411467,1859.152,0.707392497651068,915.8777717038745
2963,1552.612,0.707775627883288,0.608544315377697,3105.224,2020_kk_115_redo,Kusko,2020,NA,NA,NA,1208.79739356785,1397.71368411467,1859.152,0.707392497651068,915.8777717038745
2964,1553.136,0.709880848697993,0.536663289857215,3106.272,2020_kk_115_redo,Kusko,2020,NA,NA,NA,1208.79739356785,1397.71368411467,1859.152,0.707392497651068,915.8777717038745
2965,1553.66,0.710754639533649,0.368725793516008,3107.32,2020_kk_115_redo,Kusko,2020,NA,NA,NA,1208.79739356785,1397.71368411467,1859.152,0.707392497651068,915.8777717038745
2966,1554.184,0.707765589804488,0.201986344331225,3108.368,2020_kk_115_redo,Kusko,2020,NA,NA,NA,1208.79739356785,1397.71368411467,1859.152,0.707392497651068,915.8777717038745
