Cycle,Time,Iso,Sr88,Microns,Fish_id,Watershed,Year,Iso_MA,Sr88_MA,Sr88_MA_Gradient,natal_microns_start,natal_microns_end,marine_start,natal_origin_iso,Core
62,32.488,0.711359597449334,0.227960192312996,64.976,2021_kk_284,Kusko,2021,NA,NA,NA,695.372398215907,926.177728628589,1216.728,0.708018253058308,265.98534815807096
63,33.012,0.707802876292476,0.268028197526316,66.024,2021_kk_284,Kusko,2021,NA,NA,NA,695.372398215907,926.177728628589,1216.728,0.708018253058308,265.98534815807096
64,33.536,0.70833966993707,0.297749995321199,67.072,2021_kk_284,Kusko,2021,NA,NA,NA,695.372398215907,926.177728628589,1216.728,0.708018253058308,265.98534815807096
65,34.06,0.71123337525916,0.317029287101188,68.12,2021_kk_284,Kusko,2021,NA,NA,NA,695.372398215907,926.177728628589,1216.728,0.708018253058308,265.98534815807096
66,34.584,0.707030253109201,0.307612714709351,69.168,2021_kk_284,Kusko,2021,NA,NA,NA,695.372398215907,926.177728628589,1216.728,0.708018253058308,265.98534815807096
67,35.108,0.711232921623803,0.278363959432844,70.216,2021_kk_284,Kusko,2021,NA,NA,NA,695.372398215907,926.177728628589,1216.728,0.708018253058308,265.98534815807096
68,35.632,0.709951642882668,0.252313944314241,71.264,2021_kk_284,Kusko,2021,NA,NA,NA,695.372398215907,926.177728628589,1216.728,0.708018253058308,265.98534815807096
69,36.156,0.709311750987966,0.233098824344121,72.312,2021_kk_284,Kusko,2021,NA,NA,NA,695.372398215907,926.177728628589,1216.728,0.708018253058308,265.98534815807096
70,36.68,0.704994887019711,0.226411670461554,73.36,2021_kk_284,Kusko,2021,NA,NA,NA,695.372398215907,926.177728628589,1216.728,0.708018253058308,265.98534815807096
71,37.204,0.706963574927849,0.228144927469207,74.408,2021_kk_284,Kusko,2021,NA,NA,NA,695.372398215907,926.177728628589,1216.728,0.708018253058308,265.98534815807096
72,37.728,0.707333185804023,0.220631901061948,75.456,2021_kk_284,Kusko,2021,NA,NA,NA,695.372398215907,926.177728628589,1216.728,0.708018253058308,265.98534815807096
73,38.252,0.70916033122055,0.231510959890892,76.504,2021_kk_284,Kusko,2021,NA,NA,NA,695.372398215907,926.177728628589,1216.728,0.708018253058308,265.98534815807096
74,38.776,0.70828719779896,0.25268269303204,77.552,2021_kk_284,Kusko,2021,NA,NA,NA,695.372398215907,926.177728628589,1216.728,0.708018253058308,265.98534815807096
75,39.3,0.706714643604872,0.283593136371102,78.6,2021_kk_284,Kusko,2021,NA,NA,NA,695.372398215907,926.177728628589,1216.728,0.708018253058308,265.98534815807096
76,39.824,0.707195770078106,0.314774015113662,79.648,2021_kk_284,Kusko,2021,NA,NA,NA,695.372398215907,926.177728628589,1216.728,0.708018253058308,265.98534815807096
77,40.348,0.706145817844161,0.353884005331499,80.696,2021_kk_284,Kusko,2021,NA,NA,NA,695.372398215907,926.177728628589,1216.728,0.708018253058308,265.98534815807096
78,40.872,0.708295005351669,0.379858541423798,81.744,2021_kk_284,Kusko,2021,NA,NA,NA,695.372398215907,926.177728628589,1216.728,0.708018253058308,265.98534815807096
79,41.396,0.707264478632116,0.402794565849844,82.792,2021_kk_284,Kusko,2021,NA,NA,NA,695.372398215907,926.177728628589,1216.728,0.708018253058308,265.98534815807096
80,41.92,0.707003020407735,0.410940641795218,83.84,2021_kk_284,Kusko,2021,NA,NA,NA,695.372398215907,926.177728628589,1216.728,0.708018253058308,265.98534815807096
81,42.444,0.710989589838875,0.427440662414058,84.888,2021_kk_284,Kusko,2021,NA,NA,NA,695.372398215907,926.177728628589,1216.728,0.708018253058308,265.98534815807096
82,42.968,0.707685999331104,0.42955986796406,85.936,2021_kk_284,Kusko,2021,NA,NA,NA,695.372398215907,926.177728628589,1216.728,0.708018253058308,265.98534815807096
83,43.492,0.707511319327812,0.438320014690868,86.984,2021_kk_284,Kusko,2021,NA,NA,NA,695.372398215907,926.177728628589,1216.728,0.708018253058308,265.98534815807096
84,44.016,0.707077726789291,0.442508003965448,88.032,2021_kk_284,Kusko,2021,NA,NA,NA,695.372398215907,926.177728628589,1216.728,0.708018253058308,265.98534815807096
85,44.54,0.707189501265194,0.447082781566991,89.08,2021_kk_284,Kusko,2021,NA,NA,NA,695.372398215907,926.177728628589,1216.728,0.708018253058308,265.98534815807096
86,45.064,0.708268745891791,0.460891364156348,90.128,2021_kk_284,Kusko,2021,NA,NA,NA,695.372398215907,926.177728628589,1216.728,0.708018253058308,265.98534815807096
87,45.588,0.708597342371599,0.471874238493716,91.176,2021_kk_284,Kusko,2021,NA,NA,NA,695.372398215907,926.177728628589,1216.728,0.708018253058308,265.98534815807096
88,46.112,0.708740553675872,0.476699045133498,92.224,2021_kk_284,Kusko,2021,NA,NA,NA,695.372398215907,926.177728628589,1216.728,0.708018253058308,265.98534815807096
89,46.636,0.707771984121145,0.460406827207325,93.272,2021_kk_284,Kusko,2021,NA,NA,NA,695.372398215907,926.177728628589,1216.728,0.708018253058308,265.98534815807096
90,47.16,0.709190735461931,0.478908208753745,94.32,2021_kk_284,Kusko,2021,NA,NA,NA,695.372398215907,926.177728628589,1216.728,0.708018253058308,265.98534815807096
91,47.684,0.708939219866739,0.482708063432511,95.368,2021_kk_284,Kusko,2021,0.708601013356061,0.500121998542689,NA,695.372398215907,926.177728628589,1216.728,0.708018253058308,265.98534815807096
92,48.208,0.70783556596099,0.490448894142131,96.416,2021_kk_284,Kusko,2021,0.708569006033254,0.508805235767156,0.00868323722446729,695.372398215907,926.177728628589,1216.728,0.708018253058308,265.98534815807096
93,48.732,0.707575643016845,0.497775830762985,97.464,2021_kk_284,Kusko,2021,0.708585320783155,0.517104990376525,0.00829975460936916,695.372398215907,926.177728628589,1216.728,0.708018253058308,265.98534815807096
94,49.256,0.708698186114061,0.511090134244828,98.512,2021_kk_284,Kusko,2021,0.708559180442779,0.524819230929578,0.00771424055305237,695.372398215907,926.177728628589,1216.728,0.708018253058308,265.98534815807096
95,49.78,0.710352622062704,0.524374807616253,99.56,2021_kk_284,Kusko,2021,0.70852324929414,0.532627320335218,0.00780808940564048,695.372398215907,926.177728628589,1216.728,0.708018253058308,265.98534815807096
96,50.304,0.706955700895467,0.540422454012747,100.608,2021_kk_284,Kusko,2021,0.708543506496149,0.540326428603137,0.00769910826791909,695.372398215907,926.177728628589,1216.728,0.708018253058308,265.98534815807096
97,50.828,0.708400431352303,0.556349128714357,101.656,2021_kk_284,Kusko,2021,0.708524348277739,0.548668808869056,0.00834238026591883,695.372398215907,926.177728628589,1216.728,0.708018253058308,265.98534815807096
98,51.352,0.709461361640902,0.57312575608002,102.704,2021_kk_284,Kusko,2021,0.708504025241169,0.557436361954265,0.00876755308520916,695.372398215907,926.177728628589,1216.728,0.708018253058308,265.98534815807096
99,51.876,0.708551137516312,0.589014671074673,103.752,2021_kk_284,Kusko,2021,0.708496252462102,0.566689930720884,0.0092535687666192,695.372398215907,926.177728628589,1216.728,0.708018253058308,265.98534815807096
100,52.4,0.709411736002426,0.600573096552879,104.8,2021_kk_284,Kusko,2021,0.708569706841235,0.575929810554019,0.00923987983313501,695.372398215907,926.177728628589,1216.728,0.708018253058308,265.98534815807096
101,52.924,0.710149642596104,0.612296861208707,105.848,2021_kk_284,Kusko,2021,0.708604344881369,0.585063377449015,0.00913356689499556,695.372398215907,926.177728628589,1216.728,0.708018253058308,265.98534815807096
102,53.448,0.70819821076797,0.61746999433714,106.896,2021_kk_284,Kusko,2021,0.708613980940119,0.594723965801264,0.00966058835224892,695.372398215907,926.177728628589,1216.728,0.708018253058308,265.98534815807096
103,53.972,0.710434522058016,0.615045914609796,107.944,2021_kk_284,Kusko,2021,0.708602960229085,0.60435009715929,0.00962613135802615,695.372398215907,926.177728628589,1216.728,0.708018253058308,265.98534815807096
104,54.496,0.70973057481549,0.636113245928051,108.992,2021_kk_284,Kusko,2021,0.708611694508965,0.613544557546945,0.0091944603876547,695.372398215907,926.177728628589,1216.728,0.708018253058308,265.98534815807096
105,55.02,0.711439167047052,0.661368867310003,110.04,2021_kk_284,Kusko,2021,0.708654514083315,0.622330923877106,0.00878636633016128,695.372398215907,926.177728628589,1216.728,0.708018253058308,265.98534815807096
106,55.544,0.70945593432655,0.664853276398896,111.088,2021_kk_284,Kusko,2021,0.708695468801637,0.630824789921117,0.0084938660440107,695.372398215907,926.177728628589,1216.728,0.708018253058308,265.98534815807096
107,56.068,0.707619848565762,0.67218328001121,112.136,2021_kk_284,Kusko,2021,0.708746844428488,0.638642687792247,0.00781789787113063,695.372398215907,926.177728628589,1216.728,0.708018253058308,265.98534815807096
108,56.592,0.70888374232584,0.682246264297461,113.184,2021_kk_284,Kusko,2021,0.708739755731986,0.646127127440821,0.00748443964857359,695.372398215907,926.177728628589,1216.728,0.708018253058308,265.98534815807096
109,57.116,0.70939149523013,0.690642936623716,114.232,2021_kk_284,Kusko,2021,0.708755757766735,0.653367965911756,0.00724083847093493,695.372398215907,926.177728628589,1216.728,0.708018253058308,265.98534815807096
110,57.64,0.708240630656574,0.69347498590923,115.28,2021_kk_284,Kusko,2021,0.708786513078657,0.660468699942473,0.00710073403071732,695.372398215907,926.177728628589,1216.728,0.708018253058308,265.98534815807096
111,58.164,0.709880491749047,0.701695860686696,116.328,2021_kk_284,Kusko,2021,0.708756451550444,0.667389971490295,0.00692127154782229,695.372398215907,926.177728628589,1216.728,0.708018253058308,265.98534815807096
112,58.688,0.708540272732715,0.71555861230093,117.376,2021_kk_284,Kusko,2021,0.708777515821986,0.674304537678564,0.0069145661882688,695.372398215907,926.177728628589,1216.728,0.708018253058308,265.98534815807096
113,59.212,0.70795865149976,0.721166501061629,118.424,2021_kk_284,Kusko,2021,0.708806700232608,0.680937564386704,0.0066330267081397,695.372398215907,926.177728628589,1216.728,0.708018253058308,265.98534815807096
114,59.736,0.708048222818771,0.732598626790726,119.472,2021_kk_284,Kusko,2021,0.708836263111353,0.687586062893027,0.00664849850632288,695.372398215907,926.177728628589,1216.728,0.708018253058308,265.98534815807096
115,60.26,0.709469910592208,0.732373532274697,120.52,2021_kk_284,Kusko,2021,0.708878952166111,0.694181338248613,0.00659527535558668,695.372398215907,926.177728628589,1216.728,0.708018253058308,265.98534815807096
116,60.784,0.709421749256514,0.737386454126486,121.568,2021_kk_284,Kusko,2021,0.708893363126703,0.700961133296722,0.00677979504810899,695.372398215907,926.177728628589,1216.728,0.708018253058308,265.98534815807096
117,61.308,0.709815323608603,0.748177091577702,122.616,2021_kk_284,Kusko,2021,0.708914406442201,0.707389268209839,0.00642813491311656,695.372398215907,926.177728628589,1216.728,0.708018253058308,265.98534815807096
118,61.832,0.708322191863381,0.728726133139674,123.664,2021_kk_284,Kusko,2021,0.70892606355456,0.713808361607661,0.0064190933978221,695.372398215907,926.177728628589,1216.728,0.708018253058308,265.98534815807096
119,62.356,0.708149871463993,0.749084181613362,124.712,2021_kk_284,Kusko,2021,0.708960286556088,0.720795624239274,0.00698726263161253,695.372398215907,926.177728628589,1216.728,0.708018253058308,265.98534815807096
120,62.88,0.70778601520657,0.754643796834693,125.76,2021_kk_284,Kusko,2021,0.708942847153638,0.72774355715361,0.00694793291433682,695.372398215907,926.177728628589,1216.728,0.708018253058308,265.98534815807096
121,63.404,0.71029922944783,0.753255471678071,126.808,2021_kk_284,Kusko,2021,0.708941692703588,0.734332274529368,0.00658871737575728,695.372398215907,926.177728628589,1216.728,0.708018253058308,265.98534815807096
122,63.928,0.709439158080909,0.74895442578103,127.856,2021_kk_284,Kusko,2021,0.708956270663199,0.740854181696769,0.00652190716740131,695.372398215907,926.177728628589,1216.728,0.708018253058308,265.98534815807096
123,64.452,0.708781761286563,0.766013474088472,128.904,2021_kk_284,Kusko,2021,0.708986445673653,0.747334468126325,0.00648028642955634,695.372398215907,926.177728628589,1216.728,0.708018253058308,265.98534815807096
124,64.976,0.706771249514508,0.760604428504337,129.952,2021_kk_284,Kusko,2021,0.708978398327303,0.753440021722326,0.00610555359600029,695.372398215907,926.177728628589,1216.728,0.708018253058308,265.98534815807096
125,65.5,0.709077506340788,0.785514651439615,131,2021_kk_284,Kusko,2021,0.708947893857758,0.759464955931431,0.00602493420910533,695.372398215907,926.177728628589,1216.728,0.708018253058308,265.98534815807096
126,66.024,0.708245685229777,0.769559210784497,132.048,2021_kk_284,Kusko,2021,0.708996573223465,0.765244799693412,0.00577984376198115,695.372398215907,926.177728628589,1216.728,0.708018253058308,265.98534815807096
127,66.548,0.710083428519176,0.778906775387973,133.096,2021_kk_284,Kusko,2021,0.709002921503982,0.770878856173231,0.00563405647981907,695.372398215907,926.177728628589,1216.728,0.708018253058308,265.98534815807096
128,67.072,0.708732260688449,0.778367129426793,134.144,2021_kk_284,Kusko,2021,0.709006892675478,0.776303005731294,0.0054241495580627,695.372398215907,926.177728628589,1216.728,0.708018253058308,265.98534815807096
129,67.596,0.708845384244005,0.788312950341275,135.192,2021_kk_284,Kusko,2021,0.709007449526727,0.781069925569272,0.00476691983797795,695.372398215907,926.177728628589,1216.728,0.708018253058308,265.98534815807096
130,68.12,0.709402149767692,0.780804460449657,136.24,2021_kk_284,Kusko,2021,0.708989396536355,0.785990987026726,0.0049210614574543,695.372398215907,926.177728628589,1216.728,0.708018253058308,265.98534815807096
131,68.644,0.70904185733586,0.77615894116894,137.288,2021_kk_284,Kusko,2021,0.708955391015012,0.790705069149793,0.00471408212306645,695.372398215907,926.177728628589,1216.728,0.708018253058308,265.98534815807096
132,69.168,0.707911349329019,0.800267202196883,138.336,2021_kk_284,Kusko,2021,0.708958276834803,0.795083738843356,0.00437866969356382,695.372398215907,926.177728628589,1216.728,0.708018253058308,265.98534815807096
133,69.692,0.708499088558531,0.809078841372457,139.384,2021_kk_284,Kusko,2021,0.708933706503473,0.799720918917754,0.00463718007439773,695.372398215907,926.177728628589,1216.728,0.708018253058308,265.98534815807096
134,70.216,0.708811254591722,0.804350316291327,140.432,2021_kk_284,Kusko,2021,0.708912441215712,0.803924289238593,0.00420337032083906,695.372398215907,926.177728628589,1216.728,0.708018253058308,265.98534815807096
135,70.74,0.709283818065905,0.810775116180778,141.48,2021_kk_284,Kusko,2021,0.708871568007719,0.807661373807839,0.00373708456924615,695.372398215907,926.177728628589,1216.728,0.708018253058308,265.98534815807096
136,71.264,0.709653053177429,0.824405977754301,142.528,2021_kk_284,Kusko,2021,0.70886767025177,0.811327695679212,0.00366632187137272,695.372398215907,926.177728628589,1216.728,0.708018253058308,265.98534815807096
137,71.788,0.709228355455243,0.822957877599338,143.576,2021_kk_284,Kusko,2021,0.708890008129479,0.815143318940862,0.00381562326165008,695.372398215907,926.177728628589,1216.728,0.708018253058308,265.98534815807096
138,72.312,0.707869683561492,0.828924920338216,144.624,2021_kk_284,Kusko,2021,0.708898465475396,0.81875522127383,0.00361190233296749,695.372398215907,926.177728628589,1216.728,0.708018253058308,265.98534815807096
139,72.836,0.708224600717077,0.837244874105939,145.672,2021_kk_284,Kusko,2021,0.708899029546355,0.822315511527035,0.00356029025320481,695.372398215907,926.177728628589,1216.728,0.708018253058308,265.98534815807096
140,73.36,0.708848339123053,0.836984683638256,146.72,2021_kk_284,Kusko,2021,0.708911807277105,0.825848825867116,0.00353331434008175,695.372398215907,926.177728628589,1216.728,0.708018253058308,265.98534815807096
141,73.884,0.709185898146127,0.842716955283397,147.768,2021_kk_284,Kusko,2021,0.708899738522636,0.829120246669669,0.00327142080255227,695.372398215907,926.177728628589,1216.728,0.708018253058308,265.98534815807096
142,74.408,0.708949855623604,0.844433839260191,148.816,2021_kk_284,Kusko,2021,0.708910379051175,0.832045487595417,0.00292524092574853,695.372398215907,926.177728628589,1216.728,0.708018253058308,265.98534815807096
143,74.932,0.709262383965113,0.836301617179246,149.864,2021_kk_284,Kusko,2021,0.708945940300047,0.834908169865394,0.00286268226997732,695.372398215907,926.177728628589,1216.728,0.708018253058308,265.98534815807096
144,75.456,0.708851499513964,0.841417914344818,150.912,2021_kk_284,Kusko,2021,0.708953562878551,0.837693319744223,0.00278514987882905,695.372398215907,926.177728628589,1216.728,0.708018253058308,265.98534815807096
145,75.98,0.709750844550695,0.842799302902193,151.96,2021_kk_284,Kusko,2021,0.708955221024633,0.840303064665344,0.00260974492112065,695.372398215907,926.177728628589,1216.728,0.708018253058308,265.98534815807096
146,76.504,0.709133403527343,0.867679067042884,153.008,2021_kk_284,Kusko,2021,0.708921125057244,0.842925877965488,0.00262281330014413,695.372398215907,926.177728628589,1216.728,0.708018253058308,265.98534815807096
147,77.028,0.709859941301463,0.857562333280707,154.056,2021_kk_284,Kusko,2021,0.708902551828616,0.845557719934406,0.00263184196891741,695.372398215907,926.177728628589,1216.728,0.708018253058308,265.98534815807096
148,77.552,0.709439980417406,0.861844649002825,155.104,2021_kk_284,Kusko,2021,0.708923811591408,0.848512066166813,0.00295434623240742,695.372398215907,926.177728628589,1216.728,0.708018253058308,265.98534815807096
149,78.076,0.709825364212852,0.879642585104077,156.152,2021_kk_284,Kusko,2021,0.708924459443332,0.851160379018139,0.00264831285132627,695.372398215907,926.177728628589,1216.728,0.708018253058308,265.98534815807096
150,78.6,0.708144371314896,0.895784183613953,157.2,2021_kk_284,Kusko,2021,0.708957982353262,0.8534957703401,0.00233539132196026,695.372398215907,926.177728628589,1216.728,0.708018253058308,265.98534815807096
151,79.124,0.708869952863776,0.87803110597795,158.248,2021_kk_284,Kusko,2021,0.708948727421941,0.855929106890435,0.00243333655033573,695.372398215907,926.177728628589,1216.728,0.708018253058308,265.98534815807096
152,79.648,0.708710243537628,0.881763324186212,159.296,2021_kk_284,Kusko,2021,0.708943899755335,0.858429000078182,0.00249989318774702,695.372398215907,926.177728628589,1216.728,0.708018253058308,265.98534815807096
153,80.172,0.709386143644081,0.886593016536364,160.344,2021_kk_284,Kusko,2021,0.708948232863313,0.860754959937355,0.00232595985917294,695.372398215907,926.177728628589,1216.728,0.708018253058308,265.98534815807096
154,80.696,0.708215345333063,0.877423350004843,161.392,2021_kk_284,Kusko,2021,0.708980912674149,0.862896385645115,0.0021414257077594402,695.372398215907,926.177728628589,1216.728,0.708018253058308,265.98534815807096
155,81.22,0.708522353889976,0.885870860162575,162.44,2021_kk_284,Kusko,2021,0.708970757859951,0.864707227585964,0.00181084194084913,695.372398215907,926.177728628589,1216.728,0.708018253058308,265.98534815807096
156,81.744,0.7098764628379,0.887213079731615,163.488,2021_kk_284,Kusko,2021,0.708968731443171,0.86664371259069,0.00193648500472643,695.372398215907,926.177728628589,1216.728,0.708018253058308,265.98534815807096
157,82.268,0.708781328183352,0.894392517503503,164.536,2021_kk_284,Kusko,2021,0.708957464229064,0.868247424127574,0.00160371153688421,695.372398215907,926.177728628589,1216.728,0.708018253058308,265.98534815807096
158,82.792,0.70969963193066,0.898574729563789,165.584,2021_kk_284,Kusko,2021,0.708986460822375,0.87043818535292,0.00219076122534556,695.372398215907,926.177728628589,1216.728,0.708018253058308,265.98534815807096
159,83.316,0.708584548591236,0.875029861353345,166.632,2021_kk_284,Kusko,2021,0.708973315380962,0.872191545667058,0.00175336031413786,695.372398215907,926.177728628589,1216.728,0.708018253058308,265.98534815807096
160,83.84,0.708328556580114,0.895836784000132,167.68,2021_kk_284,Kusko,2021,0.708981002022693,0.873928813375218,0.00173726770816007,695.372398215907,926.177728628589,1216.728,0.708018253058308,265.98534815807096
161,84.364,0.708109311315534,0.895141788592696,168.728,2021_kk_284,Kusko,2021,0.708990962543384,0.875703617037528,0.00177480366230953,695.372398215907,926.177728628589,1216.728,0.708018253058308,265.98534815807096
162,84.888,0.708371359955389,0.880190175950973,169.776,2021_kk_284,Kusko,2021,0.709005910489316,0.877331460057542,0.00162784302001429,695.372398215907,926.177728628589,1216.728,0.708018253058308,265.98534815807096
163,85.412,0.708960302178253,0.893276719073653,170.824,2021_kk_284,Kusko,2021,0.70901860474615,0.878960967933979,0.00162950787643734,695.372398215907,926.177728628589,1216.728,0.708018253058308,265.98534815807096
164,85.936,0.708454657549785,0.888315465178398,171.872,2021_kk_284,Kusko,2021,0.70900079514461,0.880590498739125,0.00162953080514583,695.372398215907,926.177728628589,1216.728,0.708018253058308,265.98534815807096
165,86.46,0.708986774567494,0.885593941464771,172.92,2021_kk_284,Kusko,2021,0.709003328285591,0.88223888238315,0.00164838364402486,695.372398215907,926.177728628589,1216.728,0.708018253058308,265.98534815807096
166,86.984,0.709222068969573,0.884832588681256,173.968,2021_kk_284,Kusko,2021,0.70900022962917,0.883556450370656,0.0013175679875066,695.372398215907,926.177728628589,1216.728,0.708018253058308,265.98534815807096
167,87.508,0.708960121228325,0.901120675710214,175.016,2021_kk_284,Kusko,2021,0.70900005688425,0.885110979265116,0.00155452889445928,695.372398215907,926.177728628589,1216.728,0.708018253058308,265.98534815807096
168,88.032,0.709391183080859,0.898960404275512,176.064,2021_kk_284,Kusko,2021,0.709032219164197,0.886526369351163,0.0014153900860473,695.372398215907,926.177728628589,1216.728,0.708018253058308,265.98534815807096
169,88.556,0.709425339487675,0.904260351816003,177.112,2021_kk_284,Kusko,2021,0.709032518619481,0.887797422630291,0.00127105327912813,695.372398215907,926.177728628589,1216.728,0.708018253058308,265.98534815807096
170,89.08,0.709007294501606,0.905473846314133,178.16,2021_kk_284,Kusko,2021,0.709046657493146,0.889189569249969,0.00139214661967768,695.372398215907,926.177728628589,1216.728,0.708018253058308,265.98534815807096
171,89.604,0.709156366480899,0.897981108839824,179.208,2021_kk_284,Kusko,2021,0.709051105217827,0.890420944511196,0.00123137526122674,695.372398215907,926.177728628589,1216.728,0.708018253058308,265.98534815807096
172,90.128,0.709178704445033,0.89107306784584706,180.256,2021_kk_284,Kusko,2021,0.709061760741212,0.891836424147783,0.00141547963658728,695.372398215907,926.177728628589,1216.728,0.708018253058308,265.98534815807096
173,90.652,0.710092326432081,0.892927437260269,181.304,2021_kk_284,Kusko,2021,0.709060568957067,0.893534663484697,0.00169823933691415,695.372398215907,926.177728628589,1216.728,0.708018253058308,265.98534815807096
174,91.176,0.708505577529033,0.899707619520471,182.352,2021_kk_284,Kusko,2021,0.709051245565435,0.895152667700348,0.00161800421565128,695.372398215907,926.177728628589,1216.728,0.708018253058308,265.98534815807096
175,91.7,0.709569399357116,0.88895822754194,183.4,2021_kk_284,Kusko,2021,0.709048055358392,0.896792014316713,0.00163934661636445,695.372398215907,926.177728628589,1216.728,0.708018253058308,265.98534815807096
176,92.224,0.707375991213178,0.894755252135133,184.448,2021_kk_284,Kusko,2021,0.709054503504005,0.898090951705401,0.00129893738868803,695.372398215907,926.177728628589,1216.728,0.708018253058308,265.98534815807096
177,92.748,0.708700929890922,0.906087609712748,185.496,2021_kk_284,Kusko,2021,0.709048441954725,0.899672372213934,0.00158142050853316,695.372398215907,926.177728628589,1216.728,0.708018253058308,265.98534815807096
178,93.272,0.709597777630863,0.905986907084116,186.544,2021_kk_284,Kusko,2021,0.709027247880012,0.901049500392766,0.0013771281788324,695.372398215907,926.177728628589,1216.728,0.708018253058308,265.98534815807096
179,93.796,0.708188742579438,0.907982952692939,187.592,2021_kk_284,Kusko,2021,0.709035711104533,0.90236570214244,0.0013162017496734,695.372398215907,926.177728628589,1216.728,0.708018253058308,265.98534815807096
180,94.32,0.709797389802371,0.894767276152309,188.64,2021_kk_284,Kusko,2021,0.70903729538595,0.90366142916151,0.00129572701907021,695.372398215907,926.177728628589,1216.728,0.708018253058308,265.98534815807096
181,94.844,0.709743933568613,0.899255664698213,189.688,2021_kk_284,Kusko,2021,0.709046012795033,0.905274041612741,0.00161261245123112,695.372398215907,926.177728628589,1216.728,0.708018253058308,265.98534815807096
182,95.368,0.709149498084534,0.898948017045857,190.736,2021_kk_284,Kusko,2021,0.709059661925302,0.906604929603473,0.00133088799073222,695.372398215907,926.177728628589,1216.728,0.708018253058308,265.98534815807096
183,95.892,0.709041747765258,0.905571065638852,191.784,2021_kk_284,Kusko,2021,0.709044925705764,0.908215114296585,0.00161018469311192,695.372398215907,926.177728628589,1216.728,0.708018253058308,265.98534815807096
184,96.416,0.708732038164663,0.8890899709699,192.832,2021_kk_284,Kusko,2021,0.70903947754474,0.909830753743329,0.00161563944674392,695.372398215907,926.177728628589,1216.728,0.708018253058308,265.98534815807096
185,96.94,0.708468217488899,0.894165167890566,193.88,2021_kk_284,Kusko,2021,0.709061182116635,0.911536774599455,0.0017060208561257,695.372398215907,926.177728628589,1216.728,0.708018253058308,265.98534815807096
186,97.464,0.708124100222995,0.885748311068084,194.928,2021_kk_284,Kusko,2021,0.709040719383937,0.913084570050267,0.00154779545081174,695.372398215907,926.177728628589,1216.728,0.708018253058308,265.98534815807096
187,97.988,0.709407395672716,0.875129467601024,195.976,2021_kk_284,Kusko,2021,0.709043908712205,0.914399434584385,0.001314864534118,695.372398215907,926.177728628589,1216.728,0.708018253058308,265.98534815807096
188,98.512,0.710472056287101,0.909812802947524,197.024,2021_kk_284,Kusko,2021,0.709050499954155,0.916181756698352,0.00178232211396734,695.372398215907,926.177728628589,1216.728,0.708018253058308,265.98534815807096
189,99.036,0.70805665775923,0.893514569189554,198.072,2021_kk_284,Kusko,2021,0.709066140884302,0.91811053401152,0.00192877731316821,695.372398215907,926.177728628589,1216.728,0.708018253058308,265.98534815807096
190,99.56,0.709863348271549,0.885040522939262,199.12,2021_kk_284,Kusko,2021,0.709081702106241,0.919392683359355,0.00128214934783477,695.372398215907,926.177728628589,1216.728,0.708018253058308,265.98534815807096
191,100.084,0.70963948857735,0.882647160907504,200.168,2021_kk_284,Kusko,2021,0.709085358111103,0.920863547045809,0.00147086368645366,695.372398215907,926.177728628589,1216.728,0.708018253058308,265.98534815807096
192,100.608,0.708808226084946,0.897937783397745,201.216,2021_kk_284,Kusko,2021,0.709110258458092,0.922844799592168,0.00198125254635984,695.372398215907,926.177728628589,1216.728,0.708018253058308,265.98534815807096
193,101.132,0.70926074396854,0.9068493139587,202.264,2021_kk_284,Kusko,2021,0.709119853661745,0.92459133314006,0.00174653354789212,695.372398215907,926.177728628589,1216.728,0.708018253058308,265.98534815807096
194,101.656,0.707742678499343,0.902122164600082,203.312,2021_kk_284,Kusko,2021,0.709114854413495,0.926550994921297,0.00195966178123685,695.372398215907,926.177728628589,1216.728,0.708018253058308,265.98534815807096
195,102.18,0.709435806524775,0.909678134822265,204.36,2021_kk_284,Kusko,2021,0.709099399617772,0.92842035491775,0.00186935999645321,695.372398215907,926.177728628589,1216.728,0.708018253058308,265.98534815807096
196,102.704,0.709467133792147,0.903460057004697,205.408,2021_kk_284,Kusko,2021,0.709098920876676,0.930243110078679,0.00182275516092822,695.372398215907,926.177728628589,1216.728,0.708018253058308,265.98534815807096
197,103.228,0.709217990760089,0.916229611266891,206.456,2021_kk_284,Kusko,2021,0.70911502630876,0.932053245221913,0.0018101351432338,695.372398215907,926.177728628589,1216.728,0.708018253058308,265.98534815807096
198,103.752,0.709799420358275,0.913848325501056,207.504,2021_kk_284,Kusko,2021,0.70912987017652,0.934161529290673,0.00210828406876007,695.372398215907,926.177728628589,1216.728,0.708018253058308,265.98534815807096
199,104.276,0.708242568034123,0.913508070853631,208.552,2021_kk_284,Kusko,2021,0.709151661512674,0.935977578570603,0.0018160492799304,695.372398215907,926.177728628589,1216.728,0.708018253058308,265.98534815807096
200,104.8,0.709696671542951,0.920513480818918,209.6,2021_kk_284,Kusko,2021,0.709163891391704,0.93752959016062,0.0015520115900175,695.372398215907,926.177728628589,1216.728,0.708018253058308,265.98534815807096
201,105.324,0.709452761627002,0.916599470956998,210.648,2021_kk_284,Kusko,2021,0.709149809688174,0.938786032348393,0.00125644218777221,695.372398215907,926.177728628589,1216.728,0.708018253058308,265.98534815807096
202,105.848,0.709589187026698,0.929362617455427,211.696,2021_kk_284,Kusko,2021,0.709149092636158,0.940223357920856,0.00143732557246323,695.372398215907,926.177728628589,1216.728,0.708018253058308,265.98534815807096
203,106.372,0.709190876916402,0.938195977394094,212.744,2021_kk_284,Kusko,2021,0.709141025460896,0.94144306960829,0.0012197116874344,695.372398215907,926.177728628589,1216.728,0.708018253058308,265.98534815807096
204,106.896,0.708292096016074,0.9384981672839,213.792,2021_kk_284,Kusko,2021,0.709165177617243,0.942603420299489,0.00116035069119858,695.372398215907,926.177728628589,1216.728,0.708018253058308,265.98534815807096
205,107.42,0.709559432128099,0.941160099884054,214.84,2021_kk_284,Kusko,2021,0.709160072017709,0.943944142839767,0.00134072254027795,695.372398215907,926.177728628589,1216.728,0.708018253058308,265.98534815807096
206,107.944,0.709520292264111,0.94561531036417,215.888,2021_kk_284,Kusko,2021,0.709189516308997,0.944663474126518,7.1933128675094e-4,695.372398215907,926.177728628589,1216.728,0.708018253058308,265.98534815807096
207,108.468,0.709496248344685,0.9524475637927,216.936,2021_kk_284,Kusko,2021,0.709196078923607,0.945436268544099,7.7279441758149e-4,695.372398215907,926.177728628589,1216.728,0.708018253058308,265.98534815807096
208,108.992,0.708168335934595,0.944472339732769,217.984,2021_kk_284,Kusko,2021,0.709190614802052,0.946249457477091,8.1318893299187e-4,695.372398215907,926.177728628589,1216.728,0.708018253058308,265.98534815807096
209,109.516,0.710333157684109,0.958614690084478,219.032,2021_kk_284,Kusko,2021,0.709246451338749,0.946913633350093,6.6417587300216e-4,695.372398215907,926.177728628589,1216.728,0.708018253058308,265.98534815807096
210,110.04,0.708239428199931,0.973527804758169,220.08,2021_kk_284,Kusko,2021,0.709237783726594,0.948078155891671,0.00116452254157795,695.372398215907,926.177728628589,1216.728,0.708018253058308,265.98534815807096
211,110.564,0.709392997408725,0.974787853051819,221.128,2021_kk_284,Kusko,2021,0.709234933290514,0.948501381460711,4.232255690395e-4,695.372398215907,926.177728628589,1216.728,0.708018253058308,265.98534815807096
212,111.088,0.709529191353814,0.96161660363014,222.176,2021_kk_284,Kusko,2021,0.709243632137952,0.948884640166086,3.8325870537536e-4,695.372398215907,926.177728628589,1216.728,0.708018253058308,265.98534815807096
213,111.612,0.708501970471792,0.983204098123082,223.224,2021_kk_284,Kusko,2021,0.709239544602742,0.949293837696048,4.0919752996171e-4,695.372398215907,926.177728628589,1216.728,0.708018253058308,265.98534815807096
214,112.136,0.707888455671622,0.974361716809482,224.272,2021_kk_284,Kusko,2021,0.709233259000376,0.950018148890301,7.2431119425309e-4,695.372398215907,926.177728628589,1216.728,0.708018253058308,265.98534815807096
215,112.66,0.709824628203672,0.988232111530114,225.32,2021_kk_284,Kusko,2021,0.709218213460878,0.950508141848635,4.8999295833396e-4,695.372398215907,926.177728628589,1216.728,0.708018253058308,265.98534815807096
216,113.184,0.708648698876044,0.980080806780318,226.368,2021_kk_284,Kusko,2021,0.709216617466874,0.950994557443035,4.8641559439965e-4,695.372398215907,926.177728628589,1216.728,0.708018253058308,265.98534815807096
217,113.708,0.708972687879404,0.973284389550584,227.416,2021_kk_284,Kusko,2021,0.709203438852339,0.952040758389778,0.00104620094674301,695.372398215907,926.177728628589,1216.728,0.708018253058308,265.98534815807096
218,114.232,0.710095106447647,1.00551405640183,228.464,2021_kk_284,Kusko,2021,0.709190187298279,0.95258825054692,5.4749215714233e-4,695.372398215907,926.177728628589,1216.728,0.708018253058308,265.98534815807096
219,114.756,0.709523004400062,0.990756500143442,229.512,2021_kk_284,Kusko,2021,0.709180196769625,0.953223904546552,6.3565399963216e-4,695.372398215907,926.177728628589,1216.728,0.708018253058308,265.98534815807096
220,115.28,0.709262229896485,0.97276574487022,230.56,2021_kk_284,Kusko,2021,0.70916705456601,0.95426224578326,0.00103834123670832,695.372398215907,926.177728628589,1216.728,0.708018253058308,265.98534815807096
221,115.804,0.708328671607244,0.983393609779917,231.608,2021_kk_284,Kusko,2021,0.709174807725146,0.955289700659236,0.00102745487597522,695.372398215907,926.177728628589,1216.728,0.708018253058308,265.98534815807096
222,116.328,0.709865380774718,0.999065328732564,232.656,2021_kk_284,Kusko,2021,0.70916620809836,0.955429359614093,1.396589548569e-4,695.372398215907,926.177728628589,1216.728,0.708018253058308,265.98534815807096
223,116.852,0.709536014397432,0.998068731947178,233.704,2021_kk_284,Kusko,2021,0.709152612636929,0.955090704339073,-3.3865527501952e-4,695.372398215907,926.177728628589,1216.728,0.708018253058308,265.98534815807096
224,117.376,0.708154702654817,1.00589517205261,234.752,2021_kk_284,Kusko,2021,0.709184577063558,0.955475885638455,3.8518129938203e-4,695.372398215907,926.177728628589,1216.728,0.708018253058308,265.98534815807096
225,117.9,0.708059486824121,0.997755541251964,235.8,2021_kk_284,Kusko,2021,0.709195313257485,0.955204353404072,-2.7153223438325e-4,695.372398215907,926.177728628589,1216.728,0.708018253058308,265.98534815807096
226,118.424,0.709193344503763,0.994197898336949,236.848,2021_kk_284,Kusko,2021,0.709179806257547,0.95522915032107,2.47969169985263e-5,695.372398215907,926.177728628589,1216.728,0.708018253058308,265.98534815807096
227,118.948,0.70992644715337,1.00972878430425,237.896,2021_kk_284,Kusko,2021,0.709163873342151,0.955188223040508,-4.09272805624861e-5,695.372398215907,926.177728628589,1216.728,0.708018253058308,265.98534815807096
228,119.472,0.710281815146443,1.02545744840111,238.944,2021_kk_284,Kusko,2021,0.709170555355037,0.955653320158694,4.650971181862e-4,695.372398215907,926.177728628589,1216.728,0.708018253058308,265.98534815807096
229,119.996,0.710732819656943,1.01322330861183,239.992,2021_kk_284,Kusko,2021,0.7092014819819,0.957238488575986,0.00158516841729217,695.372398215907,926.177728628589,1216.728,0.708018253058308,265.98534815807096
230,120.52,0.709741087243379,0.998594541715179,241.04,2021_kk_284,Kusko,2021,0.709183809836961,0.958253502511838,0.00101501393585202,695.372398215907,926.177728628589,1216.728,0.708018253058308,265.98534815807096
231,121.044,0.708311464269116,0.97336764010616,242.088,2021_kk_284,Kusko,2021,0.709178240808003,0.959885319468388,0.00163181695654946,695.372398215907,926.177728628589,1216.728,0.708018253058308,265.98534815807096
232,121.568,0.709135681324064,0.977312602193646,243.136,2021_kk_284,Kusko,2021,0.709162743458493,0.961451612273977,0.00156629280558906,695.372398215907,926.177728628589,1216.728,0.708018253058308,265.98534815807096
233,122.092,0.709608295916391,0.966110138506328,244.184,2021_kk_284,Kusko,2021,0.709182142338145,0.96270977819213,0.00125816591815364,695.372398215907,926.177728628589,1216.728,0.708018253058308,265.98534815807096
234,122.616,0.709954706909849,0.969328660992381,245.232,2021_kk_284,Kusko,2021,0.70918493877065,0.964309573005363,0.00159979481323225,695.372398215907,926.177728628589,1216.728,0.708018253058308,265.98534815807096
235,123.14,0.70926306338505,0.969401579958623,246.28,2021_kk_284,Kusko,2021,0.709171321130317,0.96652192264772,0.00221234964235739,695.372398215907,926.177728628589,1216.728,0.708018253058308,265.98534815807096
236,123.664,0.709142648690477,0.93791512934019206,247.328,2021_kk_284,Kusko,2021,0.709153248226478,0.968834808584572,0.00231288593685242,695.372398215907,926.177728628589,1216.728,0.708018253058308,265.98534815807096
237,124.188,0.709094686767506,0.952455274767639,248.376,2021_kk_284,Kusko,2021,0.709172505362303,0.970533028620384,0.00169822003581166,695.372398215907,926.177728628589,1216.728,0.708018253058308,265.98534815807096
238,124.712,0.709269930337568,0.954778243063632,249.424,2021_kk_284,Kusko,2021,0.709195928654395,0.97217132711507,0.00163829849468533,695.372398215907,926.177728628589,1216.728,0.708018253058308,265.98534815807096
239,125.236,0.711538934781254,0.947833505073072,250.472,2021_kk_284,Kusko,2021,0.709167246539859,0.973228439805769,0.00105711269069941,695.372398215907,926.177728628589,1216.728,0.708018253058308,265.98534815807096
240,125.76,0.709277333073089,0.964638628646982,251.52,2021_kk_284,Kusko,2021,0.709186346344709,0.974280333505493,0.00105189369972425,695.372398215907,926.177728628589,1216.728,0.708018253058308,265.98534815807096
241,126.284,0.709572907403837,0.92464919884059,252.568,2021_kk_284,Kusko,2021,0.7091881575206,0.974746667744928,4.6633423943454e-4,695.372398215907,926.177728628589,1216.728,0.708018253058308,265.98534815807096
242,126.808,0.709671428930811,0.921943539368374,253.616,2021_kk_284,Kusko,2021,0.709182578287564,0.975088625626538,3.4195788161062e-4,695.372398215907,926.177728628589,1216.728,0.708018253058308,265.98534815807096
243,127.332,0.708796495652655,0.930122917436557,254.664,2021_kk_284,Kusko,2021,0.709204389297115,0.974651713785823,-4.3691184071492e-4,695.372398215907,926.177728628589,1216.728,0.708018253058308,265.98534815807096
244,127.856,0.708354902022659,0.932548642625091,255.712,2021_kk_284,Kusko,2021,0.70923862237112,0.974595079900156,-5.66338856671234e-5,695.372398215907,926.177728628589,1216.728,0.708018253058308,265.98534815807096
245,128.38,0.707565485119018,0.923564745390606,256.76,2021_kk_284,Kusko,2021,0.709237352984939,0.97505379755987,4.5871765971328e-4,695.372398215907,926.177728628589,1216.728,0.708018253058308,265.98534815807096
246,128.904,0.708028340582776,0.914933246732062,257.808,2021_kk_284,Kusko,2021,0.70927133216776,0.97548995619623,4.3615863636092e-4,695.372398215907,926.177728628589,1216.728,0.708018253058308,265.98534815807096
247,129.428,0.708616678800631,0.937901524405607,258.856,2021_kk_284,Kusko,2021,0.709267954078738,0.976484745079477,9.9478888324622e-4,695.372398215907,926.177728628589,1216.728,0.708018253058308,265.98534815807096
248,129.952,0.709676963043499,0.942662332376062,259.904,2021_kk_284,Kusko,2021,0.709252947944224,0.977160886800333,6.7614172085583e-4,695.372398215907,926.177728628589,1216.728,0.708018253058308,265.98534815807096
249,130.476,0.70745722603997,0.931653809167482,260.952,2021_kk_284,Kusko,2021,0.709269310551082,0.978355666866044,0.00119478006571117,695.372398215907,926.177728628589,1216.728,0.708018253058308,265.98534815807096
250,131,0.709074816054682,0.947340997141762,262,2021_kk_284,Kusko,2021,0.709245143423106,0.980463788805843,0.00210812193979915,695.372398215907,926.177728628589,1216.728,0.708018253058308,265.98534815807096
251,131.524,0.710104678125509,0.944294453466019,263.048,2021_kk_284,Kusko,2021,0.709254168660072,0.982868102394425,0.00240431358858173,695.372398215907,926.177728628589,1216.728,0.708018253058308,265.98534815807096
252,132.048,0.708292248477751,0.906317320689162,264.096,2021_kk_284,Kusko,2021,0.709231956525675,0.984949312981975,0.0020812105875504,695.372398215907,926.177728628589,1216.728,0.708018253058308,265.98534815807096
253,132.572,0.70844501628268,0.88652999745753,265.144,2021_kk_284,Kusko,2021,0.709231971393693,0.987781041800451,0.00283172881847649,695.372398215907,926.177728628589,1216.728,0.708018253058308,265.98534815807096
254,133.096,0.709660544097108,0.925233042563005,266.192,2021_kk_284,Kusko,2021,0.709242432923599,0.990314590698495,0.00253354889804336,695.372398215907,926.177728628589,1216.728,0.708018253058308,265.98534815807096
255,133.62,0.710079978160403,0.893386200759265,267.24,2021_kk_284,Kusko,2021,0.709266779502193,0.993301079776015,0.00298648907751997,695.372398215907,926.177728628589,1216.728,0.708018253058308,265.98534815807096
256,134.144,0.708536713795832,0.904947872024608,268.288,2021_kk_284,Kusko,2021,0.70926694491559,0.996784356380452,0.0034832766044377,695.372398215907,926.177728628589,1216.728,0.708018253058308,265.98534815807096
257,134.668,0.70826201583633,0.913773974433141,269.336,2021_kk_284,Kusko,2021,0.709258070907665,1.00017535483832,0.00339099845786894,695.372398215907,926.177728628589,1216.728,0.708018253058308,265.98534815807096
258,135.192,0.71020034113145,0.941754152592235,270.384,2021_kk_284,Kusko,2021,0.709245962837723,1.00276833311764,0.00259297827932259,695.372398215907,926.177728628589,1216.728,0.708018253058308,265.98534815807096
259,135.716,0.710098165645895,1.00861817589116,271.432,2021_kk_284,Kusko,2021,0.709215733030914,1.00608186386758,0.00331353074993768,695.372398215907,926.177728628589,1216.728,0.708018253058308,265.98534815807096
260,136.24,0.70863634284662,0.981414316970042,272.48,2021_kk_284,Kusko,2021,0.709184861706314,1.00892649846425,0.00284463459666773,695.372398215907,926.177728628589,1216.728,0.708018253058308,265.98534815807096
261,136.764,0.709118619889542,1.01450848834996,273.528,2021_kk_284,Kusko,2021,0.709177517644549,1.01200277916444,0.0030762807001905,695.372398215907,926.177728628589,1216.728,0.708018253058308,265.98534815807096
262,137.288,0.708659346056092,1.02334018579077,274.576,2021_kk_284,Kusko,2021,0.709177177174867,1.01453157323168,0.00252879406724316,695.372398215907,926.177728628589,1216.728,0.708018253058308,265.98534815807096
263,137.812,0.710354809695513,1.01368593248332,275.624,2021_kk_284,Kusko,2021,0.709164008560911,1.01638877703405,0.00185720380236765,695.372398215907,926.177728628589,1216.728,0.708018253058308,265.98534815807096
264,138.336,0.708459881966371,1.03448585607783,276.672,2021_kk_284,Kusko,2021,0.709150271568597,1.0179307700491,0.00154199301504865,695.372398215907,926.177728628589,1216.728,0.708018253058308,265.98534815807096
265,138.86,0.70874237370811,1.07390107842549,277.72,2021_kk_284,Kusko,2021,0.709138512294698,1.01931753264619,0.00138676259709292,695.372398215907,926.177728628589,1216.728,0.708018253058308,265.98534815807096
266,139.384,0.708435918033773,1.08438846657531,278.768,2021_kk_284,Kusko,2021,0.709127199635575,1.02200785302653,0.00269032038033568,695.372398215907,926.177728628589,1216.728,0.708018253058308,265.98534815807096
267,139.908,0.710651676494215,1.05434076594141,279.816,2021_kk_284,Kusko,2021,0.709136886474989,1.02430139823362,0.00229354520709069,695.372398215907,926.177728628589,1216.728,0.708018253058308,265.98534815807096
268,140.432,0.709573733460092,1.04277024941389,280.864,2021_kk_284,Kusko,2021,0.709128797351889,1.02575212406726,0.0014507258336458,695.372398215907,926.177728628589,1216.728,0.708018253058308,265.98534815807096
269,140.956,0.708612230811966,1.02204145152644,281.912,2021_kk_284,Kusko,2021,0.709089679328411,1.02812368966688,0.00237156559961127,695.372398215907,926.177728628589,1216.728,0.708018253058308,265.98534815807096
270,141.48,0.709385416490904,1.03664142674162,282.96,2021_kk_284,Kusko,2021,0.709088438899741,1.02970316840806,0.00157947874118425,695.372398215907,926.177728628589,1216.728,0.708018253058308,265.98534815807096
271,142.004,0.709501667962201,1.00276790741789,284.008,2021_kk_284,Kusko,2021,0.709094689546969,1.03226507447543,0.00256190606737405,695.372398215907,926.177728628589,1216.728,0.708018253058308,265.98534815807096
272,142.528,0.709194437371678,0.982134076526773,285.056,2021_kk_284,Kusko,2021,0.709072084004731,1.03496293672523,0.00269786224979529,695.372398215907,926.177728628589,1216.728,0.708018253058308,265.98534815807096
273,143.052,0.70981063104485,0.956989387680185,286.104,2021_kk_284,Kusko,2021,0.709079946430634,1.03726752365618,0.00230458693094793,695.372398215907,926.177728628589,1216.728,0.708018253058308,265.98534815807096
274,143.576,0.709942440111884,0.970963683669453,287.152,2021_kk_284,Kusko,2021,0.709089325364358,1.04029584422573,0.00302832056955049,695.372398215907,926.177728628589,1216.728,0.708018253058308,265.98534815807096
275,144.1,0.709748465032841,1.01575517111291,288.2,2021_kk_284,Kusko,2021,0.70912035532709,1.04321369811094,0.00291785388521548,695.372398215907,926.177728628589,1216.728,0.708018253058308,265.98534815807096
276,144.624,0.710687449845302,1.00625032496197,289.248,2021_kk_284,Kusko,2021,0.709129641208471,1.04650488528291,0.00329118717196253,695.372398215907,926.177728628589,1216.728,0.708018253058308,265.98534815807096
277,145.148,0.708770002538114,1.03297172254536,290.296,2021_kk_284,Kusko,2021,0.709146483993537,1.05059069095221,0.00408580566929939,695.372398215907,926.177728628589,1216.728,0.708018253058308,265.98534815807096
278,145.672,0.709194738376752,1.04608255965318,291.344,2021_kk_284,Kusko,2021,0.709135693519895,1.05384256502495,0.00325187407274297,695.372398215907,926.177728628589,1216.728,0.708018253058308,265.98534815807096
279,146.196,0.71050476081157,1.06244330408611,292.392,2021_kk_284,Kusko,2021,0.709164973177796,1.0572399080691,0.00339734304415096,695.372398215907,926.177728628589,1216.728,0.708018253058308,265.98534815807096
280,146.72,0.707812202217932,1.09925306125817,293.44,2021_kk_284,Kusko,2021,0.709140547568958,1.06034211287035,0.00310220480124634,695.372398215907,926.177728628589,1216.728,0.708018253058308,265.98534815807096
281,147.244,0.708870185825175,1.12765242509482,294.488,2021_kk_284,Kusko,2021,0.709129898743712,1.06337387374156,0.00303176087121115,695.372398215907,926.177728628589,1216.728,0.708018253058308,265.98534815807096
282,147.768,0.708532652710924,1.12393796398559,295.536,2021_kk_284,Kusko,2021,0.709146365883043,1.06738960024865,0.00401572650709747,695.372398215907,926.177728628589,1216.728,0.708018253058308,265.98534815807096
283,148.292,0.709536906478496,1.16797246105576,296.584,2021_kk_284,Kusko,2021,0.709149669294882,1.0717091970568,0.0043195968081442,695.372398215907,926.177728628589,1216.728,0.708018253058308,265.98534815807096
284,148.816,0.708782394449188,1.15790810593521,297.632,2021_kk_284,Kusko,2021,0.709119535320934,1.07508919930514,0.00338000224834278,695.372398215907,926.177728628589,1216.728,0.708018253058308,265.98534815807096
285,149.34,0.709520281539746,1.17694488590316,298.68,2021_kk_284,Kusko,2021,0.70910231351829,1.07948679984094,0.00439760053580196,695.372398215907,926.177728628589,1216.728,0.708018253058308,265.98534815807096
286,149.864,0.70920326930758,1.20319449460321,299.728,2021_kk_284,Kusko,2021,0.709114947615283,1.0830464656084,0.00355966576745814,695.372398215907,926.177728628589,1216.728,0.708018253058308,265.98534815807096
287,150.388,0.709394006677887,1.21318869177638,300.776,2021_kk_284,Kusko,2021,0.709133995720968,1.08681747802588,0.00377101241748101,695.372398215907,926.177728628589,1216.728,0.708018253058308,265.98534815807096
288,150.912,0.709555330949911,1.18103614516047,301.824,2021_kk_284,Kusko,2021,0.709119356909058,1.0897534731144,0.00293599508851328,695.372398215907,926.177728628589,1216.728,0.708018253058308,265.98534815807096
289,151.436,0.708919031248416,1.21203515360809,302.872,2021_kk_284,Kusko,2021,0.709094440708163,1.09136803729903,0.00161456418463191,695.372398215907,926.177728628589,1216.728,0.708018253058308,265.98534815807096
290,151.96,0.707888807767404,1.16927261751525,303.92,2021_kk_284,Kusko,2021,0.709108142360139,1.0934443306883599,0.00207629338933235,695.372398215907,926.177728628589,1216.728,0.708018253058308,265.98534815807096
291,152.484,0.707870820563173,1.15794448211758,304.968,2021_kk_284,Kusko,2021,0.709094491990051,1.09453895176222,0.00109462107385982,695.372398215907,926.177728628589,1216.728,0.708018253058308,265.98534815807096
292,153.008,0.709115253143144,1.12904024622824,306.016,2021_kk_284,Kusko,2021,0.709093797753763,1.09580843344753,0.00126948168531404,695.372398215907,926.177728628589,1216.728,0.708018253058308,265.98534815807096
293,153.532,0.70881817907907,1.07754236664839,307.064,2021_kk_284,Kusko,2021,0.709057579646717,1.09701198406475,0.00120355061721766,695.372398215907,926.177728628589,1216.728,0.708018253058308,265.98534815807096
294,154.056,0.709130487370991,1.0618482418953,308.112,2021_kk_284,Kusko,2021,0.709069614387397,1.09777285701282,7.6087294806481e-4,695.372398215907,926.177728628589,1216.728,0.708018253058308,265.98534815807096
295,154.58,0.708557506951112,1.0526073357842,309.16,2021_kk_284,Kusko,2021,0.709078587860753,1.09764118360249,-1.3167341032471e-4,695.372398215907,926.177728628589,1216.728,0.708018253058308,265.98534815807096
296,155.104,0.708463889143091,1.09933435216034,310.208,2021_kk_284,Kusko,2021,0.709098445852162,1.09755269471201,-8.84888904852943e-5,695.372398215907,926.177728628589,1216.728,0.708018253058308,265.98534815807096
297,155.628,0.709675897132327,1.09006798719308,311.256,2021_kk_284,Kusko,2021,0.709064602640367,1.09782373542056,2.7104070855332e-4,695.372398215907,926.177728628589,1216.728,0.708018253058308,265.98534815807096
298,156.152,0.708784582951587,1.04182179308238,312.304,2021_kk_284,Kusko,2021,0.709051487472251,1.09821847486855,3.9473944798618e-4,695.372398215907,926.177728628589,1216.728,0.708018253058308,265.98534815807096
299,156.676,0.709191853372564,1.09012744104975,313.352,2021_kk_284,Kusko,2021,0.709062007417187,1.0987796721238,5.6119725525083e-4,695.372398215907,926.177728628589,1216.728,0.708018253058308,265.98534815807096
300,157.2,0.709202907352916,1.05940735311804,314.4,2021_kk_284,Kusko,2021,0.709043730330567,1.0989874602444,2.0778812060262e-4,695.372398215907,926.177728628589,1216.728,0.708018253058308,265.98534815807096
301,157.724,0.709947946237481,1.07836356288304,315.448,2021_kk_284,Kusko,2021,0.709038215727958,1.09959391014849,6.0644990409009e-4,695.372398215907,926.177728628589,1216.728,0.708018253058308,265.98534815807096
302,158.248,0.708315096396523,1.08381527435609,316.496,2021_kk_284,Kusko,2021,0.709033524457643,1.10056891422843,9.7500407994233e-4,695.372398215907,926.177728628589,1216.728,0.708018253058308,265.98534815807096
303,158.772,0.709268241206864,1.06839813329343,317.544,2021_kk_284,Kusko,2021,0.709001039953463,1.10176644578838,0.00119753155994573,695.372398215907,926.177728628589,1216.728,0.708018253058308,265.98534815807096
304,159.296,0.708917638046058,1.11424787679813,318.592,2021_kk_284,Kusko,2021,0.708988685814324,1.10282958411258,0.00106313832420635,695.372398215907,926.177728628589,1216.728,0.708018253058308,265.98534815807096
305,159.82,0.709427282882935,1.09863597850353,319.64,2021_kk_284,Kusko,2021,0.708989876277249,1.10304242966465,2.1284555206735e-4,695.372398215907,926.177728628589,1216.728,0.708018253058308,265.98534815807096
306,160.344,0.708585493465665,1.11240447704982,320.688,2021_kk_284,Kusko,2021,0.708950964808528,1.10277999168504,-2.6243797961345e-4,695.372398215907,926.177728628589,1216.728,0.708018253058308,265.98534815807096
307,160.868,0.709627245904578,1.18304986456357,321.736,2021_kk_284,Kusko,2021,0.7089755329812,1.10195170018146,-8.2829150357732e-4,695.372398215907,926.177728628589,1216.728,0.708018253058308,265.98534815807096
308,161.392,0.709029534624969,1.13777477674064,322.784,2021_kk_284,Kusko,2021,0.708983930312533,1.10124330041396,-7.0839976750103e-4,695.372398215907,926.177728628589,1216.728,0.708018253058308,265.98534815807096
309,161.916,0.709214005514029,1.13549439181653,323.832,2021_kk_284,Kusko,2021,0.70893708083517,1.10073124371779,-5.1205669616716e-4,695.372398215907,926.177728628589,1216.728,0.708018253058308,265.98534815807096
310,162.44,0.707609279524408,1.13347328521654,324.88,2021_kk_284,Kusko,2021,0.708942434545695,1.09874843137885,-0.0019828123389467,695.372398215907,926.177728628589,1216.728,0.708018253058308,265.98534815807096
311,162.964,0.709465748610754,1.1262001057387,325.928,2021_kk_284,Kusko,2021,0.708963475316113,1.09591120561392,-0.00283722576492895,695.372398215907,926.177728628589,1216.728,0.708018253058308,265.98534815807096
312,163.488,0.709280276837613,1.14726091111502,326.976,2021_kk_284,Kusko,2021,0.708973753135605,1.09343656639151,-0.00247463922241109,695.372398215907,926.177728628589,1216.728,0.708018253058308,265.98534815807096
313,164.012,0.708643220993048,1.14570580594618,328.024,2021_kk_284,Kusko,2021,0.70896392682546,1.08987149366674,-0.00356507272476181,695.372398215907,926.177728628589,1216.728,0.708018253058308,265.98534815807096
314,164.536,0.707852505660201,1.12803317746357,329.072,2021_kk_284,Kusko,2021,0.708962650241025,1.08664543104452,-0.00322606262222691,695.372398215907,926.177728628589,1216.728,0.708018253058308,265.98534815807096
315,165.06,0.709046670001808,1.15724223290738,330.12,2021_kk_284,Kusko,2021,0.708972748803002,1.08302539516034,-0.00362003588417736,695.372398215907,926.177728628589,1216.728,0.708018253058308,265.98534815807096
316,165.584,0.7092947596154,1.1185278180721001,331.168,2021_kk_284,Kusko,2021,0.708974433743041,1.07870525794262,-0.00432013721771907,695.372398215907,926.177728628589,1216.728,0.708018253058308,265.98534815807096
317,166.108,0.709404902177388,1.140034719482,332.216,2021_kk_284,Kusko,2021,0.708963118022993,1.07390092300386,-0.00480433493876209,695.372398215907,926.177728628589,1216.728,0.708018253058308,265.98534815807096
318,166.632,0.709322012416886,1.11791385790303,333.264,2021_kk_284,Kusko,2021,0.708949630429261,1.06976254480068,-0.00413837820317875,695.372398215907,926.177728628589,1216.728,0.708018253058308,265.98534815807096
319,167.156,0.70860319359217006,1.10549202696907,334.312,2021_kk_284,Kusko,2021,0.708981987055781,1.06506036650466,-0.0047021782960186,695.372398215907,926.177728628589,1216.728,0.708018253058308,265.98534815807096
320,167.68,0.709458441965208,1.10599192032997,335.36,2021_kk_284,Kusko,2021,0.709001846605531,1.06055942432378,-0.00450094218088015,695.372398215907,926.177728628589,1216.728,0.708018253058308,265.98534815807096
321,168.204,0.708299597684262,1.08018575278154,336.408,2021_kk_284,Kusko,2021,0.709002170193537,1.056430999441,-0.0041284248827802,695.372398215907,926.177728628589,1216.728,0.708018253058308,265.98534815807096
322,168.728,0.708617691878766,1.09950908690962,337.456,2021_kk_284,Kusko,2021,0.70901141686818,1.05242617917905,-0.00400482026194982,695.372398215907,926.177728628589,1216.728,0.708018253058308,265.98534815807096
323,169.252,0.708181723272782,1.08589896951638,338.504,2021_kk_284,Kusko,2021,0.70902660151027,1.04947578308892,-0.0029503960901287,695.372398215907,926.177728628589,1216.728,0.708018253058308,265.98534815807096
324,169.776,0.709181966407156,1.08013823296171,339.552,2021_kk_284,Kusko,2021,0.709022540605746,1.04641112300746,-0.00306466008145723,695.372398215907,926.177728628589,1216.728,0.708018253058308,265.98534815807096
325,170.3,0.709280782109483,1.06600067380602,340.6,2021_kk_284,Kusko,2021,0.70900802406648,1.04372129286861,-0.00268983013885671,695.372398215907,926.177728628589,1216.728,0.708018253058308,265.98534815807096
326,170.824,0.709627397518327,1.07907913314618,341.648,2021_kk_284,Kusko,2021,0.709009423981683,1.04017497602852,-0.00354631684008866,695.372398215907,926.177728628589,1216.728,0.708018253058308,265.98534815807096
327,171.348,0.708621083786486,1.07060320845461,342.696,2021_kk_284,Kusko,2021,0.709009313954736,1.03641773840561,-0.00375723762291358,695.372398215907,926.177728628589,1216.728,0.708018253058308,265.98534815807096
328,171.872,0.708786823373175,1.06645461629306,343.744,2021_kk_284,Kusko,2021,0.70900494795185,1.03364795467091,-0.00276978373469428,695.372398215907,926.177728628589,1216.728,0.708018253058308,265.98534815807096
329,172.396,0.709243427508104,1.05571328684148,344.792,2021_kk_284,Kusko,2021,0.709012848552218,1.03014415741113,-0.00350379725977712,695.372398215907,926.177728628589,1216.728,0.708018253058308,265.98534815807096
330,172.92,0.708288791293703,1.04910871397779,345.84,2021_kk_284,Kusko,2021,0.708987401225014,1.02699280372141,-0.00315135368971942,695.372398215907,926.177728628589,1216.728,0.708018253058308,265.98534815807096
331,173.444,0.709170791805662,1.0391549016633,346.888,2021_kk_284,Kusko,2021,0.70898639871709,1.02356613929838,-0.0034266644230363,695.372398215907,926.177728628589,1216.728,0.708018253058308,265.98534815807096
332,173.968,0.708912961152797,1.0406343213233,347.936,2021_kk_284,Kusko,2021,0.708990431172627,1.01984304890377,-0.00372309039460927,695.372398215907,926.177728628589,1216.728,0.708018253058308,265.98534815807096
333,174.492,0.707861560794038,1.02884128127693,348.984,2021_kk_284,Kusko,2021,0.70898695655574,1.01626905611805,-0.0035739927857199,695.372398215907,926.177728628589,1216.728,0.708018253058308,265.98534815807096
334,175.016,0.709201191763534,1.03475198312184,350.032,2021_kk_284,Kusko,2021,0.708990183022998,1.01180726938857,-0.00446178672948205,695.372398215907,926.177728628589,1216.728,0.708018253058308,265.98534815807096
335,175.54,0.709819892808327,1.02852590423695,351.08,2021_kk_284,Kusko,2021,0.708982153588602,1.00737049433806,-0.00443677505050877,695.372398215907,926.177728628589,1216.728,0.708018253058308,265.98534815807096
336,176.064,0.708352761722075,0.990504046185173,352.128,2021_kk_284,Kusko,2021,0.70897619020772,1.00282870438371,-0.00454178995434629,695.372398215907,926.177728628589,1216.728,0.708018253058308,265.98534815807096
337,176.588,0.710244092898408,0.983274232330713,353.176,2021_kk_284,Kusko,2021,0.708965084833456,0.996802793345345,-0.0060259110383668,695.372398215907,926.177728628589,1216.728,0.708018253058308,265.98534815807096
338,177.112,0.709698578256749,1.00357857360312,354.224,2021_kk_284,Kusko,2021,0.70894756627027,0.991423886644221,-0.00537890670112429,695.372398215907,926.177728628589,1216.728,0.708018253058308,265.98534815807096
339,177.636,0.707693792169768,1.03171990231607,355.272,2021_kk_284,Kusko,2021,0.70896818493352,0.986067535870094,-0.00535635077412733,695.372398215907,926.177728628589,1216.728,0.708018253058308,265.98534815807096
340,178.16,0.708133424849438,0.980284320921379,356.32,2021_kk_284,Kusko,2021,0.708994683373661,0.980520045357762,-0.00554749051233161,695.372398215907,926.177728628589,1216.728,0.708018253058308,265.98534815807096
341,178.684,0.710132632050249,0.957418879199076,357.368,2021_kk_284,Kusko,2021,0.708972765858893,0.975005610974792,-0.00551443438296961,695.372398215907,926.177728628589,1216.728,0.708018253058308,265.98534815807096
342,179.208,0.709149321880445,0.975459610640928,358.416,2021_kk_284,Kusko,2021,0.70894387793789,0.96953239189803,-0.00547321907676279,695.372398215907,926.177728628589,1216.728,0.708018253058308,265.98534815807096
343,179.732,0.708947327869819,0.954068097570066,359.464,2021_kk_284,Kusko,2021,0.70894566154683,0.963425380390963,-0.00610701150706616,695.372398215907,926.177728628589,1216.728,0.708018253058308,265.98534815807096
344,180.256,0.708705799383063,0.964344348601585,360.512,2021_kk_284,Kusko,2021,0.708988828418234,0.957788728475838,-0.00563665191512586,695.372398215907,926.177728628589,1216.728,0.708018253058308,265.98534815807096
345,180.78,0.710126195258376,0.959742732852525,361.56,2021_kk_284,Kusko,2021,0.708977596451639,0.95159169278228,-0.00619703569355801,695.372398215907,926.177728628589,1216.728,0.708018253058308,265.98534815807096
346,181.304,0.709304365709937,0.943986261540064,362.608,2021_kk_284,Kusko,2021,0.708974348247872,0.946075052073187,-0.00551664070909264,695.372398215907,926.177728628589,1216.728,0.708018253058308,265.98534815807096
347,181.828,0.708715063474981,0.924928595450656,363.656,2021_kk_284,Kusko,2021,0.708972203694208,0.94012792414564,-0.00594712792754737,695.372398215907,926.177728628589,1216.728,0.708018253058308,265.98534815807096
348,182.352,0.708746075325995,0.932733452969743,364.704,2021_kk_284,Kusko,2021,0.708954325313284,0.934545279963485,-0.00558264418215482,695.372398215907,926.177728628589,1216.728,0.708018253058308,265.98534815807096
349,182.876,0.710860428839641,0.929904455846968,365.752,2021_kk_284,Kusko,2021,0.708974605533871,0.929350663488318,-0.00519461647516706,695.372398215907,926.177728628589,1216.728,0.708018253058308,265.98534815807096
350,183.4,0.709080380752398,0.899216086662448,366.8,2021_kk_284,Kusko,2021,0.708965993895959,0.924224480093403,-0.00512618339491433,695.372398215907,926.177728628589,1216.728,0.708018253058308,265.98534815807096
351,183.924,0.70789023584352,0.910238989150766,367.848,2021_kk_284,Kusko,2021,0.708985010780625,0.919497421742434,-0.00472705835096987,695.372398215907,926.177728628589,1216.728,0.708018253058308,265.98534815807096
352,184.448,0.70967005362173,0.88875103051125,368.896,2021_kk_284,Kusko,2021,0.708979371959573,0.914402233451611,-0.00509518829082212,695.372398215907,926.177728628589,1216.728,0.708018253058308,265.98534815807096
353,184.972,0.709729257604479,0.900518601240666,369.944,2021_kk_284,Kusko,2021,0.709004347059473,0.909465577204346,-0.00493665624726514,695.372398215907,926.177728628589,1216.728,0.708018253058308,265.98534815807096
354,185.496,0.708886833099495,0.87796863700787,370.992,2021_kk_284,Kusko,2021,0.70902032937326,0.904716652094034,-0.00474892511031211,695.372398215907,926.177728628589,1216.728,0.708018253058308,265.98534815807096
355,186.02,0.707686514595155,0.891217527452794,372.04,2021_kk_284,Kusko,2021,0.709019251009871,0.89995965899306,-0.00475699310097388,695.372398215907,926.177728628589,1216.728,0.708018253058308,265.98534815807096
356,186.544,0.708547884055291,0.886555341755016,373.088,2021_kk_284,Kusko,2021,0.709001727506457,0.895128112636558,-0.00483154635650229,695.372398215907,926.177728628589,1216.728,0.708018253058308,265.98534815807096
357,187.068,0.709669295515516,0.864633729818255,374.136,2021_kk_284,Kusko,2021,0.70899858979641,0.890454252735319,-0.00467385990123947,695.372398215907,926.177728628589,1216.728,0.708018253058308,265.98534815807096
358,187.592,0.708522622778434,0.87563476900073,375.184,2021_kk_284,Kusko,2021,0.708983016706859,0.885681485918958,-0.0047727668163603,695.372398215907,926.177728628589,1216.728,0.708018253058308,265.98534815807096
359,188.116,0.709665889394609,0.87989960546313,376.232,2021_kk_284,Kusko,2021,0.708984298876885,0.881027242012392,-0.00465424390656621,695.372398215907,926.177728628589,1216.728,0.708018253058308,265.98534815807096
360,188.64,0.70767606772068,0.870326131734866,377.28,2021_kk_284,Kusko,2021,0.708988334465487,0.876536593836196,-0.00449064817619627,695.372398215907,926.177728628589,1216.728,0.708018253058308,265.98534815807096
361,189.164,0.709887795762058,0.87276369750086,378.328,2021_kk_284,Kusko,2021,0.708967414551471,0.87209550818698,-0.00444108564921586,695.372398215907,926.177728628589,1216.728,0.708018253058308,265.98534815807096
362,189.688,0.708557043728735,0.860429850679542,379.376,2021_kk_284,Kusko,2021,0.708970322822704,0.86757986295411,-0.00451564523287018,695.372398215907,926.177728628589,1216.728,0.708018253058308,265.98534815807096
363,190.212,0.709059764193644,0.853958566150239,380.424,2021_kk_284,Kusko,2021,0.708985772892278,0.863137779489478,-0.00444208346463126,695.372398215907,926.177728628589,1216.728,0.708018253058308,265.98534815807096
364,190.736,0.709111226081538,0.846540673029208,381.472,2021_kk_284,Kusko,2021,0.709012461171483,0.858551804578776,-0.00458597491070256,695.372398215907,926.177728628589,1216.728,0.708018253058308,265.98534815807096
365,191.26,0.708945516819199,0.832429475472998,382.52,2021_kk_284,Kusko,2021,0.70899888721339,0.853780887335712,-0.00477091724306344,695.372398215907,926.177728628589,1216.728,0.708018253058308,265.98534815807096
366,191.784,0.708227690612708,0.839897079789041,383.568,2021_kk_284,Kusko,2021,0.709020197064738,0.849307939142613,-0.00447294819309896,695.372398215907,926.177728628589,1216.728,0.708018253058308,265.98534815807096
367,192.308,0.708960923448739,0.82149520226155,384.616,2021_kk_284,Kusko,2021,0.709016773357842,0.845151837693702,-0.00415610144891165,695.372398215907,926.177728628589,1216.728,0.708018253058308,265.98534815807096
368,192.832,0.707978420833825,0.815040374673191,385.664,2021_kk_284,Kusko,2021,0.70901096997487,0.84075151395381,-0.0044003237398923,695.372398215907,926.177728628589,1216.728,0.708018253058308,265.98534815807096
369,193.356,0.710451125309005,0.814113345368895,386.712,2021_kk_284,Kusko,2021,0.709015293375599,0.835673272662834,-0.00507824129097534,695.372398215907,926.177728628589,1216.728,0.708018253058308,265.98534815807096
370,193.88,0.709199185932873,0.800623854476645,387.76,2021_kk_284,Kusko,2021,0.709006274479288,0.831396215789234,-0.00427705687360003,695.372398215907,926.177728628589,1216.728,0.708018253058308,265.98534815807096
371,194.404,0.708150697724678,0.795334042760521,388.808,2021_kk_284,Kusko,2021,0.708952975562108,0.827203539565867,-0.00419267622336683,695.372398215907,926.177728628589,1216.728,0.708018253058308,265.98534815807096
372,194.928,0.707547001577443,0.818867766509247,389.856,2021_kk_284,Kusko,2021,0.708946603115759,0.822722643902163,-0.00448089566370435,695.372398215907,926.177728628589,1216.728,0.708018253058308,265.98534815807096
373,195.452,0.708750237529424,0.779285115522206,390.904,2021_kk_284,Kusko,2021,0.708952352856013,0.818462875835109,-0.00425976806705441,695.372398215907,926.177728628589,1216.728,0.708018253058308,265.98534815807096
374,195.976,0.710442517944474,0.789834062556027,391.952,2021_kk_284,Kusko,2021,0.708961990506241,0.814336158587952,-0.00412671724715663,695.372398215907,926.177728628589,1216.728,0.708018253058308,265.98534815807096
375,196.5,0.708372752006125,0.785420091293892,393,2021_kk_284,Kusko,2021,0.708918461064199,0.81008705139124,-0.00424910719671157,695.372398215907,926.177728628589,1216.728,0.708018253058308,265.98534815807096
376,197.024,0.709099867389338,0.787529375526543,394.048,2021_kk_284,Kusko,2021,0.708888323378819,0.806246483629746,-0.00384056776149477,695.372398215907,926.177728628589,1216.728,0.708018253058308,265.98534815807096
377,197.548,0.709276228957562,0.783207043829156,395.096,2021_kk_284,Kusko,2021,0.708875504808873,0.802151676344907,-0.00409480728483858,695.372398215907,926.177728628589,1216.728,0.708018253058308,265.98534815807096
378,198.072,0.708249309561425,0.782955206973737,396.144,2021_kk_284,Kusko,2021,0.708887774649653,0.797875337966214,-0.0042763383786929,695.372398215907,926.177728628589,1216.728,0.708018253058308,265.98534815807096
379,198.596,0.709820006827399,0.793815038459048,397.192,2021_kk_284,Kusko,2021,0.708847703153038,0.793698611980033,-0.00417672598618091,695.372398215907,926.177728628589,1216.728,0.708018253058308,265.98534815807096
380,199.12,0.708941743690495,0.798420916635116,398.24,2021_kk_284,Kusko,2021,0.708816206899275,0.789923913848488,-0.00377469813154485,695.372398215907,926.177728628589,1216.728,0.708018253058308,265.98534815807096
381,199.644,0.709440610764246,0.796562251723357,399.288,2021_kk_284,Kusko,2021,0.708822333004553,0.786097285687695,-0.00382662816079382,695.372398215907,926.177728628589,1216.728,0.708018253058308,265.98534815807096
382,200.168,0.708279362615627,0.79379778946029,400.336,2021_kk_284,Kusko,2021,0.708807654722291,0.78223232955817,-0.00386495612952453,695.372398215907,926.177728628589,1216.728,0.708018253058308,265.98534815807096
383,200.692,0.709680229266811,0.789699594680479,401.384,2021_kk_284,Kusko,2021,0.708791161858685,0.777849393346784,-0.00438293621138619,695.372398215907,926.177728628589,1216.728,0.708018253058308,265.98534815807096
384,201.216,0.710140905234342,0.795202726342986,402.432,2021_kk_284,Kusko,2021,0.708778684233257,0.773844178620799,-0.00400521472598492,695.372398215907,926.177728628589,1216.728,0.708018253058308,265.98534815807096
385,201.74,0.709216080306161,0.780581087747585,403.48,2021_kk_284,Kusko,2021,0.708766483235519,0.769674969178876,-0.00416920944192312,695.372398215907,926.177728628589,1216.728,0.708018253058308,265.98534815807096
386,202.264,0.70857598731347,0.789186351756043,404.528,2021_kk_284,Kusko,2021,0.708770061902202,0.765551913181644,-0.00412305599723184,695.372398215907,926.177728628589,1216.728,0.708018253058308,265.98534815807096
387,202.788,0.708432821183688,0.790171614380238,405.576,2021_kk_284,Kusko,2021,0.708763932198385,0.761788636719625,-0.00376327646201935,695.372398215907,926.177728628589,1216.728,0.708018253058308,265.98534815807096
388,203.312,0.70785243800011,0.780088607311439,406.624,2021_kk_284,Kusko,2021,0.708773163973113,0.757540377672372,-0.00424825904725246,695.372398215907,926.177728628589,1216.728,0.708018253058308,265.98534815807096
389,203.836,0.709320357709667,0.776458652447503,407.672,2021_kk_284,Kusko,2021,0.708756960980043,0.753218313107394,-0.00432206456497775,695.372398215907,926.177728628589,1216.728,0.708018253058308,265.98534815807096
390,204.36,0.708530926609834,0.779669823406013,408.72,2021_kk_284,Kusko,2021,0.708804083298742,0.74905093767696,-0.00416737543043488,695.372398215907,926.177728628589,1216.728,0.708018253058308,265.98534815807096
391,204.884,0.707915596964705,0.772689762710347,409.768,2021_kk_284,Kusko,2021,0.708775002488714,0.744810491756897,-0.00424044592006234,695.372398215907,926.177728628589,1216.728,0.708018253058308,265.98534815807096
392,205.408,0.709087457426759,0.769695607351094,410.816,2021_kk_284,Kusko,2021,0.708770507911894,0.740919987856975,-0.00389050389992218,695.372398215907,926.177728628589,1216.728,0.708018253058308,265.98534815807096
393,205.932,0.708788564968473,0.762316273399053,411.864,2021_kk_284,Kusko,2021,0.70878877369734306,0.736851867234291,-0.00406812062268425,695.372398215907,926.177728628589,1216.728,0.708018253058308,265.98534815807096
394,206.456,0.710802488515844,0.759593488479685,412.912,2021_kk_284,Kusko,2021,0.708752958008039,0.732813403674171,-0.0040384635601195,695.372398215907,926.177728628589,1216.728,0.708018253058308,265.98534815807096
395,206.98,0.709005455322751,0.742270869653146,413.96,2021_kk_284,Kusko,2021,0.708753578520034,0.728823691240273,-0.00398971243389779,695.372398215907,926.177728628589,1216.728,0.708018253058308,265.98534815807096
396,207.504,0.709631352802946,0.722127154599238,415.008,2021_kk_284,Kusko,2021,0.708778138300916,0.7250835021491,-0.00374018909117291,695.372398215907,926.177728628589,1216.728,0.708018253058308,265.98534815807096
397,208.028,0.710038670484646,0.733908145396011,416.056,2021_kk_284,Kusko,2021,0.708815274177803,0.721422416217633,-0.00366108593146786,695.372398215907,926.177728628589,1216.728,0.708018253058308,265.98534815807096
398,208.552,0.709350375278442,0.739559149209585,417.104,2021_kk_284,Kusko,2021,0.708846151681699,0.71782164453532,-0.00360077168231288,695.372398215907,926.177728628589,1216.728,0.708018253058308,265.98534815807096
399,209.076,0.707953196213499,0.727025424857558,418.152,2021_kk_284,Kusko,2021,0.708836376504568,0.714035907576096,-0.00378573695922346,695.372398215907,926.177728628589,1216.728,0.708018253058308,265.98534815807096
400,209.6,0.707592291070751,0.723660908505381,419.2,2021_kk_284,Kusko,2021,0.708839205377641,0.710569588192289,-0.00346631938380693,695.372398215907,926.177728628589,1216.728,0.708018253058308,265.98534815807096
401,210.124,0.706934697019498,0.705858305797065,420.248,2021_kk_284,Kusko,2021,0.708846731943144,0.706969093605095,-0.00360049458719447,695.372398215907,926.177728628589,1216.728,0.708018253058308,265.98534815807096
402,210.648,0.708766975099482,0.706605870818667,421.296,2021_kk_284,Kusko,2021,0.708883867416402,0.703001064701695,-0.00396802890339998,695.372398215907,926.177728628589,1216.728,0.708018253058308,265.98534815807096
403,211.172,0.709292312285075,0.698482013546804,422.344,2021_kk_284,Kusko,2021,0.70885603088626,0.699998496142516,-0.00300256855917935,695.372398215907,926.177728628589,1216.728,0.708018253058308,265.98534815807096
404,211.696,0.709284058396747,0.71674131377218,423.392,2021_kk_284,Kusko,2021,0.708837692845868,0.696238696831785,-0.00375979931073089,695.372398215907,926.177728628589,1216.728,0.708018253058308,265.98534815807096
405,212.22,0.707514428735845,0.704796301049833,424.44,2021_kk_284,Kusko,2021,0.708874263841687,0.692707783338444,-0.00353091349334089,695.372398215907,926.177728628589,1216.728,0.708018253058308,265.98534815807096
406,212.744,0.707496104587126,0.713552195850382,425.488,2021_kk_284,Kusko,2021,0.708872357939499,0.689013768582328,-0.00369401475611586,695.372398215907,926.177728628589,1216.728,0.708018253058308,265.98534815807096
407,213.268,0.707945949278198,0.679240158360343,426.536,2021_kk_284,Kusko,2021,0.708873686093763,0.685738672103778,-0.00327509647855007,695.372398215907,926.177728628589,1216.728,0.708018253058308,265.98534815807096
408,213.792,0.709482265772804,0.676153150248172,427.584,2021_kk_284,Kusko,2021,0.708852163713672,0.682154684293148,-0.00358398781062974,695.372398215907,926.177728628589,1216.728,0.708018253058308,265.98534815807096
409,214.316,0.708456139042733,0.679300896676114,428.632,2021_kk_284,Kusko,2021,0.708843063321357,0.678251980658436,-0.0039027036347119,695.372398215907,926.177728628589,1216.728,0.708018253058308,265.98534815807096
410,214.84,0.707190605526614,0.672734198769761,429.68,2021_kk_284,Kusko,2021,0.70884048612019,0.674123066528554,-0.00412891412988237,695.372398215907,926.177728628589,1216.728,0.708018253058308,265.98534815807096
411,215.364,0.70825780216023,0.680641299503142,430.728,2021_kk_284,Kusko,2021,0.708815224779061,0.669837098241751,-0.00428596828680328,695.372398215907,926.177728628589,1216.728,0.708018253058308,265.98534815807096
412,215.888,0.708789356686038,0.656853662739776,431.776,2021_kk_284,Kusko,2021,0.708797987875334,0.665620351799193,-0.00421674644255732,695.372398215907,926.177728628589,1216.728,0.708018253058308,265.98534815807096
413,216.412,0.70873968578806,0.637542428557488,432.824,2021_kk_284,Kusko,2021,0.708756020729444,0.661534977452128,-0.00408537434706546,695.372398215907,926.177728628589,1216.728,0.708018253058308,265.98534815807096
414,216.936,0.708138175573825,0.63765575344878,433.872,2021_kk_284,Kusko,2021,0.708753900729837,0.65714625722131,-0.00438872023081815,695.372398215907,926.177728628589,1216.728,0.708018253058308,265.98534815807096
415,217.46,0.706954454730887,0.641064960937404,434.92,2021_kk_284,Kusko,2021,0.708743657774821,0.653281618341737,-0.003864638879573,695.372398215907,926.177728628589,1216.728,0.708018253058308,265.98534815807096
416,217.984,0.708762604056288,0.639171981921105,435.968,2021_kk_284,Kusko,2021,0.708736995098661,0.649057665444807,-0.00422395289692967,695.372398215907,926.177728628589,1216.728,0.708018253058308,265.98534815807096
417,218.508,0.709301513286512,0.638837142097103,437.016,2021_kk_284,Kusko,2021,0.708748896826509,0.644746848014286,-0.00431081743052097,695.372398215907,926.177728628589,1216.728,0.708018253058308,265.98534815807096
418,219.032,0.709076529262059,0.620739226165578,438.064,2021_kk_284,Kusko,2021,0.708739005929728,0.640586046265193,-0.00416080174909272,695.372398215907,926.177728628589,1216.728,0.708018253058308,265.98534815807096
419,219.556,0.708693709810411,0.620575731564467,439.112,2021_kk_284,Kusko,2021,0.708691729309107,0.636307646346886,-0.00427839991830758,695.372398215907,926.177728628589,1216.728,0.708018253058308,265.98534815807096
420,220.08,0.710503406842644,0.620283605908774,440.16,2021_kk_284,Kusko,2021,0.708680361878802,0.631816932160679,-0.00449071418620695,695.372398215907,926.177728628589,1216.728,0.708018253058308,265.98534815807096
421,220.604,0.708142947160404,0.618336942297112,441.208,2021_kk_284,Kusko,2021,0.708688099650366,0.627544656329241,-0.00427227583143808,695.372398215907,926.177728628589,1216.728,0.708018253058308,265.98534815807096
422,221.128,0.70828736911951,0.626999616684216,442.256,2021_kk_284,Kusko,2021,0.708704681356622,0.623235086350575,-0.00430956997866572,695.372398215907,926.177728628589,1216.728,0.708018253058308,265.98534815807096
423,221.652,0.710155711320577,0.609871328789182,443.304,2021_kk_284,Kusko,2021,0.708694462553264,0.619072188269492,-0.00416289808108272,695.372398215907,926.177728628589,1216.728,0.708018253058308,265.98534815807096
424,222.176,0.706962284723326,0.604232859422036,444.352,2021_kk_284,Kusko,2021,0.708666252951009,0.615267921849911,-0.00380426641958143,695.372398215907,926.177728628589,1216.728,0.708018253058308,265.98534815807096
425,222.7,0.708982747538846,0.593046729439133,445.4,2021_kk_284,Kusko,2021,0.708666530327148,0.611566286329438,-0.00370163552047242,695.372398215907,926.177728628589,1216.728,0.708018253058308,265.98534815807096
426,223.224,0.70970127746562806,0.615485734318668,446.448,2021_kk_284,Kusko,2021,0.708670737202018,0.608401835050875,-0.0031644512785638,695.372398215907,926.177728628589,1216.728,0.708018253058308,265.98534815807096
427,223.748,0.711189076061987,0.601830046373481,447.496,2021_kk_284,Kusko,2021,0.708690915543869,0.604825116491155,-0.00357671855971986,695.372398215907,926.177728628589,1216.728,0.708018253058308,265.98534815807096
428,224.272,0.709831071067603,0.598994073734417,448.544,2021_kk_284,Kusko,2021,0.708680267015094,0.601237942859319,-0.00358717363183569,695.372398215907,926.177728628589,1216.728,0.708018253058308,265.98534815807096
429,224.796,0.709864614681112,0.586969127815488,449.592,2021_kk_284,Kusko,2021,0.708681900100403,0.59756827008452,-0.00366967277479902,695.372398215907,926.177728628589,1216.728,0.708018253058308,265.98534815807096
430,225.32,0.70936891831726,0.592644691448236,450.64,2021_kk_284,Kusko,2021,0.70872750980845,0.593898085631592,-0.0036701844529281,695.372398215907,926.177728628589,1216.728,0.708018253058308,265.98534815807096
431,225.844,0.708602291654843,0.579304367528855,451.688,2021_kk_284,Kusko,2021,0.708731141393046,0.590716385780665,-0.00318169985092731,695.372398215907,926.177728628589,1216.728,0.708018253058308,265.98534815807096
432,226.368,0.709775129972969,0.580786032305248,452.736,2021_kk_284,Kusko,2021,0.708753216721667,0.587558887821042,-0.00315749795962217,695.372398215907,926.177728628589,1216.728,0.708018253058308,265.98534815807096
433,226.892,0.707080045720884,0.599131001971444,453.784,2021_kk_284,Kusko,2021,0.708727695649705,0.584245509284961,-0.00331337853608138,695.372398215907,926.177728628589,1216.728,0.708018253058308,265.98534815807096
434,227.416,0.709342235520964,0.564246103912174,454.832,2021_kk_284,Kusko,2021,0.708702374480182,0.580593602969799,-0.0036519063151621,695.372398215907,926.177728628589,1216.728,0.708018253058308,265.98534815807096
435,227.94,0.710567011755267,0.573565281693442,455.88,2021_kk_284,Kusko,2021,0.708729293733514,0.577010588161378,-0.00358301480842105,695.372398215907,926.177728628589,1216.728,0.708018253058308,265.98534815807096
436,228.464,0.708985513258016,0.56588849015959,456.928,2021_kk_284,Kusko,2021,0.708722928571421,0.573476937104548,-0.00353365105683034,695.372398215907,926.177728628589,1216.728,0.708018253058308,265.98534815807096
437,228.988,0.709355918213436,0.586701255116151,457.976,2021_kk_284,Kusko,2021,0.70872131336132,0.57042687009737,-0.00305006700717769,695.372398215907,926.177728628589,1216.728,0.708018253058308,265.98534815807096
438,229.512,0.706957966755945,0.567915938335946,459.024,2021_kk_284,Kusko,2021,0.708704622163305,0.567191356148818,-0.00323551394855182,695.372398215907,926.177728628589,1216.728,0.708018253058308,265.98534815807096
439,230.036,0.70927398328851,0.559652820376336,460.072,2021_kk_284,Kusko,2021,0.708731569079208,0.564153122515718,-0.00303823363309996,695.372398215907,926.177728628589,1216.728,0.708018253058308,265.98534815807096
440,230.56,0.708787111620438,0.550686068842174,461.12,2021_kk_284,Kusko,2021,0.708739308581427,0.561009269628322,-0.00314385288739627,695.372398215907,926.177728628589,1216.728,0.708018253058308,265.98534815807096
441,231.084,0.707924930296539,0.539404154515162,462.168,2021_kk_284,Kusko,2021,0.708717375200911,0.557904697313602,-0.00310457231471994,695.372398215907,926.177728628589,1216.728,0.708018253058308,265.98534815807096
442,231.608,0.707245148391977,0.54079300290685,463.216,2021_kk_284,Kusko,2021,0.70869251778831,0.555082632969802,-0.00282206434380028,695.372398215907,926.177728628589,1216.728,0.708018253058308,265.98534815807096
443,232.132,0.707162200513428,0.544577133856552,464.264,2021_kk_284,Kusko,2021,0.708694619045011,0.552560210004932,-0.00252242296487004,695.372398215907,926.177728628589,1216.728,0.708018253058308,265.98534815807096
444,232.656,0.710013705257957,0.531879512493892,465.312,2021_kk_284,Kusko,2021,0.708670893501091,0.55046717604538,-0.00209303395955196,695.372398215907,926.177728628589,1216.728,0.708018253058308,265.98534815807096
445,233.18,0.708601503005188,0.548702754973208,466.36,2021_kk_284,Kusko,2021,0.708695365486942,0.54813246257965,-0.00233471346572933,695.372398215907,926.177728628589,1216.728,0.708018253058308,265.98534815807096
446,233.704,0.708176226743873,0.535749177940258,467.408,2021_kk_284,Kusko,2021,0.708704416142904,0.545543753094802,-0.00258870948484824,695.372398215907,926.177728628589,1216.728,0.708018253058308,265.98534815807096
447,234.228,0.709146924854549,0.531522568548979,468.456,2021_kk_284,Kusko,2021,0.708696111481137,0.542715235669314,-0.00282851742548806,695.372398215907,926.177728628589,1216.728,0.708018253058308,265.98534815807096
448,234.752,0.707258984193254,0.530440502365875,469.504,2021_kk_284,Kusko,2021,0.708687116802174,0.540331462255264,-0.00238377341405049,695.372398215907,926.177728628589,1216.728,0.708018253058308,265.98534815807096
449,235.276,0.706483760472382,0.519754657349047,470.552,2021_kk_284,Kusko,2021,0.708673976406062,0.538132108616753,-0.00219935363851098,695.372398215907,926.177728628589,1216.728,0.708018253058308,265.98534815807096
450,235.8,0.707848880791572,0.510226972233598,471.6,2021_kk_284,Kusko,2021,0.708655678976782,0.535872941863186,-0.00225916675356619,695.372398215907,926.177728628589,1216.728,0.708018253058308,265.98534815807096
451,236.324,0.708379863258546,0.516353212824059,472.648,2021_kk_284,Kusko,2021,0.708692597036273,0.533743604813032,-0.00212933705015472,695.372398215907,926.177728628589,1216.728,0.708018253058308,265.98534815807096
452,236.848,0.71008235980213,0.511121408631146,473.696,2021_kk_284,Kusko,2021,0.708675230761101,0.531486552092053,-0.00225705272097909,695.372398215907,926.177728628589,1216.728,0.708018253058308,265.98534815807096
453,237.372,0.708175436766962,0.512542388534093,474.744,2021_kk_284,Kusko,2021,0.708650110161394,0.52961958651125,-0.00186696558080257,695.372398215907,926.177728628589,1216.728,0.708018253058308,265.98534815807096
454,237.896,0.709109912380532,0.531337503304794,475.792,2021_kk_284,Kusko,2021,0.708646438391208,0.527771833048686,-0.00184775346256427,695.372398215907,926.177728628589,1216.728,0.708018253058308,265.98534815807096
455,238.42,0.70902209789112,0.520172738424806,476.84,2021_kk_284,Kusko,2021,0.708670641737571,0.526463103166332,-0.00130872988235398,695.372398215907,926.177728628589,1216.728,0.708018253058308,265.98534815807096
456,238.944,0.709883765295138,0.532260077885407,477.888,2021_kk_284,Kusko,2021,0.708620209474255,0.524413234418557,-0.00204986874777491,695.372398215907,926.177728628589,1216.728,0.708018253058308,265.98534815807096
457,239.468,0.711249370995709,0.51930503181282,478.936,2021_kk_284,Kusko,2021,0.708596163951836,0.522633234284326,-0.0017800001342313,695.372398215907,926.177728628589,1216.728,0.708018253058308,265.98534815807096
458,239.992,0.708711463551965,0.524328731299444,479.984,2021_kk_284,Kusko,2021,0.708592537395443,0.520831617689885,-0.00180161659444056,695.372398215907,926.177728628589,1216.728,0.708018253058308,265.98534815807096
459,240.516,0.708051181331991,0.50684505836961,481.032,2021_kk_284,Kusko,2021,0.708563052994048,0.5194065627964,-0.00142505489348466,695.372398215907,926.177728628589,1216.728,0.708018253058308,265.98534815807096
460,241.04,0.710328873553564,0.503449841329696,482.08,2021_kk_284,Kusko,2021,0.708566204636187,0.517789421593392,-0.00161714120300793,695.372398215907,926.177728628589,1216.728,0.708018253058308,265.98534815807096
461,241.564,0.707152592095262,0.514956314741425,483.128,2021_kk_284,Kusko,2021,0.708542606011131,0.51626483076044,-0.00152459083295187,695.372398215907,926.177728628589,1216.728,0.708018253058308,265.98534815807096
462,242.088,0.710091494816741,0.517155993241337,484.176,2021_kk_284,Kusko,2021,0.708517575879973,0.51481301178049,-0.00145181897995039,695.372398215907,926.177728628589,1216.728,0.708018253058308,265.98534815807096
463,242.612,0.707761047967351,0.499679301381922,485.224,2021_kk_284,Kusko,2021,0.708552465176406,0.513198955012072,-0.00161405676841764,695.372398215907,926.177728628589,1216.728,0.708018253058308,265.98534815807096
464,243.136,0.7077647882254,0.497626934862455,486.272,2021_kk_284,Kusko,2021,0.70852587336663,0.512106417833148,-0.00109253717892432,695.372398215907,926.177728628589,1216.728,0.708018253058308,265.98534815807096
465,243.66,0.709129583935786,0.489815412544569,487.32,2021_kk_284,Kusko,2021,0.708495578605603,0.510649868167748,-0.00145654966539976,695.372398215907,926.177728628589,1216.728,0.708018253058308,265.98534815807096
466,244.184,0.707114194861514,0.501533132440564,488.368,2021_kk_284,Kusko,2021,0.708476094610969,0.509345453327919,-0.00130441483982935,695.372398215907,926.177728628589,1216.728,0.708018253058308,265.98534815807096
467,244.708,0.707849036672146,0.496236137929686,489.416,2021_kk_284,Kusko,2021,0.708432242385616,0.507653362148517,-0.00169209117940239,695.372398215907,926.177728628589,1216.728,0.708018253058308,265.98534815807096
468,245.232,0.708480793891902,0.482022313335061,490.464,2021_kk_284,Kusko,2021,0.708486236121513,0.506365482281816,-0.00128787986670054,695.372398215907,926.177728628589,1216.728,0.708018253058308,265.98534815807096
469,245.756,0.71007295399691,0.497006878690115,491.512,2021_kk_284,Kusko,2021,0.708493573111323,0.505399736368346,-9.6574591346987e-4,695.372398215907,926.177728628589,1216.728,0.708018253058308,265.98534815807096
470,246.28,0.707654975659778,0.484103025525981,492.56,2021_kk_284,Kusko,2021,0.708486442689534,0.504266480263818,-0.00113325610452797,695.372398215907,926.177728628589,1216.728,0.708018253058308,265.98534815807096
471,246.804,0.706941799329262,0.494366960619948,493.608,2021_kk_284,Kusko,2021,0.708493535694439,0.503451764664058,-8.1471559976054e-4,695.372398215907,926.177728628589,1216.728,0.708018253058308,265.98534815807096
472,247.328,0.70729791192993,0.48752980211176,494.656,2021_kk_284,Kusko,2021,0.70853428402627,0.502546615551415,-9.0514911264316e-4,695.372398215907,926.177728628589,1216.728,0.708018253058308,265.98534815807096
473,247.852,0.708865761190156,0.486197050665282,495.704,2021_kk_284,Kusko,2021,0.708546831059767,0.501508002106065,-0.00103861344534995,695.372398215907,926.177728628589,1216.728,0.708018253058308,265.98534815807096
474,248.376,0.706714642938634,0.512073715875662,496.752,2021_kk_284,Kusko,2021,0.708493771988469,0.500589747381577,-9.1825472448792e-4,695.372398215907,926.177728628589,1216.728,0.708018253058308,265.98534815807096
475,248.9,0.708422773881966,0.500982152993651,497.8,2021_kk_284,Kusko,2021,0.70854783132574,0.499553825106725,-0.00103592227485205,695.372398215907,926.177728628589,1216.728,0.708018253058308,265.98534815807096
476,249.424,0.70930564341396,0.483849412830205,498.848,2021_kk_284,Kusko,2021,0.708537788584199,0.498605285759589,-9.4853934713584e-4,695.372398215907,926.177728628589,1216.728,0.708018253058308,265.98534815807096
477,249.948,0.708803233580499,0.469126096567816,499.896,2021_kk_284,Kusko,2021,0.708536506835644,0.497673303534084,-9.3198222550489e-4,695.372398215907,926.177728628589,1216.728,0.708018253058308,265.98534815807096
478,250.472,0.708536848524293,0.47771282132255,500.944,2021_kk_284,Kusko,2021,0.708565499457025,0.496644701856055,-0.00102860167802904,695.372398215907,926.177728628589,1216.728,0.708018253058308,265.98534815807096
479,250.996,0.707905286043717,0.488614513253807,501.992,2021_kk_284,Kusko,2021,0.70859127752051,0.495804323769546,-8.403780865091e-4,695.372398215907,926.177728628589,1216.728,0.708018253058308,265.98534815807096
480,251.52,0.709405561085818,0.484733600694802,503.04,2021_kk_284,Kusko,2021,0.708587462475301,0.495159574010507,-6.4474975903833e-4,695.372398215907,926.177728628589,1216.728,0.708018253058308,265.98534815807096
481,252.044,0.710358030729859,0.490576719287827,504.088,2021_kk_284,Kusko,2021,0.708592663008096,0.494313971490841,-8.4560251966669e-4,695.372398215907,926.177728628589,1216.728,0.708018253058308,265.98534815807096
482,252.568,0.707245392609217,0.491576453425468,505.136,2021_kk_284,Kusko,2021,0.708555542164094,0.493478384574149,-8.3558691669194e-4,695.372398215907,926.177728628589,1216.728,0.708018253058308,265.98534815807096
483,253.092,0.708648475338143,0.497853393941028,506.184,2021_kk_284,Kusko,2021,0.708632059059455,0.492605623631907,-8.7276094224131e-4,695.372398215907,926.177728628589,1216.728,0.708018253058308,265.98534815807096
484,253.616,0.706741978512186,0.493367651668175,507.232,2021_kk_284,Kusko,2021,0.708607738694694,0.491540762332288,-0.0010648612996198,695.372398215907,926.177728628589,1216.728,0.708018253058308,265.98534815807096
485,254.14,0.710434948320632,0.5145229364979,508.28,2021_kk_284,Kusko,2021,0.708584825339736,0.490656061669116,-8.8470066317175e-4,695.372398215907,926.177728628589,1216.728,0.708018253058308,265.98534815807096
486,254.664,0.70667534166664,0.492493609452173,509.328,2021_kk_284,Kusko,2021,0.708571549501414,0.489581922162552,-0.00107413950656343,695.372398215907,926.177728628589,1216.728,0.708018253058308,265.98534815807096
487,255.188,0.709746344716823,0.495030038319603,510.376,2021_kk_284,Kusko,2021,0.708510416427812,0.488717850619944,-8.6407154260892e-4,695.372398215907,926.177728628589,1216.728,0.708018253058308,265.98534815807096
488,255.712,0.709613477684018,0.490897078067986,511.424,2021_kk_284,Kusko,2021,0.708542477818429,0.487734483400678,-9.8336721926528e-4,695.372398215907,926.177728628589,1216.728,0.708018253058308,265.98534815807096
489,256.236,0.708095550597434,0.501465834206406,512.472,2021_kk_284,Kusko,2021,0.708581677393357,0.487214825061258,-5.1965833941991e-4,695.372398215907,926.177728628589,1216.728,0.708018253058308,265.98534815807096
490,256.76,0.709558016845616,0.495616219267761,513.52,2021_kk_284,Kusko,2021,0.708543780023233,0.48667223260506,-5.4259245619819e-4,695.372398215907,926.177728628589,1216.728,0.708018253058308,265.98534815807096
491,257.284,0.707186374151456,0.487828917551745,514.568,2021_kk_284,Kusko,2021,0.708554789087364,0.48610646707664,-5.6576552841985e-4,695.372398215907,926.177728628589,1216.728,0.708018253058308,265.98534815807096
492,257.808,0.708273322103525,0.493676893508227,515.616,2021_kk_284,Kusko,2021,0.708518941116316,0.485646826558543,-4.5964051809688e-4,695.372398215907,926.177728628589,1216.728,0.708018253058308,265.98534815807096
493,258.332,0.709173403506839,0.502287595866387,516.664,2021_kk_284,Kusko,2021,0.708570784377269,0.485222428762845,-4.2439779569802e-4,695.372398215907,926.177728628589,1216.728,0.708018253058308,265.98534815807096
494,258.856,0.707746726934421,0.498693873176716,517.712,2021_kk_284,Kusko,2021,0.708593761146631,0.484764869915642,-4.5755884720338e-4,695.372398215907,926.177728628589,1216.728,0.708018253058308,265.98534815807096
495,259.38,0.708749326093607,0.486172301769457,518.76,2021_kk_284,Kusko,2021,0.708543799889972,0.484423327923095,-3.4154199254748e-4,695.372398215907,926.177728628589,1216.728,0.708018253058308,265.98534815807096
496,259.904,0.707816473579976,0.487623599769826,519.808,2021_kk_284,Kusko,2021,0.708611114110115,0.483825701582934,-5.976263401603e-4,695.372398215907,926.177728628589,1216.728,0.708018253058308,265.98534815807096
497,260.428,0.706724784692261,0.48517578435201,520.856,2021_kk_284,Kusko,2021,0.708638994831919,0.483276750849953,-5.4895073298078e-4,695.372398215907,926.177728628589,1216.728,0.708018253058308,265.98534815807096
498,260.952,0.710197590909795,0.490643146333913,521.904,2021_kk_284,Kusko,2021,0.708634559152747,0.483062023765245,-2.1472708470798e-4,695.372398215907,926.177728628589,1216.728,0.708018253058308,265.98534815807096
499,261.476,0.70971420267709,0.501708065568147,522.952,2021_kk_284,Kusko,2021,0.708596445050567,0.482657158074791,-4.0486569045417e-4,695.372398215907,926.177728628589,1216.728,0.708018253058308,265.98534815807096
500,262,0.70835928631312,0.482690702570498,524,2021_kk_284,Kusko,2021,0.708613330122129,0.48236541776323,-2.9174031156126e-4,695.372398215907,926.177728628589,1216.728,0.708018253058308,265.98534815807096
501,262.524,0.708350510590807,0.490521218529527,525.048,2021_kk_284,Kusko,2021,0.708633753307309,0.481950320717745,-4.1509704548481e-4,695.372398215907,926.177728628589,1216.728,0.708018253058308,265.98534815807096
502,263.048,0.709690048301879,0.48648405614826,526.096,2021_kk_284,Kusko,2021,0.708641583087605,0.481880235337098,-7.00853806471224e-5,695.372398215907,926.177728628589,1216.728,0.708018253058308,265.98534815807096
503,263.572,0.707915022523193,0.482260327135552,527.144,2021_kk_284,Kusko,2021,0.708640729535751,0.481856433985529,-2.38013515693747e-5,695.372398215907,926.177728628589,1216.728,0.708018253058308,265.98534815807096
504,264.096,0.706830160980098,0.476784229024622,528.192,2021_kk_284,Kusko,2021,0.708667093325855,0.481529246351969,-3.2718763355932e-4,695.372398215907,926.177728628589,1216.728,0.708018253058308,265.98534815807096
505,264.62,0.711845063241474,0.486547418482082,529.24,2021_kk_284,Kusko,2021,0.7086402049473,0.481024839972901,-5.0440637906829e-4,695.372398215907,926.177728628589,1216.728,0.708018253058308,265.98534815807096
506,265.144,0.707573662251413,0.47883681711211,530.288,2021_kk_284,Kusko,2021,0.708685902157732,0.480746768531313,-2.7807144158781e-4,695.372398215907,926.177728628589,1216.728,0.708018253058308,265.98534815807096
507,265.668,0.709070019941222,0.475603635018685,531.336,2021_kk_284,Kusko,2021,0.708699097753043,0.480785212266055,3.84437347420996e-5,695.372398215907,926.177728628589,1216.728,0.708018253058308,265.98534815807096
508,266.192,0.708998541476153,0.468724401684132,532.384,2021_kk_284,Kusko,2021,0.708675404186859,0.48066505125954,-1.2016100651524e-4,695.372398215907,926.177728628589,1216.728,0.708018253058308,265.98534815807096
509,266.716,0.708030444281459,0.469331972158499,533.432,2021_kk_284,Kusko,2021,0.708654286071736,0.480510557283251,-1.544939762888e-4,695.372398215907,926.177728628589,1216.728,0.708018253058308,265.98534815807096
510,267.24,0.707619978079008,0.471541986691297,534.48,2021_kk_284,Kusko,2021,0.708627410483665,0.480371586744963,-1.3897053828787e-4,695.372398215907,926.177728628589,1216.728,0.708018253058308,265.98534815807096
511,267.764,0.708691895226261,0.465617061644059,535.528,2021_kk_284,Kusko,2021,0.708583620033305,0.479918271556907,-4.5331518805619e-4,695.372398215907,926.177728628589,1216.728,0.708018253058308,265.98534815807096
512,268.288,0.707855109162048,0.460986193629628,536.576,2021_kk_284,Kusko,2021,0.708616493396999,0.479530594246344,-3.8767731056343e-4,695.372398215907,926.177728628589,1216.728,0.708018253058308,265.98534815807096
513,268.812,0.712766450488578,0.460176731999616,537.624,2021_kk_284,Kusko,2021,0.708577004333515,0.478935247780118,-5.9534646622533e-4,695.372398215907,926.177728628589,1216.728,0.708018253058308,265.98534815807096
514,269.336,0.707650690494915,0.467445825327606,538.672,2021_kk_284,Kusko,2021,0.708629862770474,0.478478982599431,-4.5626518068753e-4,695.372398215907,926.177728628589,1216.728,0.708018253058308,265.98534815807096
515,269.86,0.707647296593639,0.4670906986345,539.72,2021_kk_284,Kusko,2021,0.708558453509396,0.477707561718358,-7.7142088107273e-4,695.372398215907,926.177728628589,1216.728,0.708018253058308,265.98534815807096
516,270.384,0.709087214995805,0.467811707491599,540.768,2021_kk_284,Kusko,2021,0.708568563857347,0.477383958626,-3.236030923579e-4,695.372398215907,926.177728628589,1216.728,0.708018253058308,265.98534815807096
517,270.908,0.707581386579569,0.467460739256287,541.816,2021_kk_284,Kusko,2021,0.70857978014524,0.476912925980738,-4.7103264526193e-4,695.372398215907,926.177728628589,1216.728,0.708018253058308,265.98534815807096
518,271.432,0.710635146988994,0.465326698143526,542.864,2021_kk_284,Kusko,2021,0.708572617943702,0.476426115544887,-4.8681043585147e-4,695.372398215907,926.177728628589,1216.728,0.708018253058308,265.98534815807096
519,271.956,0.71040315582767,0.475665558004417,543.912,2021_kk_284,Kusko,2021,0.708595392663778,0.475987044372747,-4.3907117213953e-4,695.372398215907,926.177728628589,1216.728,0.708018253058308,265.98534815807096
520,272.48,0.708055031346098,0.470894293957802,544.96,2021_kk_284,Kusko,2021,0.708605894433398,0.475535764194162,-4.5128017858542e-4,695.372398215907,926.177728628589,1216.728,0.708018253058308,265.98534815807096
521,273.004,0.707813135943166,0.481010383036235,546.008,2021_kk_284,Kusko,2021,0.708630816777621,0.475187736182907,-3.4802801125472e-4,695.372398215907,926.177728628589,1216.728,0.708018253058308,265.98534815807096
522,273.528,0.707940616553809,0.489577562155522,547.056,2021_kk_284,Kusko,2021,0.708613776839357,0.474848073592365,-3.3966259054213e-4,695.372398215907,926.177728628589,1216.728,0.708018253058308,265.98534815807096
523,274.052,0.710871643624527,0.474215433640042,548.104,2021_kk_284,Kusko,2021,0.70859684603804,0.474316769568154,-5.3130402421081e-4,695.372398215907,926.177728628589,1216.728,0.708018253058308,265.98534815807096
524,274.576,0.709143394387144,0.470173404030251,549.152,2021_kk_284,Kusko,2021,0.708601637264338,0.473944760756283,-3.7200881187088e-4,695.372398215907,926.177728628589,1216.728,0.708018253058308,265.98534815807096
525,275.1,0.706131908536261,0.469322892991721,550.2,2021_kk_284,Kusko,2021,0.708604216539322,0.473666431749525,-2.7832900675817e-4,695.372398215907,926.177728628589,1216.728,0.708018253058308,265.98534815807096
526,275.624,0.71115304807007,0.465675552030945,551.248,2021_kk_284,Kusko,2021,0.70860542995429,0.47321978578694,-4.466459625852e-4,695.372398215907,926.177728628589,1216.728,0.708018253058308,265.98534815807096
527,276.148,0.709521879980418,0.46329909395084,552.296,2021_kk_284,Kusko,2021,0.708625161461047,0.472890346769073,-3.2943901786747e-4,695.372398215907,926.177728628589,1216.728,0.708018253058308,265.98534815807096
528,276.672,0.708214653141568,0.469138688252585,553.344,2021_kk_284,Kusko,2021,0.708580081449289,0.47262353525545,-2.6681151362245e-4,695.372398215907,926.177728628589,1216.728,0.708018253058308,265.98534815807096
529,277.196,0.707786107866106,0.472714937262864,554.392,2021_kk_284,Kusko,2021,0.708572043679726,0.472036933778271,-5.8660147717953e-4,695.372398215907,926.177728628589,1216.728,0.708018253058308,265.98534815807096
530,277.72,0.708668079953518,0.466598606832304,555.44,2021_kk_284,Kusko,2021,0.708577383257819,0.471875998741241,-1.6093503702968e-4,695.372398215907,926.177728628589,1216.728,0.708018253058308,265.98534815807096
531,278.244,0.708167190440044,0.46946113789086,556.488,2021_kk_284,Kusko,2021,0.708560790554099,0.471476981235761,-3.9901750547954e-4,695.372398215907,926.177728628589,1216.728,0.708018253058308,265.98534815807096
532,278.768,0.707767698747673,0.483324679272934,557.536,2021_kk_284,Kusko,2021,0.708515691763489,0.471165829052695,-3.1115218306626e-4,695.372398215907,926.177728628589,1216.728,0.708018253058308,265.98534815807096
533,279.292,0.708814548078942,0.484768969571116,558.584,2021_kk_284,Kusko,2021,0.708515200400805,0.471025196625988,-1.4063242670719e-4,695.372398215907,926.177728628589,1216.728,0.708018253058308,265.98534815807096
534,279.816,0.708296470344852,0.492442457862106,559.632,2021_kk_284,Kusko,2021,0.708529877277499,0.470878667729886,-1.4652889610145e-4,695.372398215907,926.177728628589,1216.728,0.708018253058308,265.98534815807096
535,280.34,0.706809471168655,0.470717770249554,560.68,2021_kk_284,Kusko,2021,0.70842716160841,0.470664363124388,-2.1430460549848e-4,695.372398215907,926.177728628589,1216.728,0.708018253058308,265.98534815807096
536,280.864,0.712047476039912,0.467165126334936,561.728,2021_kk_284,Kusko,2021,0.708422067567003,0.470547138291508,-1.1722483288012e-4,695.372398215907,926.177728628589,1216.728,0.708018253058308,265.98534815807096
537,281.388,0.709594969299139,0.471432720652342,562.776,2021_kk_284,Kusko,2021,0.708424245503323,0.470475016181432,-7.21221100761227e-5,695.372398215907,926.177728628589,1216.728,0.708018253058308,265.98534815807096
538,281.912,0.707115234553287,0.470503160931637,563.824,2021_kk_284,Kusko,2021,0.708423008499912,0.470554881230255,7.98650488230135e-5,695.372398215907,926.177728628589,1216.728,0.708018253058308,265.98534815807096
539,282.436,0.706638199136317,0.479344874676475,564.872,2021_kk_284,Kusko,2021,0.708405262869908,0.470704191788833,1.4931055857819e-4,695.372398215907,926.177728628589,1216.728,0.708018253058308,265.98534815807096
540,282.96,0.707793025801577,0.476395368397531,565.92,2021_kk_284,Kusko,2021,0.708390518980625,0.470829675100453,1.2548331162043e-4,695.372398215907,926.177728628589,1216.728,0.708018253058308,265.98534815807096
541,283.484,0.707730603708237,0.463377808004455,566.968,2021_kk_284,Kusko,2021,0.708416215287195,0.470943623898132,1.1394879767895e-4,695.372398215907,926.177728628589,1216.728,0.708018253058308,265.98534815807096
542,284.008,0.709217794430853,0.468315814791662,568.016,2021_kk_284,Kusko,2021,0.708384913247714,0.470978747209494,3.51233113617955e-5,695.372398215907,926.177728628589,1216.728,0.708018253058308,265.98534815807096
543,284.532,0.706279131529122,0.462132605967512,569.064,2021_kk_284,Kusko,2021,0.708316274710786,0.470940051494092,-3.86957154024925e-5,695.372398215907,926.177728628589,1216.728,0.708018253058308,265.98534815807096
544,285.056,0.709913484729697,0.465991740826921,570.112,2021_kk_284,Kusko,2021,0.708305378830264,0.470987411349252,4.73598551608001e-5,695.372398215907,926.177728628589,1216.728,0.708018253058308,265.98534815807096
545,285.58,0.706150392655955,0.468237683633534,571.16,2021_kk_284,Kusko,2021,0.708278856786897,0.470926021229278,-6.13901199740252e-5,695.372398215907,926.177728628589,1216.728,0.708018253058308,265.98534815807096
546,286.104,0.707281962543707,0.473077423910701,572.208,2021_kk_284,Kusko,2021,0.708240548820429,0.471154128399645,2.2810717036636e-4,695.372398215907,926.177728628589,1216.728,0.708018253058308,265.98534815807096
547,286.628,0.710419321990434,0.466768079603887,573.256,2021_kk_284,Kusko,2021,0.70824614954853,0.471073607968035,-8.05204316101094e-5,695.372398215907,926.177728628589,1216.728,0.708018253058308,265.98534815807096
548,287.152,0.709183745591717,0.461688451916899,574.304,2021_kk_284,Kusko,2021,0.708169192741218,0.471122202424152,4.85944561172125e-5,695.372398215907,926.177728628589,1216.728,0.708018253058308,265.98534815807096
549,287.676,0.709462033802017,0.475121563878034,575.352,2021_kk_284,Kusko,2021,0.70811625315644,0.47096643350601203,-1.5576891813956e-4,695.372398215907,926.177728628589,1216.728,0.708018253058308,265.98534815807096
550,288.2,0.710188123022794,0.468539408552633,576.4,2021_kk_284,Kusko,2021,0.708164020102423,0.470900014913492,-6.64185925203231e-5,695.372398215907,926.177728628589,1216.728,0.708018253058308,265.98534815807096
551,288.724,0.708681714804819,0.46694723687646,577.448,2021_kk_284,Kusko,2021,0.708153245204135,0.470588320784155,-3.116941293374e-4,695.372398215907,926.177728628589,1216.728,0.708018253058308,265.98534815807096
552,289.248,0.707250925807699,0.4732971380757,578.496,2021_kk_284,Kusko,2021,0.708139910055198,0.470209323894406,-3.789968897484e-4,695.372398215907,926.177728628589,1216.728,0.708018253058308,265.98534815807096
553,289.772,0.708157555427806,0.470409354413737,579.544,2021_kk_284,Kusko,2021,0.708102673081457,0.470082571901133,-1.2675199327283e-4,695.372398215907,926.177728628589,1216.728,0.708018253058308,265.98534815807096
554,290.296,0.708034200512335,0.476373344464464,580.592,2021_kk_284,Kusko,2021,0.708077804756013,0.470112779970724,3.02080695911977e-5,695.372398215907,926.177728628589,1216.728,0.708018253058308,265.98534815807096
555,290.82,0.708904082592601,0.469472561363964,581.64,2021_kk_284,Kusko,2021,0.708124836941078,0.470187492628353,7.47126576280954e-5,695.372398215907,926.177728628589,1216.728,0.708018253058308,265.98534815807096
556,291.344,0.707889278478067,0.460824842014718,582.688,2021_kk_284,Kusko,2021,0.708063006935475,0.470161465730788,-2.60268975645905e-5,695.372398215907,926.177728628589,1216.728,0.708018253058308,265.98534815807096
557,291.868,0.707908675097698,0.465409443279961,583.736,2021_kk_284,Kusko,2021,0.708083520336973,0.470315821070367,1.543553395793e-4,695.372398215907,926.177728628589,1216.728,0.708018253058308,265.98534815807096
558,292.392,0.707492790204317,0.474634455516566,584.784,2021_kk_284,Kusko,2021,0.708106144504472,0.470391740225626,7.59191552585636e-5,695.372398215907,926.177728628589,1216.728,0.708018253058308,265.98534815807096
559,292.916,0.709231936503289,0.466511976937375,585.832,2021_kk_284,Kusko,2021,0.708078839390905,0.470619177470195,2.2743724456908e-4,695.372398215907,926.177728628589,1216.728,0.708018253058308,265.98534815807096
560,293.44,0.708679660998705,0.47303460034872,586.88,2021_kk_284,Kusko,2021,0.708049653079564,0.470650665630245,3.14881600503303e-5,695.372398215907,926.177728628589,1216.728,0.708018253058308,265.98534815807096
561,293.964,0.707354948367598,0.466580168200753,587.928,2021_kk_284,Kusko,2021,0.708052099219228,0.470540467612224,-1.1019801802092e-4,695.372398215907,926.177728628589,1216.728,0.708018253058308,265.98534815807096
562,294.488,0.706984120865319,0.467814925164281,588.976,2021_kk_284,Kusko,2021,0.708038024323998,0.470510741683037,-2.97259291877627e-5,695.372398215907,926.177728628589,1216.728,0.708018253058308,265.98534815807096
563,295.012,0.707885540762132,0.473822381533122,590.024,2021_kk_284,Kusko,2021,0.707974803975738,0.470308184457383,-2.0255722565343e-4,695.372398215907,926.177728628589,1216.728,0.708018253058308,265.98534815807096
564,295.536,0.707710773581731,0.467992495258532,591.072,2021_kk_284,Kusko,2021,0.707964155958599,0.469739020328694,-0.00056916412868895005,695.372398215907,926.177728628589,1216.728,0.708018253058308,265.98534815807096
565,296.06,0.705682123096117,0.473689142152174,592.12,2021_kk_284,Kusko,2021,0.708004840785743,0.469574536928345,-1.6448340034885e-4,695.372398215907,926.177728628589,1216.728,0.708018253058308,265.98534815807096
566,296.584,0.707268019767025,0.471803327139303,593.168,2021_kk_284,Kusko,2021,0.707917157239455,0.469508485474395,-6.60514539504442e-5,695.372398215907,926.177728628589,1216.728,0.708018253058308,265.98534815807096
567,297.108,0.709200696120424,0.471276308414119,594.216,2021_kk_284,Kusko,2021,0.707909393628897,0.46940374616142,-1.0473931297461e-4,695.372398215907,926.177728628589,1216.728,0.708018253058308,265.98534815807096
568,297.632,0.708924321271471,0.473516304613511,595.264,2021_kk_284,Kusko,2021,0.707938857215121,0.469411843789999,8.09762857878482e-6,695.372398215907,926.177728628589,1216.728,0.708018253058308,265.98534815807096
569,298.156,0.706965706481228,0.478290605673191,596.312,2021_kk_284,Kusko,2021,0.707971284846089,0.469258560987278,-1.5328280272147e-4,695.372398215907,926.177728628589,1216.728,0.708018253058308,265.98534815807096
570,298.68,0.706735344722048,0.479070985388526,597.36,2021_kk_284,Kusko,2021,0.707987459750117,0.469228008352683,-3.05526345946716e-5,695.372398215907,926.177728628589,1216.728,0.708018253058308,265.98534815807096
571,299.204,0.710233673620441,0.472453989504794,598.408,2021_kk_284,Kusko,2021,0.707971935041633,0.469446010194493,2.1800184181008e-4,695.372398215907,926.177728628589,1216.728,0.708018253058308,265.98534815807096
572,299.728,0.705976986793202,0.463093592311338,599.456,2021_kk_284,Kusko,2021,0.707950425524049,0.469570032073847,1.2402187935406e-4,695.372398215907,926.177728628589,1216.728,0.708018253058308,265.98534815807096
573,300.252,0.708648138272892,0.457854989075466,600.504,2021_kk_284,Kusko,2021,0.707990359759304,0.469886653231401,3.1662115755365e-4,695.372398215907,926.177728628589,1216.728,0.708018253058308,265.98534815807096
574,300.776,0.706996937663574,0.470287416637254,601.552,2021_kk_284,Kusko,2021,0.707951252103786,0.470268595558916,3.819423275152e-4,695.372398215907,926.177728628589,1216.728,0.708018253058308,265.98534815807096
575,301.3,0.70605597399161,0.46340729143606,602.6,2021_kk_284,Kusko,2021,0.707964910515285,0.470540045002058,2.7144944314161e-4,695.372398215907,926.177728628589,1216.728,0.708018253058308,265.98534815807096
576,301.824,0.706788737007736,0.481498137713579,603.648,2021_kk_284,Kusko,2021,0.70797049628537,0.470823012342675,2.8296734061727e-4,695.372398215907,926.177728628589,1216.728,0.708018253058308,265.98534815807096
577,302.348,0.707917430265624,0.46262951335968,604.696,2021_kk_284,Kusko,2021,0.707926501280933,0.471249351666817,4.2633932414176e-4,695.372398215907,926.177728628589,1216.728,0.708018253058308,265.98534815807096
578,302.872,0.706017738550319,0.46824236551056,605.744,2021_kk_284,Kusko,2021,0.707955985710608,0.471744865432579,4.9551376576195e-4,695.372398215907,926.177728628589,1216.728,0.708018253058308,265.98534815807096
579,303.396,0.707226780740954,0.46631942291604,606.792,2021_kk_284,Kusko,2021,0.70790165599313,0.47208363641754,3.3877098496099e-4,695.372398215907,926.177728628589,1216.728,0.708018253058308,265.98534815807096
580,303.92,0.710921048105064,0.466909178406581,607.84,2021_kk_284,Kusko,2021,0.707869429464916,0.472480507794269,3.9687137672961e-4,695.372398215907,926.177728628589,1216.728,0.708018253058308,265.98534815807096
581,304.444,0.707166642045914,0.462308735275994,608.888,2021_kk_284,Kusko,2021,0.707838878702995,0.472940075712112,4.5956791784296e-4,695.372398215907,926.177728628589,1216.728,0.708018253058308,265.98534815807096
582,304.968,0.707140507617564,0.466837748770616,609.936,2021_kk_284,Kusko,2021,0.707834421387187,0.473225323337015,2.8524762490295e-4,695.372398215907,926.177728628589,1216.728,0.708018253058308,265.98534815807096
583,305.492,0.7086374252001,0.466610314043671,610.984,2021_kk_284,Kusko,2021,0.707824730193878,0.473601334787204,3.7601145018845e-4,695.372398215907,926.177728628589,1216.728,0.708018253058308,265.98534815807096
584,306.016,0.70765129486052,0.471985888205722,612.032,2021_kk_284,Kusko,2021,0.707792346935665,0.473778321042183,1.7698625497958e-4,695.372398215907,926.177728628589,1216.728,0.708018253058308,265.98534815807096
585,306.54,0.70895383964010406,0.473805652449409,613.08,2021_kk_284,Kusko,2021,0.707758776361572,0.474222520120374,4.4419907819126e-4,695.372398215907,926.177728628589,1216.728,0.708018253058308,265.98534815807096
586,307.064,0.707443247733921,0.464113938177069,614.128,2021_kk_284,Kusko,2021,0.707767719908734,0.474833931249635,6.1141112926071e-4,695.372398215907,926.177728628589,1216.728,0.708018253058308,265.98534815807096
587,307.588,0.71075268407028,0.472560414325597,615.176,2021_kk_284,Kusko,2021,0.70778494037374,0.475461253029608,6.273217799731e-4,695.372398215907,926.177728628589,1216.728,0.708018253058308,265.98534815807096
588,308.112,0.709572103191534,0.473693837568101,616.224,2021_kk_284,Kusko,2021,0.707796460843423,0.47602138219613,5.6012916652159e-4,695.372398215907,926.177728628589,1216.728,0.708018253058308,265.98534815807096
589,308.636,0.706147801052083,0.486361171937008,617.272,2021_kk_284,Kusko,2021,0.707758070961105,0.47690316952462,8.8178732849059e-4,695.372398215907,926.177728628589,1216.728,0.708018253058308,265.98534815807096
590,309.16,0.706916901273046,0.468487896435324,618.32,2021_kk_284,Kusko,2021,0.707743867447014,0.477463758977973,5.6058945335274e-4,695.372398215907,926.177728628589,1216.728,0.708018253058308,265.98534815807096
591,309.684,0.708313958819867,0.462849256809604,619.368,2021_kk_284,Kusko,2021,0.707732332843094,0.478306052844734,8.4229386676099e-4,695.372398215907,926.177728628589,1216.728,0.708018253058308,265.98534815807096
592,310.208,0.706923205033888,0.481541123521665,620.416,2021_kk_284,Kusko,2021,0.707774686726439,0.479146021249954,8.399684052196e-4,695.372398215907,926.177728628589,1216.728,0.708018253058308,265.98534815807096
593,310.732,0.705021327183344,0.472615536031912,621.464,2021_kk_284,Kusko,2021,0.707756763403566,0.479881052865271,7.3503161531773e-4,695.372398215907,926.177728628589,1216.728,0.708018253058308,265.98534815807096
594,311.256,0.707657589316527,0.458292610140769,622.512,2021_kk_284,Kusko,2021,0.707725406789786,0.480752124446602,8.7107158133026e-4,695.372398215907,926.177728628589,1216.728,0.708018253058308,265.98534815807096
595,311.78,0.709250560797261,0.460848766228623,623.56,2021_kk_284,Kusko,2021,0.707771099673867,0.481450105612293,6.9798116569092e-4,695.372398215907,926.177728628589,1216.728,0.708018253058308,265.98534815807096
596,312.304,0.706786463262677,0.463202039097908,624.608,2021_kk_284,Kusko,2021,0.707747188137901,0.482296185165421,8.4607955312865e-4,695.372398215907,926.177728628589,1216.728,0.708018253058308,265.98534815807096
597,312.828,0.709129152665619,0.465148361873867,625.656,2021_kk_284,Kusko,2021,0.707670400384187,0.483043848588677,7.4766342325599e-4,695.372398215907,926.177728628589,1216.728,0.708018253058308,265.98534815807096
598,313.352,0.708883049726741,0.470989018646364,626.704,2021_kk_284,Kusko,2021,0.707670160094911,0.48392045815007,8.7660956139307e-4,695.372398215907,926.177728628589,1216.728,0.708018253058308,265.98534815807096
599,313.876,0.708583856994388,0.470147906513183,627.752,2021_kk_284,Kusko,2021,0.707681115431799,0.484686239409555,7.6578125948451e-4,695.372398215907,926.177728628589,1216.728,0.708018253058308,265.98534815807096
600,314.4,0.708763520043264,0.47456221032185,628.8,2021_kk_284,Kusko,2021,0.70768003430497,0.485501541285928,8.1530187637307e-4,695.372398215907,926.177728628589,1216.728,0.708018253058308,265.98534815807096
601,314.924,0.706799121199182,0.476457918513061,629.848,2021_kk_284,Kusko,2021,0.707633507800218,0.486347261918866,8.4572063293841e-4,695.372398215907,926.177728628589,1216.728,0.708018253058308,265.98534815807096
602,315.448,0.707927223375818,0.475757127552907,630.896,2021_kk_284,Kusko,2021,0.707671908843195,0.487178667967026,8.314060481594e-4,695.372398215907,926.177728628589,1216.728,0.708018253058308,265.98534815807096
603,315.972,0.708675185644461,0.481129875420732,631.944,2021_kk_284,Kusko,2021,0.707650104440754,0.48799230048284,8.1363251581456e-4,695.372398215907,926.177728628589,1216.728,0.708018253058308,265.98534815807096
604,316.496,0.707567025398606,0.488908280477832,632.992,2021_kk_284,Kusko,2021,0.707679161297439,0.488731756097344,7.3945561450378e-4,695.372398215907,926.177728628589,1216.728,0.708018253058308,265.98534815807096
605,317.02,0.706969897345897,0.48452465022203,634.04,2021_kk_284,Kusko,2021,0.707755603915451,0.489562948151869,8.3119205452464e-4,695.372398215907,926.177728628589,1216.728,0.708018253058308,265.98534815807096
606,317.544,0.707617108748794,0.490055464347739,635.088,2021_kk_284,Kusko,2021,0.70778831862556,0.490275749220929,7.1280106906035e-4,695.372398215907,926.177728628589,1216.728,0.708018253058308,265.98534815807096
607,318.068,0.70777962172422,0.492348439052391,636.136,2021_kk_284,Kusko,2021,0.707815161314583,0.491139297692,8.6354847107078e-4,695.372398215907,926.177728628589,1216.728,0.708018253058308,265.98534815807096
608,318.592,0.710952811372231,0.491419277862618,637.184,2021_kk_284,Kusko,2021,0.707843530584367,0.491989281063822,8.499833718224e-4,695.372398215907,926.177728628589,1216.728,0.708018253058308,265.98534815807096
609,319.116,0.70620225075334,0.495447822975693,638.232,2021_kk_284,Kusko,2021,0.707839724751651,0.492627817329101,6.3853626527882e-4,695.372398215907,926.177728628589,1216.728,0.708018253058308,265.98534815807096
610,319.64,0.708254531329933,0.492351691156412,639.28,2021_kk_284,Kusko,2021,0.707810783327465,0.493240258231322,6.1244090222067e-4,695.372398215907,926.177728628589,1216.728,0.708018253058308,265.98534815807096
611,320.164,0.706848669089583,0.494521311947036,640.328,2021_kk_284,Kusko,2021,0.70783311222967,0.493926284807396,6.8602657607402e-4,695.372398215907,926.177728628589,1216.728,0.708018253058308,265.98534815807096
612,320.688,0.706983486859194,0.490411995569879,641.376,2021_kk_284,Kusko,2021,0.707852733358147,0.494709808276001,7.8352346860494e-4,695.372398215907,926.177728628589,1216.728,0.708018253058308,265.98534815807096
613,321.212,0.707576083829273,0.492970041425044,642.424,2021_kk_284,Kusko,2021,0.707806954401231,0.495465678646003,7.5587037000268e-4,695.372398215907,926.177728628589,1216.728,0.708018253058308,265.98534815807096
614,321.736,0.70609120501955,0.48699251976324,643.472,2021_kk_284,Kusko,2021,0.707797652695202,0.496114591683628,6.4891303762498e-4,695.372398215907,926.177728628589,1216.728,0.708018253058308,265.98534815807096
615,322.26,0.70688984814701,0.496124506055442,644.52,2021_kk_284,Kusko,2021,0.707772023434766,0.496750023123793,6.3543144016459e-4,695.372398215907,926.177728628589,1216.728,0.708018253058308,265.98534815807096
616,322.784,0.708425891307767,0.497509509770361,645.568,2021_kk_284,Kusko,2021,0.707768074180634,0.497594298781133,8.4427565734007e-4,695.372398215907,926.177728628589,1216.728,0.708018253058308,265.98534815807096
617,323.308,0.708941902998059,0.503048750078348,646.616,2021_kk_284,Kusko,2021,0.707692071738852,0.498327465420849,7.3316663971595e-4,695.372398215907,926.177728628589,1216.728,0.708018253058308,265.98534815807096
618,323.832,0.708184018385339,0.50824220550786,647.664,2021_kk_284,Kusko,2021,0.707627165414102,0.499103135740298,7.7567031944897e-4,695.372398215907,926.177728628589,1216.728,0.708018253058308,265.98534815807096
619,324.356,0.70692854356418,0.519419216646813,648.712,2021_kk_284,Kusko,2021,0.707678333762122,0.499648578718799,5.4544297850123e-4,695.372398215907,926.177728628589,1216.728,0.708018253058308,265.98534815807096
620,324.88,0.707827450153267,0.506669967549883,649.76,2021_kk_284,Kusko,2021,0.707688824097119,0.500481950402551,8.3337168375191e-4,695.372398215907,926.177728628589,1216.728,0.708018253058308,265.98534815807096
621,325.404,0.706662872132369,0.517117800206415,650.808,2021_kk_284,Kusko,2021,0.707714616248066,0.501501281012981,0.00101933061042991,695.372398215907,926.177728628589,1216.728,0.708018253058308,265.98534815807096
622,325.928,0.709525353866049,0.518213029477456,651.856,2021_kk_284,Kusko,2021,0.707732283128565,0.502106318428129,6.0503741514828e-4,695.372398215907,926.177728628589,1216.728,0.708018253058308,265.98534815807096
623,326.452,0.70681014138978,0.517924278452187,652.904,2021_kk_284,Kusko,2021,0.707779734480418,0.503097497629432,9.9117920130287e-4,695.372398215907,926.177728628589,1216.728,0.708018253058308,265.98534815807096
624,326.976,0.705829376754893,0.520256790138349,653.952,2021_kk_284,Kusko,2021,0.707773318700007,0.504605945612258,0.00150844798282557,695.372398215907,926.177728628589,1216.728,0.708018253058308,265.98534815807096
625,327.5,0.70842369614099,0.515568012093625,655,2021_kk_284,Kusko,2021,0.707740354327096,0.506004934113643,0.00139898850138553,695.372398215907,926.177728628589,1216.728,0.708018253058308,265.98534815807096
626,328.024,0.705833327609088,0.522568100327023,656.048,2021_kk_284,Kusko,2021,0.707753798004939,0.507237313832236,0.00123237971859258,695.372398215907,926.177728628589,1216.728,0.708018253058308,265.98534815807096
627,328.548,0.704593430897587,0.51613611380948,657.096,2021_kk_284,Kusko,2021,0.707738267428188,0.508629957583296,0.00139264375105974,695.372398215907,926.177728628589,1216.728,0.708018253058308,265.98534815807096
628,329.072,0.708909903914894,0.526112878297096,658.144,2021_kk_284,Kusko,2021,0.707728819241799,0.509921806264537,0.00129184868124177,695.372398215907,926.177728628589,1216.728,0.708018253058308,265.98534815807096
629,329.596,0.707623026694479,0.52423748124226,659.192,2021_kk_284,Kusko,2021,0.70775148791493,0.511299362461461,0.00137755619692337,695.372398215907,926.177728628589,1216.728,0.708018253058308,265.98534815807096
630,330.12,0.706670477112352,0.52798909797091,660.24,2021_kk_284,Kusko,2021,0.707743856312556,0.512685320959462,0.0013859584980016,695.372398215907,926.177728628589,1216.728,0.708018253058308,265.98534815807096
631,330.644,0.707442083335288,0.523197227481101,661.288,2021_kk_284,Kusko,2021,0.707769533712938,0.513978235370289,0.00129291441082668,695.372398215907,926.177728628589,1216.728,0.708018253058308,265.98534815807096
632,331.168,0.708281049371817,0.512977955200902,662.336,2021_kk_284,Kusko,2021,0.707775480419281,0.515195341027896,0.00121710565760647,695.372398215907,926.177728628589,1216.728,0.708018253058308,265.98534815807096
633,331.692,0.707339874126471,0.50667294002434,663.384,2021_kk_284,Kusko,2021,0.707771154594978,0.516320966244139,0.00112562521624304,695.372398215907,926.177728628589,1216.728,0.708018253058308,265.98534815807096
634,332.216,0.708740349064634,0.51465475350748,664.432,2021_kk_284,Kusko,2021,0.707779082645615,0.517507054694935,0.00118608845079626,695.372398215907,926.177728628589,1216.728,0.708018253058308,265.98534815807096
635,332.74,0.710642531072327,0.51327881470754,665.48,2021_kk_284,Kusko,2021,0.707778308612794,0.518826191557872,0.00131913686293694,695.372398215907,926.177728628589,1216.728,0.708018253058308,265.98534815807096
636,333.264,0.708751619614302,0.524266201857197,666.528,2021_kk_284,Kusko,2021,0.707841114191073,0.520008803181821,0.00118261162394884,695.372398215907,926.177728628589,1216.728,0.708018253058308,265.98534815807096
637,333.788,0.709527991607009,0.514442421623931,667.576,2021_kk_284,Kusko,2021,0.707832375003099,0.521154368444464,0.00114556526264353,695.372398215907,926.177728628589,1216.728,0.708018253058308,265.98534815807096
638,334.312,0.707719894737331,0.519241367819901,668.624,2021_kk_284,Kusko,2021,0.707798877702518,0.522181106442512,0.00102673799804742,695.372398215907,926.177728628589,1216.728,0.708018253058308,265.98534815807096
639,334.836,0.706998430777982,0.50463159883277,669.672,2021_kk_284,Kusko,2021,0.707806561352467,0.52317127538671,9.9016894419856e-4,695.372398215907,926.177728628589,1216.728,0.708018253058308,265.98534815807096
640,335.36,0.709184562653963,0.503655632539821,670.72,2021_kk_284,Kusko,2021,0.707827567365272,0.524169595455514,9.9832006880351e-4,695.372398215907,926.177728628589,1216.728,0.708018253058308,265.98534815807096
641,335.884,0.708506376178176,0.503470329840438,671.768,2021_kk_284,Kusko,2021,0.707854258488612,0.525054525556591,8.8493010107748e-4,695.372398215907,926.177728628589,1216.728,0.708018253058308,265.98534815807096
642,336.408,0.708317775326203,0.513849156886909,672.816,2021_kk_284,Kusko,2021,0.707864433247837,0.525917894713435,8.6336915684337e-4,695.372398215907,926.177728628589,1216.728,0.708018253058308,265.98534815807096
643,336.932,0.705890687785116,0.511962536243831,673.864,2021_kk_284,Kusko,2021,0.70788805584179,0.526757845383074,8.3995066963904e-4,695.372398215907,926.177728628589,1216.728,0.708018253058308,265.98534815807096
644,337.456,0.707093192498792,0.510920670463221,674.912,2021_kk_284,Kusko,2021,0.7079381027233,0.527526477758766,7.6863237569202e-4,695.372398215907,926.177728628589,1216.728,0.708018253058308,265.98534815807096
645,337.98,0.707416084013921,0.511931538859285,675.96,2021_kk_284,Kusko,2021,0.707918368620834,0.528103560001755,5.7708224298969e-4,695.372398215907,926.177728628589,1216.728,0.708018253058308,265.98534815807096
646,338.504,0.707206292486034,0.514770477617472,677.008,2021_kk_284,Kusko,2021,0.707914013618777,0.528633166211537,5.2960620978148e-4,695.372398215907,926.177728628589,1216.728,0.708018253058308,265.98534815807096
647,339.028,0.706192537563369,0.516550412708557,678.056,2021_kk_284,Kusko,2021,0.707878858785037,0.529162023179579,5.2885696804261e-4,695.372398215907,926.177728628589,1216.728,0.708018253058308,265.98534815807096
648,339.552,0.705677723706521,0.520234056735039,679.104,2021_kk_284,Kusko,2021,0.707894757887719,0.529442636887657,2.8061370807752e-4,695.372398215907,926.177728628589,1216.728,0.708018253058308,265.98534815807096
649,340.076,0.709217901933275,0.51908775064708,680.152,2021_kk_284,Kusko,2021,0.707905630953695,0.529690568436207,2.4793154855018e-4,695.372398215907,926.177728628589,1216.728,0.708018253058308,265.98534815807096
650,340.6,0.70754632137284,0.518490197460439,681.2,2021_kk_284,Kusko,2021,0.707921946010317,0.530100627608903,4.1005917269554e-4,695.372398215907,926.177728628589,1216.728,0.708018253058308,265.98534815807096
651,341.124,0.709861487876695,0.524009093435398,682.248,2021_kk_284,Kusko,2021,0.707907048461905,0.530303064078993,2.0243647009032e-4,695.372398215907,926.177728628589,1216.728,0.708018253058308,265.98534815807096
652,341.648,0.707983217863849,0.517843368430565,683.296,2021_kk_284,Kusko,2021,0.707863522656154,0.530531458981031,2.283949020384e-4,695.372398215907,926.177728628589,1216.728,0.708018253058308,265.98534815807096
653,342.172,0.707868408294496,0.532086288110081,684.344,2021_kk_284,Kusko,2021,0.707926396674921,0.530651762607518,1.2030362648651e-4,695.372398215907,926.177728628589,1216.728,0.708018253058308,265.98534815807096
654,342.696,0.707272642491886,0.548799489110303,685.392,2021_kk_284,Kusko,2021,0.707943034137201,0.530772427238489,1.2066463097137e-4,695.372398215907,926.177728628589,1216.728,0.708018253058308,265.98534815807096
655,343.22,0.70727269842258,0.544788076311751,686.44,2021_kk_284,Kusko,2021,0.707956656000784,0.531098651236275,3.2622399778559e-4,695.372398215907,926.177728628589,1216.728,0.708018253058308,265.98534815807096
656,343.744,0.707593083933258,0.537144822213461,687.488,2021_kk_284,Kusko,2021,0.70803411851366,0.531416470153276,3.1781891700111e-4,695.372398215907,926.177728628589,1216.728,0.708018253058308,265.98534815807096
657,344.268,0.708197318060569,0.548706986937451,688.536,2021_kk_284,Kusko,2021,0.708096036800065,0.531782337483697,3.6586733042054e-4,695.372398215907,926.177728628589,1216.728,0.708018253058308,265.98534815807096
658,344.792,0.708316158543429,0.548499939520869,689.584,2021_kk_284,Kusko,2021,0.708078083768914,0.532009939279109,2.2760179541281e-4,695.372398215907,926.177728628589,1216.728,0.708018253058308,265.98534815807096
659,345.316,0.709943977382203,0.552801278328589,690.632,2021_kk_284,Kusko,2021,0.70804662783793,0.532198234613453,1.882953343435e-4,695.372398215907,926.177728628589,1216.728,0.708018253058308,265.98534815807096
660,345.84,0.708305623900819,0.557719720201945,691.68,2021_kk_284,Kusko,2021,0.708076418373189,0.532285077610664,8.68429972112894e-5,695.372398215907,926.177728628589,1216.728,0.708018253058308,265.98534815807096
661,346.364,0.708339765222163,0.554032783162668,692.728,2021_kk_284,Kusko,2021,0.708054551616262,0.53251240802756294,2.2733041689881e-4,695.372398215907,926.177728628589,1216.728,0.708018253058308,265.98534815807096
662,346.888,0.708284025756357,0.548783467009294,693.776,2021_kk_284,Kusko,2021,0.708065761490973,0.532797412431035,2.8500440347212e-4,695.372398215907,926.177728628589,1216.728,0.708018253058308,265.98534815807096
663,347.412,0.708415636186294,0.548667388395312,694.824,2021_kk_284,Kusko,2021,0.708073924013735,0.533051039096979,2.5362666594419e-4,695.372398215907,926.177728628589,1216.728,0.708018253058308,265.98534815807096
664,347.936,0.708042708436841,0.560073587525614,695.872,2021_kk_284,Kusko,2021,0.708058146739908,0.533570727645151,5.1968854817185e-4,695.372398215907,926.177728628589,1216.728,0.708018253058308,265.98534815807096
665,348.46,0.706923455376611,0.563672861998242,696.92,2021_kk_284,Kusko,2021,0.707996132544136,0.534048283085535,4.7755544038385e-4,695.372398215907,926.177728628589,1216.728,0.708018253058308,265.98534815807096
666,348.984,0.711385443445521,0.561012161784667,697.968,2021_kk_284,Kusko,2021,0.708000134223,0.53409472182588,4.6438740344712e-5,695.372398215907,926.177728628589,1216.728,0.708018253058308,265.98534815807096
667,349.508,0.707255270445822,0.561082354811003,699.016,2021_kk_284,Kusko,2021,0.707943792735708,0.53437400351474,2.7928168885982e-4,695.372398215907,926.177728628589,1216.728,0.708018253058308,265.98534815807096
668,350.032,0.70894297333735,0.553023557745459,700.064,2021_kk_284,Kusko,2021,0.707949448269764,0.53444133163569,6.73281209506715e-5,695.372398215907,926.177728628589,1216.728,0.708018253058308,265.98534815807096
669,350.556,0.706663269750295,0.554857959627608,701.112,2021_kk_284,Kusko,2021,0.707955850756722,0.534927647287037,4.8631565134704e-4,695.372398215907,926.177728628589,1216.728,0.708018253058308,265.98534815807096
670,351.08,0.7095148920982,0.552250895284627,702.16,2021_kk_284,Kusko,2021,0.707950535922939,0.535553856075484,6.2620878844688e-4,695.372398215907,926.177728628589,1216.728,0.708018253058308,265.98534815807096
671,351.604,0.708450136490016,0.547617118011682,703.208,2021_kk_284,Kusko,2021,0.707955013527207,0.536019560706077,4.6570463059336e-4,695.372398215907,926.177728628589,1216.728,0.708018253058308,265.98534815807096
672,352.128,0.707593972412706,0.54221414498048,704.256,2021_kk_284,Kusko,2021,0.707919840778033,0.53600758740727,-1.19732988077548e-5,695.372398215907,926.177728628589,1216.728,0.708018253058308,265.98534815807096
673,352.652,0.708993439466404,0.543367081603387,705.304,2021_kk_284,Kusko,2021,0.707979313326621,0.535956244443727,-5.13429635424778e-5,695.372398215907,926.177728628589,1216.728,0.708018253058308,265.98534815807096
674,353.176,0.709094017910179,0.53311046230476,706.352,2021_kk_284,Kusko,2021,0.707987947819848,0.535761679975075,-1.9456446865251e-4,695.372398215907,926.177728628589,1216.728,0.708018253058308,265.98534815807096
675,353.7,0.705705801999053,0.530749440634823,707.4,2021_kk_284,Kusko,2021,0.708025221729328,0.535454155899633,-3.075240754421e-4,695.372398215907,926.177728628589,1216.728,0.708018253058308,265.98534815807096
676,354.224,0.708164591184352,0.529285882357253,708.448,2021_kk_284,Kusko,2021,0.708047496014096,0.535171972599003,-2.8218330062967e-4,695.372398215907,926.177728628589,1216.728,0.708018253058308,265.98534815807096
677,354.748,0.706832612973655,0.534780168160904,709.496,2021_kk_284,Kusko,2021,0.708086703120072,0.534789479613636,-3.8249298536685e-4,695.372398215907,926.177728628589,1216.728,0.708018253058308,265.98534815807096
678,355.272,0.709137964546255,0.525079027992504,710.544,2021_kk_284,Kusko,2021,0.70807678190605,0.534218879942563,-5.7059967107342e-4,695.372398215907,926.177728628589,1216.728,0.708018253058308,265.98534815807096
679,355.796,0.707580927522712,0.534295109559823,711.592,2021_kk_284,Kusko,2021,0.708054202617519,0.533762136092047,-4.567438505153e-4,695.372398215907,926.177728628589,1216.728,0.708018253058308,265.98534815807096
680,356.32,0.708806353550585,0.53127351791162,712.64,2021_kk_284,Kusko,2021,0.708070284122286,0.533388422159761,-3.7371393228602e-4,695.372398215907,926.177728628589,1216.728,0.708018253058308,265.98534815807096
681,356.844,0.705769019227644,0.529263988411835,713.688,2021_kk_284,Kusko,2021,0.708023446808426,0.533325135968754,-6.32861910071503e-5,695.372398215907,926.177728628589,1216.728,0.708018253058308,265.98534815807096
682,357.368,0.70691380552103,0.531916723599763,714.736,2021_kk_284,Kusko,2021,0.70801606859446,0.533309801036572,-1.53349321824203e-5,695.372398215907,926.177728628589,1216.728,0.708018253058308,265.98534815807096
683,357.892,0.710582582515779,0.525142496041378,715.784,2021_kk_284,Kusko,2021,0.708030211181742,0.533298192492632,-1.16085439402225e-5,695.372398215907,926.177728628589,1216.728,0.708018253058308,265.98534815807096
684,358.416,0.706827624491726,0.52749666799663,716.832,2021_kk_284,Kusko,2021,0.708068320988753,0.532965618967718,-3.3257352491389e-4,695.372398215907,926.177728628589,1216.728,0.708018253058308,265.98534815807096
685,358.94,0.709241007955976,0.535141451960756,717.88,2021_kk_284,Kusko,2021,0.708088059621514,0.532763689138524,-2.019298291932e-4,695.372398215907,926.177728628589,1216.728,0.708018253058308,265.98534815807096
686,359.464,0.710481078381625,0.541637235347092,718.928,2021_kk_284,Kusko,2021,0.708088975687813,0.532859240958332,9.55518198073602e-5,695.372398215907,926.177728628589,1216.728,0.708018253058308,265.98534815807096
687,359.988,0.708308528081873,0.538088153634719,719.976,2021_kk_284,Kusko,2021,0.70806390314798,0.532972803759862,1.1356280153052e-4,695.372398215907,926.177728628589,1216.728,0.708018253058308,265.98534815807096
688,360.512,0.707832722045841,0.539768986021861,721.024,2021_kk_284,Kusko,2021,0.708045872422051,0.533169422795907,1.9661903604473e-4,695.372398215907,926.177728628589,1216.728,0.708018253058308,265.98534815807096
689,361.036,0.705735670835459,0.535535201302876,722.072,2021_kk_284,Kusko,2021,0.708011411825572,0.533374724588794,2.0530179288713e-4,695.372398215907,926.177728628589,1216.728,0.708018253058308,265.98534815807096
690,361.56,0.708457909227845,0.533199677803584,723.12,2021_kk_284,Kusko,2021,0.708015733507792,0.533741659804529,3.6693521573483e-4,695.372398215907,926.177728628589,1216.728,0.708018253058308,265.98534815807096
691,362.084,0.706130077919695,0.53683705249503,724.168,2021_kk_284,Kusko,2021,0.708011054439808,0.534059458663244,3.1779885871485e-4,695.372398215907,926.177728628589,1216.728,0.708018253058308,265.98534815807096
692,362.608,0.70895364185446,0.53007821940923,725.216,2021_kk_284,Kusko,2021,0.708007342186143,0.534573173850429,5.137151871849e-4,695.372398215907,926.177728628589,1216.728,0.708018253058308,265.98534815807096
693,363.132,0.707829625492204,0.521890539980994,726.264,2021_kk_284,Kusko,2021,0.708007641215931,0.535203753227675,6.3057937724597e-4,695.372398215907,926.177728628589,1216.728,0.708018253058308,265.98534815807096
694,363.656,0.707793712635023,0.545836066397794,727.312,2021_kk_284,Kusko,2021,0.708007866328689,0.535793599456728,5.8984622905355e-4,695.372398215907,926.177728628589,1216.728,0.708018253058308,265.98534815807096
695,364.18,0.706921679326017,0.541932141130566,728.36,2021_kk_284,Kusko,2021,0.708010551322142,0.536326050202376,5.3245074564789e-4,695.372398215907,926.177728628589,1216.728,0.708018253058308,265.98534815807096
696,364.704,0.708991720346132,0.527052526277878,729.408,2021_kk_284,Kusko,2021,0.707911848809274,0.537041933865174,7.1588366279806e-4,695.372398215907,926.177728628589,1216.728,0.708018253058308,265.98534815807096
697,365.228,0.706147502369492,0.531199322955519,730.456,2021_kk_284,Kusko,2021,0.707955023303197,0.537898978333001,8.5704446782686e-4,695.372398215907,926.177728628589,1216.728,0.708018253058308,265.98534815807096
698,365.752,0.708059226780683,0.523281055076943,731.504,2021_kk_284,Kusko,2021,0.70793698173799,0.539001584098692,0.00110260576569043,695.372398215907,926.177728628589,1216.728,0.708018253058308,265.98534815807096
699,366.276,0.707382579995422,0.533810537913591,732.552,2021_kk_284,Kusko,2021,0.707955821787679,0.53994548878691,9.439046882187e-4,695.372398215907,926.177728628589,1216.728,0.708018253058308,265.98534815807096
700,366.8,0.708865672627032,0.541228159846636,733.6,2021_kk_284,Kusko,2021,0.707942817090373,0.540873040232841,9.275514459307e-4,695.372398215907,926.177728628589,1216.728,0.708018253058308,265.98534815807096
701,367.324,0.708775032434256,0.531412607676044,734.648,2021_kk_284,Kusko,2021,0.707918422784761,0.541994613610727,0.00112157337788632,695.372398215907,926.177728628589,1216.728,0.708018253058308,265.98534815807096
702,367.848,0.706207410375753,0.51313075895844,735.696,2021_kk_284,Kusko,2021,0.707929986546581,0.543055659999332,0.00106104638860471,695.372398215907,926.177728628589,1216.728,0.708018253058308,265.98534815807096
703,368.372,0.709459040700381,0.508881958431276,736.744,2021_kk_284,Kusko,2021,0.707941227263799,0.544102200145348,0.00104654014601613,695.372398215907,926.177728628589,1216.728,0.708018253058308,265.98534815807096
704,368.896,0.707611262092444,0.499246802344077,737.792,2021_kk_284,Kusko,2021,0.707931390110055,0.545288345253539,0.0011861451081906,695.372398215907,926.177728628589,1216.728,0.708018253058308,265.98534815807096
705,369.42,0.709652518582707,0.493480094332762,738.84,2021_kk_284,Kusko,2021,0.70795786124469,0.546679204315484,0.00139085906194525,695.372398215907,926.177728628589,1216.728,0.708018253058308,265.98534815807096
706,369.944,0.708542749572077,0.497839479579691,739.888,2021_kk_284,Kusko,2021,0.707970195782975,0.547954825332276,0.00127562101679235,695.372398215907,926.177728628589,1216.728,0.708018253058308,265.98534815807096
707,370.468,0.70854496392199,0.493600833586542,740.936,2021_kk_284,Kusko,2021,0.707975889388461,0.549158754184822,0.00120392885254517,695.372398215907,926.177728628589,1216.728,0.708018253058308,265.98534815807096
708,370.992,0.705082450865178,0.48599807647063,741.984,2021_kk_284,Kusko,2021,0.707955939572226,0.550552199345442,0.0013934451606209,695.372398215907,926.177728628589,1216.728,0.708018253058308,265.98534815807096
709,371.516,0.707863144621425,0.491683119616158,743.032,2021_kk_284,Kusko,2021,0.70798459142559,0.551710729612972,0.00115853026752955,695.372398215907,926.177728628589,1216.728,0.708018253058308,265.98534815807096
710,372.04,0.708511211658856,0.496067361523276,744.08,2021_kk_284,Kusko,2021,0.707983058203713,0.553004459945269,0.00129373033229696,695.372398215907,926.177728628589,1216.728,0.708018253058308,265.98534815807096
711,372.564,0.707051249045115,0.520211921974971,745.128,2021_kk_284,Kusko,2021,0.707995477778866,0.554459112022678,0.00145465207740902,695.372398215907,926.177728628589,1216.728,0.708018253058308,265.98534815807096
712,373.088,0.70754052502588,0.516923272499622,746.176,2021_kk_284,Kusko,2021,0.7080263705669,0.555821801690037,0.00136268966735886,695.372398215907,926.177728628589,1216.728,0.708018253058308,265.98534815807096
713,373.612,0.708716963531413,0.531389775473666,747.224,2021_kk_284,Kusko,2021,0.707981276130185,0.557314853869048,0.00149305217901097,695.372398215907,926.177728628589,1216.728,0.708018253058308,265.98534815807096
714,374.136,0.709559230912516,0.528845077615468,748.272,2021_kk_284,Kusko,2021,0.70799358112447,0.558843779141851,0.00152892527280324,695.372398215907,926.177728628589,1216.728,0.708018253058308,265.98534815807096
715,374.66,0.708457016388251,0.532672286560158,749.32,2021_kk_284,Kusko,2021,0.707965595602931,0.560084091670883,0.00124031252903156,695.372398215907,926.177728628589,1216.728,0.708018253058308,265.98534815807096
716,375.184,0.707648047911207,0.542877931401897,750.368,2021_kk_284,Kusko,2021,0.707961646474893,0.561461119279244,0.00137702760836189,695.372398215907,926.177728628589,1216.728,0.708018253058308,265.98534815807096
717,375.708,0.706692965670598,0.555520755029285,751.416,2021_kk_284,Kusko,2021,0.707958031777529,0.562955250877837,0.00149413159859213,695.372398215907,926.177728628589,1216.728,0.708018253058308,265.98534815807096
718,376.232,0.707234314987689,0.560297081683555,752.464,2021_kk_284,Kusko,2021,0.707971383821878,0.564388884422133,0.00143363354429593,695.372398215907,926.177728628589,1216.728,0.708018253058308,265.98534815807096
719,376.756,0.707876341593479,0.565119385901815,753.512,2021_kk_284,Kusko,2021,0.707999382830629,0.565862228955475,0.00147334453334269,695.372398215907,926.177728628589,1216.728,0.708018253058308,265.98534815807096
720,377.28,0.708564924834006,0.579735833146042,754.56,2021_kk_284,Kusko,2021,0.708010953878255,0.56741033707253,0.0015481081170553,695.372398215907,926.177728628589,1216.728,0.708018253058308,265.98534815807096
721,377.804,0.708059021143097,0.573100714685557,755.608,2021_kk_284,Kusko,2021,0.708010587718866,0.568752020035351,0.00134168296282033,695.372398215907,926.177728628589,1216.728,0.708018253058308,265.98534815807096
722,378.328,0.70806129053645,0.579606378240384,756.656,2021_kk_284,Kusko,2021,0.708013143992073,0.570154629642709,0.00140260960735772,695.372398215907,926.177728628589,1216.728,0.708018253058308,265.98534815807096
723,378.852,0.708433577973569,0.586502151030074,757.704,2021_kk_284,Kusko,2021,0.708026206843996,0.571843968812661,0.00168933916995262,695.372398215907,926.177728628589,1216.728,0.708018253058308,265.98534815807096
724,379.376,0.70805621520235,0.59546436126883,758.752,2021_kk_284,Kusko,2021,0.70799366524459,0.57317642203163,0.00133245321896858,695.372398215907,926.177728628589,1216.728,0.708018253058308,265.98534815807096
725,379.9,0.707084554983756,0.595619906737115,759.8,2021_kk_284,Kusko,2021,0.708016705214012,0.574808502148283,0.00163208011665283,695.372398215907,926.177728628589,1216.728,0.708018253058308,265.98534815807096
726,380.424,0.705463292673456,0.60396518155255,760.848,2021_kk_284,Kusko,2021,0.708005096114673,0.576609707822791,0.00180120567450825,695.372398215907,926.177728628589,1216.728,0.708018253058308,265.98534815807096
727,380.948,0.709845740081207,0.612505022880616,761.896,2021_kk_284,Kusko,2021,0.708015101181964,0.578508799482125,0.00189909165933366,695.372398215907,926.177728628589,1216.728,0.708018253058308,265.98534815807096
728,381.472,0.707860479424923,0.619179903686879,762.944,2021_kk_284,Kusko,2021,0.7080220944036,0.58051845122452606,0.0020096517424012,695.372398215907,926.177728628589,1216.728,0.708018253058308,265.98534815807096
729,381.996,0.707793672731623,0.611492240920729,763.992,2021_kk_284,Kusko,2021,0.708024500744276,0.582332960477967,0.00181450925344129,695.372398215907,926.177728628589,1216.728,0.708018253058308,265.98534815807096
730,382.52,0.708734610259827,0.607903982040471,765.04,2021_kk_284,Kusko,2021,0.707999340006895,0.584342253990208,0.00200929351224055,695.372398215907,926.177728628589,1216.728,0.708018253058308,265.98534815807096
731,383.044,0.706986478153349,0.614911520684857,766.088,2021_kk_284,Kusko,2021,0.707980986133848,0.586112388704928,0.00177013471472043,695.372398215907,926.177728628589,1216.728,0.708018253058308,265.98534815807096
732,383.568,0.708287798121875,0.60587692829676,767.136,2021_kk_284,Kusko,2021,0.708025093053473,0.588356063066319,0.0022436743613911702,695.372398215907,926.177728628589,1216.728,0.708018253058308,265.98534815807096
733,384.092,0.70966788249948,0.606159490364359,768.184,2021_kk_284,Kusko,2021,0.708013267284691,0.590527792973497,0.0021717299071774,695.372398215907,926.177728628589,1216.728,0.708018253058308,265.98534815807096
734,384.616,0.708503788685555,0.604279168796194,769.232,2021_kk_284,Kusko,2021,0.708009667095302,0.592999725706063,0.00247193273256596,695.372398215907,926.177728628589,1216.728,0.708018253058308,265.98534815807096
735,385.14,0.707294070077161,0.614200984351538,770.28,2021_kk_284,Kusko,2021,0.707970765866206,0.595538613808355,0.00253888810229241,695.372398215907,926.177728628589,1216.728,0.708018253058308,265.98534815807096
736,385.664,0.708904663481463,0.605823143364801,771.328,2021_kk_284,Kusko,2021,0.707965582509591,0.598373199793652,0.00283458598529684,695.372398215907,926.177728628589,1216.728,0.708018253058308,265.98534815807096
737,386.188,0.707174229302774,0.607015899313612,772.376,2021_kk_284,Kusko,2021,0.707964778298678,0.60130537131536,0.00293217152170777,695.372398215907,926.177728628589,1216.728,0.708018253058308,265.98534815807096
738,386.712,0.707940975572178,0.608685737629758,773.424,2021_kk_284,Kusko,2021,0.708028976477447,0.6039957921646,0.00269042084924087,695.372398215907,926.177728628589,1216.728,0.708018253058308,265.98534815807096
739,387.236,0.709300038724517,0.603806925611595,774.472,2021_kk_284,Kusko,2021,0.708054785514951,0.606735334927786,0.00273954276318522,695.372398215907,926.177728628589,1216.728,0.708018253058308,265.98534815807096
740,387.76,0.708714360237974,0.608897337849443,775.52,2021_kk_284,Kusko,2021,0.708055636663173,0.60937012727917,0.00263479235138453,695.372398215907,926.177728628589,1216.728,0.708018253058308,265.98534815807096
741,388.284,0.70651419373687,0.616543113056374,776.568,2021_kk_284,Kusko,2021,0.708092165392413,0.611599829972136,0.00222970269296541,695.372398215907,926.177728628589,1216.728,0.708018253058308,265.98534815807096
742,388.808,0.708767372803056,0.613678103641296,777.616,2021_kk_284,Kusko,2021,0.708092297111774,0.614116173305586,0.00251634333345041,695.372398215907,926.177728628589,1216.728,0.708018253058308,265.98534815807096
743,389.332,0.707876916312882,0.614725626782033,778.664,2021_kk_284,Kusko,2021,0.70806691804674,0.616401147427807,0.00228497412222117,695.372398215907,926.177728628589,1216.728,0.708018253058308,265.98534815807096
744,389.856,0.707565924148781,0.619232184364825,779.712,2021_kk_284,Kusko,2021,0.708037416823186,0.618757600003273,0.00235645257546568,695.372398215907,926.177728628589,1216.728,0.708018253058308,265.98534815807096
745,390.38,0.707561876663672,0.609560203702653,780.76,2021_kk_284,Kusko,2021,0.708021000010619,0.621014135634967,0.00225653563169448,695.372398215907,926.177728628589,1216.728,0.708018253058308,265.98534815807096
746,390.904,0.710244130699341,0.62425889184881,781.808,2021_kk_284,Kusko,2021,0.708027590270524,0.62303329496669,0.00201915933172214,695.372398215907,926.177728628589,1216.728,0.708018253058308,265.98534815807096
747,391.428,0.708091646240048,0.627736049550248,782.856,2021_kk_284,Kusko,2021,0.708062820363126,0.625124693729889,0.00209139876319941,695.372398215907,926.177728628589,1216.728,0.708018253058308,265.98534815807096
748,391.952,0.708633844706749,0.625786998679614,783.904,2021_kk_284,Kusko,2021,0.708080366416247,0.627276280608331,0.00215158687844219,695.372398215907,926.177728628589,1216.728,0.708018253058308,265.98534815807096
749,392.476,0.707415611360512,0.623935873303434,784.952,2021_kk_284,Kusko,2021,0.708060925650622,0.62916138790859,0.00188510730025893,695.372398215907,926.177728628589,1216.728,0.708018253058308,265.98534815807096
750,393,0.70915217208541,0.626086164826908,786,2021_kk_284,Kusko,2021,0.708050227868165,0.630948593939804,0.00178720603121441,695.372398215907,926.177728628589,1216.728,0.708018253058308,265.98534815807096
751,393.524,0.706108108356396,0.617338030264247,787.048,2021_kk_284,Kusko,2021,0.708046450803667,0.6326245057,0.00167591176019566,695.372398215907,926.177728628589,1216.728,0.708018253058308,265.98534815807096
752,394.048,0.70910701824683,0.614234795850698,788.096,2021_kk_284,Kusko,2021,0.708034667546901,0.634262550205755,0.00163804450575455,695.372398215907,926.177728628589,1216.728,0.708018253058308,265.98534815807096
753,394.572,0.708613396607612,0.623250890178149,789.144,2021_kk_284,Kusko,2021,0.708022078997523,0.635753281327879,0.00149073112212428,695.372398215907,926.177728628589,1216.728,0.708018253058308,265.98534815807096
754,395.096,0.705841216670671,0.625783259535914,790.192,2021_kk_284,Kusko,2021,0.707985463765899,0.637279504034302,0.00152622270642266,695.372398215907,926.177728628589,1216.728,0.708018253058308,265.98534815807096
755,395.62,0.708304077491331,0.63985694812973,791.24,2021_kk_284,Kusko,2021,0.708001297806163,0.638693428175375,0.00141392414107333,695.372398215907,926.177728628589,1216.728,0.708018253058308,265.98534815807096
756,396.144,0.708295174385805,0.635124866748376,792.288,2021_kk_284,Kusko,2021,0.708024006833229,0.640083255058089,0.00138982688271438,695.372398215907,926.177728628589,1216.728,0.708018253058308,265.98534815807096
757,396.668,0.706747806406903,0.645144822515534,793.336,2021_kk_284,Kusko,2021,0.707981434793149,0.640997150843278,9.1389578518852e-4,695.372398215907,926.177728628589,1216.728,0.708018253058308,265.98534815807096
758,397.192,0.708478820078877,0.643860159621013,794.384,2021_kk_284,Kusko,2021,0.708003468945634,0.641610628322109,6.1347747883078e-4,695.372398215907,926.177728628589,1216.728,0.708018253058308,265.98534815807096
759,397.716,0.707526960435974,0.642681093120072,795.432,2021_kk_284,Kusko,2021,0.707993888435364,0.6426846832325,0.00107405491039103,695.372398215907,926.177728628589,1216.728,0.708018253058308,265.98534815807096
760,398.24,0.707356028384169,0.661785770581063,796.48,2021_kk_284,Kusko,2021,0.707947867397221,0.643384359366561,6.9967613406185e-4,695.372398215907,926.177728628589,1216.728,0.708018253058308,265.98534815807096
761,398.764,0.707673800051427,0.637620690559271,797.528,2021_kk_284,Kusko,2021,0.707984039089297,0.644002248487812,6.1788912125082e-4,695.372398215907,926.177728628589,1216.728,0.708018253058308,265.98534815807096
762,399.288,0.708853825553295,0.647751220641911,798.576,2021_kk_284,Kusko,2021,0.707993974977593,0.644960345190043,9.5809670223023e-4,695.372398215907,926.177728628589,1216.728,0.708018253058308,265.98534815807096
763,399.812,0.708749494573443,0.639185752861924,799.624,2021_kk_284,Kusko,2021,0.707952311273471,0.645853464553392,8.931193633499e-4,695.372398215907,926.177728628589,1216.728,0.708018253058308,265.98534815807096
764,400.336,0.707395250729118,0.647562766298031,800.672,2021_kk_284,Kusko,2021,0.707941797051882,0.64662702049637,7.7355594297712e-4,695.372398215907,926.177728628589,1216.728,0.708018253058308,265.98534815807096
765,400.86,0.707318444836921,0.645813380470312,801.72,2021_kk_284,Kusko,2021,0.70796511567489,0.647099960353715,4.7293985734575e-4,695.372398215907,926.177728628589,1216.728,0.708018253058308,265.98534815807096
766,401.384,0.708231748175204,0.667914638697496,802.768,2021_kk_284,Kusko,2021,0.70792602931172,0.647908993986542,8.0903363282713e-4,695.372398215907,926.177728628589,1216.728,0.708018253058308,265.98534815807096
767,401.908,0.70849671126718,0.669531124889013,803.816,2021_kk_284,Kusko,2021,0.707955057622759,0.648940801783999,0.00103180779745649,695.372398215907,926.177728628589,1216.728,0.708018253058308,265.98534815807096
768,402.432,0.708934341591333,0.647423327425081,804.864,2021_kk_284,Kusko,2021,0.707989884001628,0.649428885078527,4.8808329452776e-4,695.372398215907,926.177728628589,1216.728,0.708018253058308,265.98534815807096
769,402.956,0.70941168687169,0.656055685407268,805.912,2021_kk_284,Kusko,2021,0.707955594951494,0.650132975255683,7.0409017715678e-4,695.372398215907,926.177728628589,1216.728,0.708018253058308,265.98534815807096
770,403.48,0.708562280552157,0.654154902606349,806.96,2021_kk_284,Kusko,2021,0.707937650790901,0.650679102854685,5.4612759900185e-4,695.372398215907,926.177728628589,1216.728,0.708018253058308,265.98534815807096
771,404.004,0.709242972799488,0.653994083552896,808.008,2021_kk_284,Kusko,2021,0.707977317156858,0.651449698475254,7.7059562056891e-4,695.372398215907,926.177728628589,1216.728,0.708018253058308,265.98534815807096
772,404.528,0.707548428187578,0.667903872506647,809.056,2021_kk_284,Kusko,2021,0.707973067623757,0.651984009102878,5.3431062762365e-4,695.372398215907,926.177728628589,1216.728,0.708018253058308,265.98534815807096
773,405.052,0.707194219629362,0.668488222806938,810.104,2021_kk_284,Kusko,2021,0.707977538429484,0.652659105570338,6.7509646745989e-4,695.372398215907,926.177728628589,1216.728,0.708018253058308,265.98534815807096
774,405.576,0.70778915749929,0.670232232143406,811.152,2021_kk_284,Kusko,2021,0.708005139029467,0.653459732016617,8.0062644627942e-4,695.372398215907,926.177728628589,1216.728,0.708018253058308,265.98534815807096
775,406.1,0.707472007634188,0.668064424461827,812.2,2021_kk_284,Kusko,2021,0.7080003471427,0.654469142905883,0.00100941088926543,695.372398215907,926.177728628589,1216.728,0.708018253058308,265.98534815807096
776,406.624,0.708043463505547,0.664027491305229,813.248,2021_kk_284,Kusko,2021,0.707993976813696,0.655010912123329,5.4176921744608e-4,695.372398215907,926.177728628589,1216.728,0.708018253058308,265.98534815807096
777,407.148,0.708806771226702,0.681004680821248,814.296,2021_kk_284,Kusko,2021,0.707993183336979,0.655643126774421,6.322146510922e-4,695.372398215907,926.177728628589,1216.728,0.708018253058308,265.98534815807096
778,407.672,0.708287078174922,0.689392294390083,815.344,2021_kk_284,Kusko,2021,0.70799400994985,0.656610405666007,9.6727889158565e-4,695.372398215907,926.177728628589,1216.728,0.708018253058308,265.98534815807096
779,408.196,0.70670989565603,0.678225823917351,816.392,2021_kk_284,Kusko,2021,0.708018396637595,0.657265618634069,6.5521296806203e-4,695.372398215907,926.177728628589,1216.728,0.708018253058308,265.98534815807096
780,408.72,0.70792305788656,0.686968195018909,817.44,2021_kk_284,Kusko,2021,0.707984762401191,0.65795031886098,6.8470022691102e-4,695.372398215907,926.177728628589,1216.728,0.708018253058308,265.98534815807096
781,409.244,0.707832397273208,0.673655420297289,818.488,2021_kk_284,Kusko,2021,0.708026457539703,0.659058779804365,0.00110846094338535,695.372398215907,926.177728628589,1216.728,0.708018253058308,265.98534815807096
782,409.768,0.707354295130525,0.67788904858566,819.536,2021_kk_284,Kusko,2021,0.708040204162936,0.660188883268318,0.0011301034639527,695.372398215907,926.177728628589,1216.728,0.708018253058308,265.98534815807096
783,410.292,0.707678265010874,0.675946018357526,820.584,2021_kk_284,Kusko,2021,0.708025346794108,0.661024007021266,8.3512375294836e-4,695.372398215907,926.177728628589,1216.728,0.708018253058308,265.98534815807096
784,410.816,0.705859301304881,0.687037723654188,821.632,2021_kk_284,Kusko,2021,0.708061645311245,0.66182394829137,7.9994127010418e-4,695.372398215907,926.177728628589,1216.728,0.708018253058308,265.98534815807096
785,411.34,0.708034597399655,0.680455355201517,822.68,2021_kk_284,Kusko,2021,0.708045882963953,0.662410830427782,5.8688213641211e-4,695.372398215907,926.177728628589,1216.728,0.708018253058308,265.98534815807096
786,411.864,0.706825834297362,0.687354794515411,823.728,2021_kk_284,Kusko,2021,0.708064083312912,0.663247140277909,8.3630985012672e-4,695.372398215907,926.177728628589,1216.728,0.708018253058308,265.98534815807096
787,412.388,0.707291417676415,0.667338769991923,824.776,2021_kk_284,Kusko,2021,0.708066308062058,0.663878990561981,6.3185028407231e-4,695.372398215907,926.177728628589,1216.728,0.708018253058308,265.98534815807096
788,412.912,0.709182528574071,0.655988552416724,825.824,2021_kk_284,Kusko,2021,0.708070632503673,0.66464903984388,7.7004928189872e-4,695.372398215907,926.177728628589,1216.728,0.708018253058308,265.98534815807096
789,413.436,0.707218842115393,0.675935535544198,826.872,2021_kk_284,Kusko,2021,0.708095112399513,0.665279977595438,6.3093775155809e-4,695.372398215907,926.177728628589,1216.728,0.708018253058308,265.98534815807096
790,413.96,0.705973347971249,0.649884550084185,827.92,2021_kk_284,Kusko,2021,0.708089279126084,0.665489774177943,2.0979658250497e-4,695.372398215907,926.177728628589,1216.728,0.708018253058308,265.98534815807096
791,414.484,0.709156779677877,0.6519848679599,828.968,2021_kk_284,Kusko,2021,0.708082375036599,0.666343564280069,8.5379010212594e-4,695.372398215907,926.177728628589,1216.728,0.708018253058308,265.98534815807096
792,415.008,0.70888395141965,0.663362730430573,830.016,2021_kk_284,Kusko,2021,0.708047631319604,0.667044485472262,7.0092119219289e-4,695.372398215907,926.177728628589,1216.728,0.708018253058308,265.98534815807096
793,415.532,0.707168060252149,0.659746652165359,831.064,2021_kk_284,Kusko,2021,0.708023647029783,0.667854736852621,8.1025138035917e-4,695.372398215907,926.177728628589,1216.728,0.708018253058308,265.98534815807096
794,416.056,0.707872935390231,0.650692525374821,832.112,2021_kk_284,Kusko,2021,0.708029284077812,0.668703535115985,8.4879826336414e-4,695.372398215907,926.177728628589,1216.728,0.708018253058308,265.98534815807096
795,416.58,0.708693187457658,0.642577375792279,833.16,2021_kk_284,Kusko,2021,0.70803033365333,0.669484817748184,7.8128263219901e-4,695.372398215907,926.177728628589,1216.728,0.708018253058308,265.98534815807096
796,417.104,0.706559481691267,0.65436516133443,834.208,2021_kk_284,Kusko,2021,0.708030105615768,0.669844480369372,3.596626211878e-4,695.372398215907,926.177728628589,1216.728,0.708018253058308,265.98534815807096
797,417.628,0.708915927965079,0.668924367160998,835.256,2021_kk_284,Kusko,2021,0.708001152394125,0.670336606805335,4.9212643596274e-4,695.372398215907,926.177728628589,1216.728,0.708018253058308,265.98534815807096
798,418.152,0.710030558304314,0.637970735301424,836.304,2021_kk_284,Kusko,2021,0.707986617504651,0.67135219103918,0.00101558423384485,695.372398215907,926.177728628589,1216.728,0.708018253058308,265.98534815807096
799,418.676,0.707242695716478,0.646052336240999,837.352,2021_kk_284,Kusko,2021,0.707977387403602,0.672301808869907,9.4961783072711e-4,695.372398215907,926.177728628589,1216.728,0.708018253058308,265.98534815807096
800,419.2,0.707637710602416,0.641664993789559,838.4,2021_kk_284,Kusko,2021,0.707935016850672,0.67320507166008,9.0326279017294e-4,695.372398215907,926.177728628589,1216.728,0.708018253058308,265.98534815807096
801,419.724,0.708894175694278,0.662778850290508,839.448,2021_kk_284,Kusko,2021,0.70790758336312,0.674572011145601,0.00136693948552091,695.372398215907,926.177728628589,1216.728,0.708018253058308,265.98534815807096
802,420.248,0.708512400817007,0.64573674129872,840.496,2021_kk_284,Kusko,2021,0.707915188400756,0.675761107714992,0.0011890965693917,695.372398215907,926.177728628589,1216.728,0.708018253058308,265.98534815807096
803,420.772,0.708145164656524,0.655231414829622,841.544,2021_kk_284,Kusko,2021,0.707913238707353,0.676942122927283,0.00118101521229019,695.372398215907,926.177728628589,1216.728,0.708018253058308,265.98534815807096
804,421.296,0.709221960147746,0.66726977114159,842.592,2021_kk_284,Kusko,2021,0.707934615211229,0.678201960033115,0.00125983710583255,695.372398215907,926.177728628589,1216.728,0.708018253058308,265.98534815807096
805,421.82,0.707274363457616,0.670124857058581,843.64,2021_kk_284,Kusko,2021,0.70797027925444,0.67950736940109,0.00130540936797474,695.372398215907,926.177728628589,1216.728,0.708018253058308,265.98534815807096
806,422.344,0.709861910959148,0.656765044895578,844.688,2021_kk_284,Kusko,2021,0.707985102531299,0.681145051348497,0.0016376819474071,695.372398215907,926.177728628589,1216.728,0.708018253058308,265.98534815807096
807,422.868,0.708044037637012,0.66566892861578,845.736,2021_kk_284,Kusko,2021,0.707976123867856,0.682786014282462,0.00164096293396487,695.372398215907,926.177728628589,1216.728,0.708018253058308,265.98534815807096
808,423.392,0.708683441479019,0.683823732174754,846.784,2021_kk_284,Kusko,2021,0.707972909194893,0.68410855483502,0.00132254055255832,695.372398215907,926.177728628589,1216.728,0.708018253058308,265.98534815807096
809,423.916,0.708878812625165,0.663248651387155,847.832,2021_kk_284,Kusko,2021,0.707992213690572,0.686074091727336,0.00196553689231582,695.372398215907,926.177728628589,1216.728,0.708018253058308,265.98534815807096
810,424.44,0.707134117901196,0.667168178441569,848.88,2021_kk_284,Kusko,2021,0.707989474739478,0.687589366018374,0.00151527429103782,695.372398215907,926.177728628589,1216.728,0.708018253058308,265.98534815807096
811,424.964,0.708609816667129,0.683845686867367,849.928,2021_kk_284,Kusko,2021,0.708017056196917,0.689251410411108,0.00166204439273465,695.372398215907,926.177728628589,1216.728,0.708018253058308,265.98534815807096
812,425.488,0.709931815640774,0.682041003687861,850.976,2021_kk_284,Kusko,2021,0.707994612496921,0.69074377020212,0.00149235979101192,695.372398215907,926.177728628589,1216.728,0.708018253058308,265.98534815807096
813,426.012,0.707721954477932,0.673358315355048,852.024,2021_kk_284,Kusko,2021,0.707998146266187,0.692258548586094,0.00151477838397407,695.372398215907,926.177728628589,1216.728,0.708018253058308,265.98534815807096
814,426.536,0.708019127698933,0.673779735742166,853.072,2021_kk_284,Kusko,2021,0.708016566725749,0.693413336081935,0.0011547874958403,695.372398215907,926.177728628589,1216.728,0.708018253058308,265.98534815807096
815,427.06,0.707358336653811,0.675069876314455,854.12,2021_kk_284,Kusko,2021,0.708039819018215,0.694581441528101,0.00116810544616663,695.372398215907,926.177728628589,1216.728,0.708018253058308,265.98534815807096
816,427.584,0.709387195323321,0.685303457755986,855.168,2021_kk_284,Kusko,2021,0.708073035217575,0.695450289507176,8.6884797907438e-4,695.372398215907,926.177728628589,1216.728,0.708018253058308,265.98534815807096
817,428.108,0.706881291355638,0.68305583955987,856.216,2021_kk_284,Kusko,2021,0.708085493043148,0.696726853731575,0.00127656422439892,695.372398215907,926.177728628589,1216.728,0.708018253058308,265.98534815807096
818,428.632,0.708738286575824,0.690063116534939,857.264,2021_kk_284,Kusko,2021,0.708071722492922,0.698254461956432,0.00152760822485731,695.372398215907,926.177728628589,1216.728,0.708018253058308,265.98534815807096
819,429.156,0.708995754186338,0.680537358213563,858.312,2021_kk_284,Kusko,2021,0.708072132707347,0.699257112373007,0.00100265041657477,695.372398215907,926.177728628589,1216.728,0.708018253058308,265.98534815807096
820,429.68,0.707006031978423,0.674373565531357,859.36,2021_kk_284,Kusko,2021,0.708079903079203,0.700742246146314,0.00148513377330728,695.372398215907,926.177728628589,1216.728,0.708018253058308,265.98534815807096
821,430.204,0.707259554682346,0.68884809668683,860.408,2021_kk_284,Kusko,2021,0.708063068967456,0.702180342396445,0.00143809625013136,695.372398215907,926.177728628589,1216.728,0.708018253058308,265.98534815807096
822,430.728,0.70676920253358,0.689806492173486,861.456,2021_kk_284,Kusko,2021,0.708037698134959,0.703247561513228,0.0010672191167822,695.372398215907,926.177728628589,1216.728,0.708018253058308,265.98534815807096
823,431.252,0.707310437184215,0.687800835683471,862.504,2021_kk_284,Kusko,2021,0.708049706742693,0.704356326254983,0.0011087647417557,695.372398215907,926.177728628589,1216.728,0.708018253058308,265.98534815807096
824,431.776,0.707733473610865,0.698490662099882,863.552,2021_kk_284,Kusko,2021,0.708003446983408,0.705467840336485,0.00111151408150201,695.372398215907,926.177728628589,1216.728,0.708018253058308,265.98534815807096
825,432.3,0.707381419367995,0.692690338402257,864.6,2021_kk_284,Kusko,2021,0.707989844035641,0.706521890881907,0.0010540505454214,695.372398215907,926.177728628589,1216.728,0.708018253058308,265.98534815807096
826,432.824,0.708218065921447,0.689494395968765,865.648,2021_kk_284,Kusko,2021,0.708003447560323,0.707292253897899,7.7036301599176e-4,695.372398215907,926.177728628589,1216.728,0.708018253058308,265.98534815807096
827,433.348,0.706759517968592,0.699058711046775,866.696,2021_kk_284,Kusko,2021,0.707973297219412,0.707773123498219,4.8086960032012e-4,695.372398215907,926.177728628589,1216.728,0.708018253058308,265.98534815807096
828,433.872,0.708062248222944,0.708358381455774,867.744,2021_kk_284,Kusko,2021,0.707948001930121,0.708774796431064,0.00100167293284581,695.372398215907,926.177728628589,1216.728,0.708018253058308,265.98534815807096
829,434.396,0.708857880808732,0.713032755250897,868.792,2021_kk_284,Kusko,2021,0.707982884065271,0.709604032821903,8.2923639083898e-4,695.372398215907,926.177728628589,1216.728,0.708018253058308,265.98534815807096
830,434.92,0.706020047376376,0.708350670016723,869.84,2021_kk_284,Kusko,2021,0.70803024460992,0.710400216353337,7.9618353143351e-4,695.372398215907,926.177728628589,1216.728,0.708018253058308,265.98534815807096
831,435.444,0.707596963546333,0.736010452684147,870.888,2021_kk_284,Kusko,2021,0.70803344907586,0.710512617076273,1.1240072293561e-4,695.372398215907,926.177728628589,1216.728,0.708018253058308,265.98534815807096
832,435.968,0.70800473044577,0.739249666670155,871.936,2021_kk_284,Kusko,2021,0.708012281752966,0.710865493492191,3.5287641591841e-4,695.372398215907,926.177728628589,1216.728,0.708018253058308,265.98534815807096
833,436.492,0.70707723802515,0.739349135544344,872.984,2021_kk_284,Kusko,2021,0.708019385845513,0.710962236694015,9.67432018236236e-5,695.372398215907,926.177728628589,1216.728,0.708018253058308,265.98534815807096
834,437.016,0.709071747731877,0.745822458493359,874.032,2021_kk_284,Kusko,2021,0.707995077545103,0.710776296604466,-1.8594008954853e-4,695.372398215907,926.177728628589,1216.728,0.708018253058308,265.98534815807096
835,437.54,0.709611850226838,0.746388986540313,875.08,2021_kk_284,Kusko,2021,0.708038118406621,0.710153888700319,-6.2240790414747e-4,695.372398215907,926.177728628589,1216.728,0.708018253058308,265.98534815807096
836,438.064,0.708932860117088,0.76228840814965,876.128,2021_kk_284,Kusko,2021,0.70802029817312,0.709733008013886,-4.2088068643242e-4,695.372398215907,926.177728628589,1216.728,0.708018253058308,265.98534815807096
837,438.588,0.708268051420137,0.779462456859144,877.176,2021_kk_284,Kusko,2021,0.70800627560218,0.709762394965344,2.93869514573775e-5,695.372398215907,926.177728628589,1216.728,0.708018253058308,265.98534815807096
838,439.112,0.708094197797116,0.76874472754358,878.224,2021_kk_284,Kusko,2021,0.707967554125784,0.708878676104154,-8.8371886118976e-4,695.372398215907,926.177728628589,1216.728,0.708018253058308,265.98534815807096
839,439.636,0.707868165396803,0.796158037456304,879.272,2021_kk_284,Kusko,2021,0.707979710209943,0.708160023403826,-7.1865270032822e-4,695.372398215907,926.177728628589,1216.728,0.708018253058308,265.98534815807096
840,440.16,0.707758720820909,0.777884652481177,880.32,2021_kk_284,Kusko,2021,0.708000265459278,0.707342130405323,-8.1789299850265e-4,695.372398215907,926.177728628589,1216.728,0.708018253058308,265.98534815807096
841,440.684,0.709487284719542,0.773378083861368,881.368,2021_kk_284,Kusko,2021,0.707982593566483,0.706225458607108,-0.00111667179821506,695.372398215907,926.177728628589,1216.728,0.708018253058308,265.98534815807096
842,441.208,0.706007673130762,0.767430636046375,882.416,2021_kk_284,Kusko,2021,0.707940402510533,0.705226637040412,-9.9882156669628e-4,695.372398215907,926.177728628589,1216.728,0.708018253058308,265.98534815807096
843,441.732,0.707890291166863,0.766832721395968,883.464,2021_kk_284,Kusko,2021,0.707940857514907,0.704043692426461,-0.00118294461395041,695.372398215907,926.177728628589,1216.728,0.708018253058308,265.98534815807096
844,442.256,0.706964528878565,0.756324973404605,884.512,2021_kk_284,Kusko,2021,0.707919090104889,0.703228566199529,-8.1512622693225e-4,695.372398215907,926.177728628589,1216.728,0.708018253058308,265.98534815807096
845,442.78,0.709429734947637,0.750541681971517,885.56,2021_kk_284,Kusko,2021,0.707913675271006,0.702054325335114,-0.00117424086441509,695.372398215907,926.177728628589,1216.728,0.708018253058308,265.98534815807096
846,443.304,0.708818806258968,0.739485673259868,886.608,2021_kk_284,Kusko,2021,0.707890867660223,0.700783617895311,-0.00127070743980306,695.372398215907,926.177728628589,1216.728,0.708018253058308,265.98534815807096
847,443.828,0.708038887210756,0.743932623455863,887.656,2021_kk_284,Kusko,2021,0.707912371161424,0.699641543603459,-0.00114207429185142,695.372398215907,926.177728628589,1216.728,0.708018253058308,265.98534815807096
848,444.352,0.708356295560527,0.74764504590816006,888.704,2021_kk_284,Kusko,2021,0.707895241973436,0.698259264245162,-0.00138227935829727,695.372398215907,926.177728628589,1216.728,0.708018253058308,265.98534815807096
849,444.876,0.707243454980892,0.736094560538688,889.752,2021_kk_284,Kusko,2021,0.707877186245122,0.696817365826846,-0.00144189841831577,695.372398215907,926.177728628589,1216.728,0.708018253058308,265.98534815807096
850,445.4,0.706439570282615,0.738992576482622,890.8,2021_kk_284,Kusko,2021,0.707923144387318,0.695874588925718,-9.4277690112831e-4,695.372398215907,926.177728628589,1216.728,0.708018253058308,265.98534815807096
851,445.924,0.708146732973043,0.738270642967777,891.848,2021_kk_284,Kusko,2021,0.707952334187745,0.694441509893596,-0.0014330790321222,695.372398215907,926.177728628589,1216.728,0.708018253058308,265.98534815807096
852,446.448,0.707361701469838,0.727395877437505,892.896,2021_kk_284,Kusko,2021,0.707985257642905,0.692915314276088,-0.00152619561750766,695.372398215907,926.177728628589,1216.728,0.708018253058308,265.98534815807096
853,446.972,0.707888576716172,0.726272536670707,893.944,2021_kk_284,Kusko,2021,0.708017435197857,0.691329214635119,-0.00158609964096956,695.372398215907,926.177728628589,1216.728,0.708018253058308,265.98534815807096
854,447.496,0.70509734983317,0.717383370264939,894.992,2021_kk_284,Kusko,2021,0.708002888011097,0.689455649301378,-0.00187356533374083,695.372398215907,926.177728628589,1216.728,0.708018253058308,265.98534815807096
855,448.02,0.707877010591631,0.705820408517563,896.04,2021_kk_284,Kusko,2021,0.708010654345616,0.688091923831193,-0.0013637254701846,695.372398215907,926.177728628589,1216.728,0.708018253058308,265.98534815807096
856,448.544,0.707375693172148,0.700586942293936,897.088,2021_kk_284,Kusko,2021,0.708013348459175,0.686332815171778,-0.00175910865941553,695.372398215907,926.177728628589,1216.728,0.708018253058308,265.98534815807096
857,449.068,0.707106907510425,0.697776543180208,898.136,2021_kk_284,Kusko,2021,0.708026589265812,0.68434399342098,-0.00198882175079718,695.372398215907,926.177728628589,1216.728,0.708018253058308,265.98534815807096
858,449.592,0.70851284094687,0.698071111272176,899.184,2021_kk_284,Kusko,2021,0.708016574280888,0.682115385779977,-0.00222860764100374,695.372398215907,926.177728628589,1216.728,0.708018253058308,265.98534815807096
859,450.116,0.709335623825507,0.695806519691336,900.232,2021_kk_284,Kusko,2021,0.708003115881731,0.680091576527753,-0.00202380925222334,695.372398215907,926.177728628589,1216.728,0.708018253058308,265.98534815807096
860,450.64,0.710479343281302,0.689436005675575,901.28,2021_kk_284,Kusko,2021,0.708065625008016,0.677711634019659,-0.00237994250809404,695.372398215907,926.177728628589,1216.728,0.708018253058308,265.98534815807096
861,451.164,0.709086443650728,0.669522893666646,902.328,2021_kk_284,Kusko,2021,0.708069341529445,0.67481492533979,-0.0028967086798688,695.372398215907,926.177728628589,1216.728,0.708018253058308,265.98534815807096
862,451.688,0.707242361443328,0.666909326253827,903.376,2021_kk_284,Kusko,2021,0.708074620951272,0.67193205327378,-0.00288287206601079,695.372398215907,926.177728628589,1216.728,0.708018253058308,265.98534815807096
863,452.212,0.708571410209349,0.661036006939044,904.424,2021_kk_284,Kusko,2021,0.708100534541789,0.669099164207766,-0.00283288906601387,695.372398215907,926.177728628589,1216.728,0.708018253058308,265.98534815807096
864,452.736,0.707763462123132,0.656113365768673,905.472,2021_kk_284,Kusko,2021,0.708024896459088,0.666123909793364,-0.00297525441440227,695.372398215907,926.177728628589,1216.728,0.708018253058308,265.98534815807096
865,453.26,0.709856815148741,0.632780382809735,906.52,2021_kk_284,Kusko,2021,0.707997021558591,0.663020788809038,-0.00310312098432519,695.372398215907,926.177728628589,1216.728,0.708018253058308,265.98534815807096
866,453.784,0.708792696949096,0.631512203709633,907.568,2021_kk_284,Kusko,2021,0.70800382356626,0.659547113797467,-0.00347367501157136,695.372398215907,926.177728628589,1216.728,0.708018253058308,265.98534815807096
867,454.308,0.70720268338059,0.667432145703227,908.616,2021_kk_284,Kusko,2021,0.707988037558813,0.655640577736013,-0.00390653606145352,695.372398215907,926.177728628589,1216.728,0.708018253058308,265.98534815807096
868,454.832,0.706360152895264,0.630800600503367,909.664,2021_kk_284,Kusko,2021,0.708008173293216,0.651896370787221,-0.00374420694879285,695.372398215907,926.177728628589,1216.728,0.708018253058308,265.98534815807096
869,455.356,0.70960817767469,0.620129489367461,910.712,2021_kk_284,Kusko,2021,0.708017136683187,0.64784707244768,-0.00404929833954015,695.372398215907,926.177728628589,1216.728,0.708018253058308,265.98534815807096
870,455.88,0.708367432861305,0.618094598531413,911.76,2021_kk_284,Kusko,2021,0.708042811660998,0.643805549885609,-0.00404152256207146,695.372398215907,926.177728628589,1216.728,0.708018253058308,265.98534815807096
871,456.404,0.707549503099415,0.616845378974464,912.808,2021_kk_284,Kusko,2021,0.707989321450649,0.639645486058322,-0.00416006382728662,695.372398215907,926.177728628589,1216.728,0.708018253058308,265.98534815807096
872,456.928,0.707400352283802,0.622111709686082,913.856,2021_kk_284,Kusko,2021,0.70800990897738,0.636303515127847,-0.00334197093047583,695.372398215907,926.177728628589,1216.728,0.708018253058308,265.98534815807096
873,457.452,0.707749254740339,0.60238163851802,914.904,2021_kk_284,Kusko,2021,0.7079874839568,0.632515301445842,-0.00378821368200477,695.372398215907,926.177728628589,1216.728,0.708018253058308,265.98534815807096
874,457.976,0.706713083097844,0.62487216212623,915.952,2021_kk_284,Kusko,2021,0.70800288910984,0.628663073501889,-0.00385222794395246,695.372398215907,926.177728628589,1216.728,0.708018253058308,265.98534815807096
875,458.5,0.707033446620857,0.604615424449549,917,2021_kk_284,Kusko,2021,0.707974099103627,0.624953066578905,-0.00371000692298407,695.372398215907,926.177728628589,1216.728,0.708018253058308,265.98534815807096
876,459.024,0.708018738676354,0.609061011367797,918.048,2021_kk_284,Kusko,2021,0.707960664534129,0.621379338091516,-0.00357372848738913,695.372398215907,926.177728628589,1216.728,0.708018253058308,265.98534815807096
877,459.548,0.70817150142768,0.614531382048792,919.096,2021_kk_284,Kusko,2021,0.707961295124639,0.617586636610355,-0.00379270148116073,695.372398215907,926.177728628589,1216.728,0.708018253058308,265.98534815807096
878,460.072,0.707710535296553,0.607126355037099,920.144,2021_kk_284,Kusko,2021,0.707981248036423,0.613623706808805,-0.00396292980155011,695.372398215907,926.177728628589,1216.728,0.708018253058308,265.98534815807096
879,460.596,0.707912410487513,0.59402345311462,921.192,2021_kk_284,Kusko,2021,0.707961797486539,0.609824481103545,-0.00379922570525981,695.372398215907,926.177728628589,1216.728,0.708018253058308,265.98534815807096
880,461.12,0.709763520510141,0.617806951463655,922.24,2021_kk_284,Kusko,2021,0.70798084041754,0.60610285755039806,-0.00372162355314731,695.372398215907,926.177728628589,1216.728,0.708018253058308,265.98534815807096
881,461.644,0.70901094270797,0.602863354759504,923.288,2021_kk_284,Kusko,2021,0.707941886758304,0.60249976259999,-0.00360309495040823,695.372398215907,926.177728628589,1216.728,0.708018253058308,265.98534815807096
882,462.168,0.708744609843191,0.598234755123018,924.336,2021_kk_284,Kusko,2021,0.707943084552243,0.59910495572376,-0.00339480687623017,695.372398215907,926.177728628589,1216.728,0.708018253058308,265.98534815807096
883,462.692,0.709241090481314,0.592634857225303,925.384,2021_kk_284,Kusko,2021,0.707926882383453,0.595448708105858,-0.00365624761790151,695.372398215907,926.177728628589,1216.728,0.708018253058308,265.98534815807096
884,463.216,0.706860642405269,0.586076742075432,926.432,2021_kk_284,Kusko,2021,0.707970368997047,0.591969962730221,-0.00347874537563742,695.372398215907,926.177728628589,1216.728,0.708018253058308,265.98534815807096
885,463.74,0.707847399439131,0.610866810191183,927.48,2021_kk_284,Kusko,2021,0.707961562041052,0.588691562064366,-0.0032784006658545,695.372398215907,926.177728628589,1216.728,0.708018253058308,265.98534815807096
886,464.264,0.708379712734997,0.583947876403837,928.528,2021_kk_284,Kusko,2021,0.707958566872927,0.585410229882861,-0.00328133218150517,695.372398215907,926.177728628589,1216.728,0.708018253058308,265.98534815807096
887,464.788,0.707553966366813,0.57972940599894,929.576,2021_kk_284,Kusko,2021,0.707994382669012,0.582093005029642,-0.00331722485321895,695.372398215907,926.177728628589,1216.728,0.708018253058308,265.98534815807096
888,465.312,0.707461349127543,0.574641922995556,930.624,2021_kk_284,Kusko,2021,0.707948567349262,0.578753659993369,-0.00333934503627342,695.372398215907,926.177728628589,1216.728,0.708018253058308,265.98534815807096
889,465.836,0.70805037685930206,0.5916042001175,931.672,2021_kk_284,Kusko,2021,0.707908823938068,0.575447040048081,-0.0033066199452878,695.372398215907,926.177728628589,1216.728,0.708018253058308,265.98534815807096
890,466.36,0.709770594953489,0.565554119531083,932.72,2021_kk_284,Kusko,2021,0.707875225977421,0.572407331207162,-0.00303970884091886,695.372398215907,926.177728628589,1216.728,0.708018253058308,265.98534815807096
891,466.884,0.707819954832036,0.562207931892016,933.768,2021_kk_284,Kusko,2021,0.707875564197941,0.569869225654251,-0.00253810555291079,695.372398215907,926.177728628589,1216.728,0.708018253058308,265.98534815807096
892,467.408,0.70832149575539,0.566277342709505,934.816,2021_kk_284,Kusko,2021,0.707876621648676,0.567557279386631,-0.00231194626761988,695.372398215907,926.177728628589,1216.728,0.708018253058308,265.98534815807096
893,467.932,0.708632053456161,0.569375791583513,935.864,2021_kk_284,Kusko,2021,0.707830722357941,0.564780965011149,-0.00277631437548254,695.372398215907,926.177728628589,1216.728,0.708018253058308,265.98534815807096
894,468.456,0.704533462769827,0.567307193629224,936.912,2021_kk_284,Kusko,2021,0.707851533120836,0.562078456252975,-0.00270250875817413,695.372398215907,926.177728628589,1216.728,0.708018253058308,265.98534815807096
895,468.98,0.707939356197051,0.5602017274808,937.96,2021_kk_284,Kusko,2021,0.707831329673654,0.55981533241512,-0.0022631238378551,695.372398215907,926.177728628589,1216.728,0.708018253058308,265.98534815807096
896,469.504,0.70934098057723,0.553867907455371,939.008,2021_kk_284,Kusko,2021,0.707836792334548,0.557480598030231,-0.00233473438488851,695.372398215907,926.177728628589,1216.728,0.708018253058308,265.98534815807096
897,470.028,0.707320890973269,0.54507029317193,940.056,2021_kk_284,Kusko,2021,0.707859446368882,0.554681772398628,-0.00279882563160339,695.372398215907,926.177728628589,1216.728,0.708018253058308,265.98534815807096
898,470.552,0.709302341861321,0.544092310616011,941.104,2021_kk_284,Kusko,2021,0.707906830436312,0.552345672130671,-0.00233610026795672,695.372398215907,926.177728628589,1216.728,0.708018253058308,265.98534815807096
899,471.076,0.708405968795069,0.553200137083896,942.152,2021_kk_284,Kusko,2021,0.707906209393783,0.550050720278186,-0.00229495185248496,695.372398215907,926.177728628589,1216.728,0.708018253058308,265.98534815807096
900,471.6,0.709299219489564,0.535393298756888,943.2,2021_kk_284,Kusko,2021,0.707890219053186,0.547692409488057,-0.00235831079012894,695.372398215907,926.177728628589,1216.728,0.708018253058308,265.98534815807096
901,472.124,0.706277872098576,0.523774254224171,944.248,2021_kk_284,Kusko,2021,0.707916680119719,0.545293646994927,-0.00239876249313065,695.372398215907,926.177728628589,1216.728,0.708018253058308,265.98534815807096
902,472.648,0.707242924734653,0.566912380217828,945.296,2021_kk_284,Kusko,2021,0.707875589510468,0.542738679973431,-0.00255496702149582,695.372398215907,926.177728628589,1216.728,0.708018253058308,265.98534815807096
903,473.172,0.706544789932062,0.53953990047568,946.344,2021_kk_284,Kusko,2021,0.707877247182332,0.540648288330289,-0.00209039164314218,695.372398215907,926.177728628589,1216.728,0.708018253058308,265.98534815807096
904,473.696,0.707888838060978,0.525191296767465,947.392,2021_kk_284,Kusko,2021,0.707878491046264,0.538203056707403,-0.00244523162288557,695.372398215907,926.177728628589,1216.728,0.708018253058308,265.98534815807096
905,474.22,0.707702334574836,0.527941266592465,948.44,2021_kk_284,Kusko,2021,0.707872767407057,0.536173650952142,-0.00202940575526078,695.372398215907,926.177728628589,1216.728,0.708018253058308,265.98534815807096
906,474.744,0.708012732089065,0.525061964016516,949.488,2021_kk_284,Kusko,2021,0.70788721464679,0.533837142162273,-0.00233650878986902,695.372398215907,926.177728628589,1216.728,0.708018253058308,265.98534815807096
907,475.268,0.708076722641342,0.516370534586221,950.536,2021_kk_284,Kusko,2021,0.707896084150934,0.531170974793033,-0.00266616736923975,695.372398215907,926.177728628589,1216.728,0.708018253058308,265.98534815807096
908,475.792,0.709553470267601,0.50986925781515,951.584,2021_kk_284,Kusko,2021,0.70793235234711,0.528969403790022,-0.00220157100301122,695.372398215907,926.177728628589,1216.728,0.708018253058308,265.98534815807096
909,476.316,0.706076421987824,0.508141018223101,952.632,2021_kk_284,Kusko,2021,0.707932399108799,0.526838906339035,-0.00213049745098681,695.372398215907,926.177728628589,1216.728,0.708018253058308,265.98534815807096
910,476.84,0.707582146142674,0.515695163293784,953.68,2021_kk_284,Kusko,2021,0.707908077920124,0.524376144364304,-0.00246276197473139,695.372398215907,926.177728628589,1216.728,0.708018253058308,265.98534815807096
911,477.364,0.705809513418907,0.522084945943283,954.728,2021_kk_284,Kusko,2021,0.707870521914565,0.521918837792825,-0.00245730657147858,695.372398215907,926.177728628589,1216.728,0.708018253058308,265.98534815807096
912,477.888,0.707433569106203,0.523707464863697,955.776,2021_kk_284,Kusko,2021,0.70785536673461,0.519732566732023,-0.00218627106080282,695.372398215907,926.177728628589,1216.728,0.708018253058308,265.98534815807096
913,478.412,0.70691644658875,0.506897679596622,956.824,2021_kk_284,Kusko,2021,0.707882733704814,0.517414038812465,-0.00231852791955733,695.372398215907,926.177728628589,1216.728,0.708018253058308,265.98534815807096
914,478.936,0.707706546648791,0.508658647726691,957.872,2021_kk_284,Kusko,2021,0.707895825499123,0.515397990895034,-0.00201604791743171,695.372398215907,926.177728628589,1216.728,0.708018253058308,265.98534815807096
915,479.46,0.707348593231958,0.509116368566302,958.92,2021_kk_284,Kusko,2021,0.707903367089322,0.512809459399627,-0.00258853149540628,695.372398215907,926.177728628589,1216.728,0.708018253058308,265.98534815807096
916,479.984,0.707195983084669,0.503707011403625,959.968,2021_kk_284,Kusko,2021,0.707912808006527,0.510872242938525,-0.00193721646110212,695.372398215907,926.177728628589,1216.728,0.708018253058308,265.98534815807096
917,480.508,0.709255855275529,0.498743051987066,961.016,2021_kk_284,Kusko,2021,0.707927848072467,0.508789578560517,-0.0020826643780083,695.372398215907,926.177728628589,1216.728,0.708018253058308,265.98534815807096
918,481.032,0.705763921761868,0.497710409095769,962.064,2021_kk_284,Kusko,2021,0.707932916067175,0.506790861050019,-0.00199871751049796,695.372398215907,926.177728628589,1216.728,0.708018253058308,265.98534815807096
919,481.556,0.706951019153856,0.497409322974066,963.112,2021_kk_284,Kusko,2021,0.707931812656584,0.504420786262732,-0.00237007478728646,695.372398215907,926.177728628589,1216.728,0.708018253058308,265.98534815807096
920,482.08,0.708463465642501,0.507053475220449,964.16,2021_kk_284,Kusko,2021,0.707925719247935,0.50262980442683,-0.00179098183590232,695.372398215907,926.177728628589,1216.728,0.708018253058308,265.98534815807096
921,482.604,0.709106736881882,0.517236560491998,965.208,2021_kk_284,Kusko,2021,0.707912972261287,0.500710214929323,-0.00191958949750726,695.372398215907,926.177728628589,1216.728,0.708018253058308,265.98534815807096
922,483.128,0.707305808487469,0.528192550196635,966.256,2021_kk_284,Kusko,2021,0.70786937965913,0.498728588996698,-0.00198162593262441,695.372398215907,926.177728628589,1216.728,0.708018253058308,265.98534815807096
923,483.652,0.705817452765209,0.494457144410094,967.304,2021_kk_284,Kusko,2021,0.707858535482378,0.496765178485403,-0.00196341051129595,695.372398215907,926.177728628589,1216.728,0.708018253058308,265.98534815807096
924,484.176,0.709012107896831,0.493962840278227,968.352,2021_kk_284,Kusko,2021,0.707924454628516,0.49458025292488,-0.00218492556052247,695.372398215907,926.177728628589,1216.728,0.708018253058308,265.98534815807096
925,484.7,0.708644608317848,0.496992952538425,969.4,2021_kk_284,Kusko,2021,0.707912745683965,0.492545142602752,-0.00203511032212811,695.372398215907,926.177728628589,1216.728,0.708018253058308,265.98534815807096
926,485.224,0.709120456602746,0.491428140616323,970.448,2021_kk_284,Kusko,2021,0.707917669278855,0.490515370416541,-0.00202977218621048,695.372398215907,926.177728628589,1216.728,0.708018253058308,265.98534815807096
927,485.748,0.7085619254406,0.499502607807029,971.496,2021_kk_284,Kusko,2021,0.70794566144321,0.488746850787655,-0.00176851962888686,695.372398215907,926.177728628589,1216.728,0.708018253058308,265.98534815807096
928,486.272,0.709203196941066,0.490634584425956,972.544,2021_kk_284,Kusko,2021,0.70787902084107,0.487069822585564,-0.00167702820209042,695.372398215907,926.177728628589,1216.728,0.708018253058308,265.98534815807096
929,486.796,0.70957091512297,0.482432378218364,973.592,2021_kk_284,Kusko,2021,0.70786477108249,0.485021497726531,-0.00204832485903356,695.372398215907,926.177728628589,1216.728,0.708018253058308,265.98534815807096
930,487.32,0.707408012425466,0.476595951123679,974.64,2021_kk_284,Kusko,2021,0.70785491821814,0.483282095959442,-0.00173940176708842,695.372398215907,926.177728628589,1216.728,0.708018253058308,265.98534815807096
931,487.844,0.709137167091375,0.47291962938663,975.688,2021_kk_284,Kusko,2021,0.707894503030944,0.481619960741573,-0.00166213521786923,695.372398215907,926.177728628589,1216.728,0.708018253058308,265.98534815807096
932,488.368,0.704934915728792,0.46881368839633,976.736,2021_kk_284,Kusko,2021,0.707926978067488,0.47934412129346,-0.00227583944811255,695.372398215907,926.177728628589,1216.728,0.708018253058308,265.98534815807096
933,488.892,0.707848715052175,0.476958139929488,977.784,2021_kk_284,Kusko,2021,0.708001307287163,0.477452338083173,-0.00189178321028793,695.372398215907,926.177728628589,1216.728,0.708018253058308,265.98534815807096
934,489.416,0.70678771493372206,0.4781582647531,978.832,2021_kk_284,Kusko,2021,0.70800119905895,0.475757631253006,-0.00169470683016604,695.372398215907,926.177728628589,1216.728,0.708018253058308,265.98534815807096
935,489.94,0.706690028268479,0.482851079133902,979.88,2021_kk_284,Kusko,2021,0.708037187467428,0.473962651648687,-0.00179497960431912,695.372398215907,926.177728628589,1216.728,0.708018253058308,265.98534815807096
936,490.464,0.708885573060298,0.468870483975655,980.928,2021_kk_284,Kusko,2021,0.708008273264829,0.472283564369798,-0.00167908727888982,695.372398215907,926.177728628589,1216.728,0.708018253058308,265.98534815807096
937,490.988,0.708703671676316,0.454561339894408,981.976,2021_kk_284,Kusko,2021,0.708002592670874,0.470763752161915,-0.00151981220788294,695.372398215907,926.177728628589,1216.728,0.708018253058308,265.98534815807096
938,491.512,0.709886627067112,0.475032094856425,983.024,2021_kk_284,Kusko,2021,0.707989989372076,0.469258244706509,-0.00150550745540556,695.372398215907,926.177728628589,1216.728,0.708018253058308,265.98534815807096
939,492.036,0.707915216188887,0.466193606055417,984.072,2021_kk_284,Kusko,2021,0.70802280034323,0.468017998890988,-0.00124024581552085,695.372398215907,926.177728628589,1216.728,0.708018253058308,265.98534815807096
940,492.56,0.708304249189616,0.47004123297977,985.12,2021_kk_284,Kusko,2021,0.708047885236072,0.466569970448855,-0.00144802844213299,695.372398215907,926.177728628589,1216.728,0.708018253058308,265.98534815807096
941,493.084,0.706757582374473,0.455424960470787,986.168,2021_kk_284,Kusko,2021,0.708085663085886,0.464914045448243,-0.00165592500061174,695.372398215907,926.177728628589,1216.728,0.708018253058308,265.98534815807096
942,493.608,0.707835299045837,0.467058491474845,987.216,2021_kk_284,Kusko,2021,0.708071123039964,0.463510050109777,-0.00140399533846686,695.372398215907,926.177728628589,1216.728,0.708018253058308,265.98534815807096
943,494.132,0.710883108693595,0.453523182051864,988.264,2021_kk_284,Kusko,2021,0.708106028349468,0.462241093105209,-0.00126895700456786,695.372398215907,926.177728628589,1216.728,0.708018253058308,265.98534815807096
944,494.656,0.707646150063785,0.465113867029532,989.312,2021_kk_284,Kusko,2021,0.708133690183276,0.461059118961114,-0.00118197414409482,695.372398215907,926.177728628589,1216.728,0.708018253058308,265.98534815807096
945,495.18,0.708299894851109,0.455554920466807,990.36,2021_kk_284,Kusko,2021,0.708141043404634,0.459911214342304,-0.00114790461880993,695.372398215907,926.177728628589,1216.728,0.708018253058308,265.98534815807096
946,495.704,0.70894616776728,0.467714888737712,991.408,2021_kk_284,Kusko,2021,0.70814718836599,0.458639225726771,-0.00127198861553279,695.372398215907,926.177728628589,1216.728,0.708018253058308,265.98534815807096
947,496.228,0.70845637032323,0.454769543318436,992.456,2021_kk_284,Kusko,2021,0.708136361224294,0.457699102718834,-9.4012300793755e-4,695.372398215907,926.177728628589,1216.728,0.708018253058308,265.98534815807096
948,496.752,0.707765428809997,0.454718872365678,993.504,2021_kk_284,Kusko,2021,0.708150375985074,0.456819957943918,-8.7914477491557e-4,695.372398215907,926.177728628589,1216.728,0.708018253058308,265.98534815807096
949,497.276,0.707984172223838,0.449399712880313,994.552,2021_kk_284,Kusko,2021,0.708145039814425,0.455862321072462,-9.5763687145594e-4,695.372398215907,926.177728628589,1216.728,0.708018253058308,265.98534815807096
950,497.8,0.709404990434536,0.458095209376948,995.6,2021_kk_284,Kusko,2021,0.708158620985666,0.455015215915694,-8.4710515676822e-4,695.372398215907,926.177728628589,1216.728,0.708018253058308,265.98534815807096
951,498.324,0.707055135633183,0.447032562041584,996.648,2021_kk_284,Kusko,2021,0.70816624457168,0.453841540444041,-0.00117367547165331,695.372398215907,926.177728628589,1216.728,0.708018253058308,265.98534815807096
952,498.848,0.705705939625929,0.447379786752037,997.696,2021_kk_284,Kusko,2021,0.708189229664518,0.452605154750005,-0.00123638569403561,695.372398215907,926.177728628589,1216.728,0.708018253058308,265.98534815807096
953,499.372,0.707981402851091,0.451571160905756,998.744,2021_kk_284,Kusko,2021,0.708238689043583,0.452027837587419,-5.7731716258585e-4,695.372398215907,926.177728628589,1216.728,0.708018253058308,265.98534815807096
954,499.896,0.708488611538065,0.436211659997877,999.792,2021_kk_284,Kusko,2021,0.708268768595481,0.451380713056026,-6.4712453139353e-4,695.372398215907,926.177728628589,1216.728,0.708018253058308,265.98534815807096
955,500.42,0.707236819524006,0.438095108153116,1000.84,2021_kk_284,Kusko,2021,0.708269756222644,0.450792465291837,-5.8824776418892e-4,695.372398215907,926.177728628589,1216.728,0.708018253058308,265.98534815807096
956,500.944,0.709636396270671,0.432081576282742,1001.888,2021_kk_284,Kusko,2021,0.708279514639003,0.450529912105562,-2.6255318627443e-4,695.372398215907,926.177728628589,1216.728,0.708018253058308,265.98534815807096
957,501.468,0.70900042083456,0.438959115438718,1002.936,2021_kk_284,Kusko,2021,0.708269286256383,0.450103292697639,-4.2661940792315e-4,695.372398215907,926.177728628589,1216.728,0.708018253058308,265.98534815807096
958,501.992,0.705303905732924,0.443470618490585,1003.984,2021_kk_284,Kusko,2021,0.708256005038315,0.449888101461871,-2.1519123576824e-4,695.372398215907,926.177728628589,1216.728,0.708018253058308,265.98534815807096
959,502.516,0.707550983280243,0.430300645541882,1005.032,2021_kk_284,Kusko,2021,0.70823009292827,0.44991411432091,2.60128590388042e-5,695.372398215907,926.177728628589,1216.728,0.708018253058308,265.98534815807096
960,503.04,0.708708047628556,0.431029192731584,1006.08,2021_kk_284,Kusko,2021,0.708234759577306,0.450033007579709,1.188932587991e-4,695.372398215907,926.177728628589,1216.728,0.708018253058308,265.98534815807096
961,503.564,0.708652960866853,0.424046141152017,1007.128,2021_kk_284,Kusko,2021,0.708223095787607,0.450253983661912,2.2097608220306e-4,695.372398215907,926.177728628589,1216.728,0.708018253058308,265.98534815807096
962,504.088,0.709191426927298,0.430362013331074,1008.176,2021_kk_284,Kusko,2021,0.708287457523799,0.45048308989781,2.29106235898e-4,695.372398215907,926.177728628589,1216.728,0.708018253058308,265.98534815807096
963,504.612,0.711004543112522,0.426032907858404,1009.224,2021_kk_284,Kusko,2021,0.708310198670703,0.450708240836342,2.2515093853214e-4,695.372398215907,926.177728628589,1216.728,0.708018253058308,265.98534815807096
964,505.136,0.70788234436818,0.423508886957503,1010.272,2021_kk_284,Kusko,2021,0.708350793734263,0.451065516515768,3.5727567942595e-4,695.372398215907,926.177728628589,1216.728,0.708018253058308,265.98534815807096
965,505.66,0.70986163908355,0.420242490333316,1011.32,2021_kk_284,Kusko,2021,0.70838478909025,0.451347207459725,2.8169094395702e-4,695.372398215907,926.177728628589,1216.728,0.708018253058308,265.98534815807096
966,506.184,0.706277879933106,0.424316727283128,1012.368,2021_kk_284,Kusko,2021,0.708342922503686,0.451961193303714,6.1398584398891e-4,695.372398215907,926.177728628589,1216.728,0.708018253058308,265.98534815807096
967,506.708,0.707735887004029,0.425181802113244,1013.416,2021_kk_284,Kusko,2021,0.708314700720112,0.453041520215506,0.00108032691179261,695.372398215907,926.177728628589,1216.728,0.708018253058308,265.98534815807096
968,507.232,0.708797272339742,0.419538810490815,1014.464,2021_kk_284,Kusko,2021,0.708245122634921,0.453595954628648,5.5443441314145e-4,695.372398215907,926.177728628589,1216.728,0.708018253058308,265.98534815807096
969,507.756,0.708045080257068,0.43372626929185,1015.512,2021_kk_284,Kusko,2021,0.708241975927897,0.454387705352853,7.9175072420562e-4,695.372398215907,926.177728628589,1216.728,0.708018253058308,265.98534815807096
970,508.28,0.709087239713171,0.428813456765804,1016.56,2021_kk_284,Kusko,2021,0.708217218395601,0.455263981012413,8.7627565955966e-4,695.372398215907,926.177728628589,1216.728,0.708018253058308,265.98534815807096
971,508.804,0.708076184407792,0.422729445906579,1017.608,2021_kk_284,Kusko,2021,0.708213869479382,0.456341141620562,0.00107716060814911,695.372398215907,926.177728628589,1216.728,0.708018253058308,265.98534815807096
972,509.328,0.706561166350852,0.439467744555689,1018.656,2021_kk_284,Kusko,2021,0.7082268886432,0.457199750640439,8.5860901987711e-4,695.372398215907,926.177728628589,1216.728,0.708018253058308,265.98534815807096
973,509.852,0.709010765159023,0.430760259322547,1019.704,2021_kk_284,Kusko,2021,0.708181760465042,0.45826364965033,0.00106389900989012,695.372398215907,926.177728628589,1216.728,0.708018253058308,265.98534815807096
974,510.376,0.709366256677243,0.437740199081002,1020.752,2021_kk_284,Kusko,2021,0.708170820873722,0.459217275802492,9.5362615216243e-4,695.372398215907,926.177728628589,1216.728,0.708018253058308,265.98534815807096
975,510.9,0.707789786513452,0.440242091437706,1021.8,2021_kk_284,Kusko,2021,0.708162806869515,0.460337498751057,0.00112022294856484,695.372398215907,926.177728628589,1216.728,0.708018253058308,265.98534815807096
976,511.424,0.707564680766023,0.427387694471655,1022.848,2021_kk_284,Kusko,2021,0.708157305218952,0.46127441743916,9.3691868810363e-4,695.372398215907,926.177728628589,1216.728,0.708018253058308,265.98534815807096
977,511.948,0.708606226773744,0.442335671510814,1023.896,2021_kk_284,Kusko,2021,0.708200770484092,0.462475735908247,0.00120131846908639,695.372398215907,926.177728628589,1216.728,0.708018253058308,265.98534815807096
978,512.472,0.706604807408681,0.444961722600832,1024.944,2021_kk_284,Kusko,2021,0.70818219218771,0.463709688632207,0.00123395272396004,695.372398215907,926.177728628589,1216.728,0.708018253058308,265.98534815807096
979,512.996,0.706630848914934,0.439951110686711,1025.992,2021_kk_284,Kusko,2021,0.708199510531301,0.465078768447257,0.0013690798150503,695.372398215907,926.177728628589,1216.728,0.708018253058308,265.98534815807096
980,513.52,0.709278335916928,0.456227165814353,1027.04,2021_kk_284,Kusko,2021,0.708157179867265,0.466213774542844,0.00113500609558664,695.372398215907,926.177728628589,1216.728,0.708018253058308,265.98534815807096
981,514.044,0.709564152042753,0.446816032192801,1028.088,2021_kk_284,Kusko,2021,0.708150615728059,0.467426796210149,0.00121302166730514,695.372398215907,926.177728628589,1216.728,0.708018253058308,265.98534815807096
982,514.568,0.708684914057715,0.454009408554498,1029.136,2021_kk_284,Kusko,2021,0.708209474027948,0.468554727396559,0.00112793118641008,695.372398215907,926.177728628589,1216.728,0.708018253058308,265.98534815807096
983,515.092,0.708785015509124,0.459818114654942,1030.184,2021_kk_284,Kusko,2021,0.708251546122086,0.469701999150463,0.00114727175390367,695.372398215907,926.177728628589,1216.728,0.708018253058308,265.98534815807096
984,515.616,0.710816881010736,0.455135368394616,1031.232,2021_kk_284,Kusko,2021,0.708247489271476,0.470938752854278,0.00123675370381537,695.372398215907,926.177728628589,1216.728,0.708018253058308,265.98534815807096
985,516.14,0.708703865947638,0.461698086687087,1032.28,2021_kk_284,Kusko,2021,0.708265584363854,0.472119466965349,0.00118071411107096,695.372398215907,926.177728628589,1216.728,0.708018253058308,265.98534815807096
986,516.664,0.709705961584272,0.475674949439858,1033.328,2021_kk_284,Kusko,2021,0.708217249541611,0.473318526232756,0.00119905926740682,695.372398215907,926.177728628589,1216.728,0.708018253058308,265.98534815807096
987,517.188,0.707948222483387,0.473905443331639,1034.376,2021_kk_284,Kusko,2021,0.708225928385533,0.474556969416267,0.00123844318351146,695.372398215907,926.177728628589,1216.728,0.708018253058308,265.98534815807096
988,517.712,0.708406323856966,0.477723110279861,1035.424,2021_kk_284,Kusko,2021,0.708299199783437,0.475560161877268,0.00100319246100067,695.372398215907,926.177728628589,1216.728,0.708018253058308,265.98534815807096
989,518.236,0.70801618852026,0.48399314976069,1036.472,2021_kk_284,Kusko,2021,0.708321410523471,0.47678726455447,0.00122710267720177,695.372398215907,926.177728628589,1216.728,0.708018253058308,265.98534815807096
990,518.76,0.707688011367672,0.483729546651627,1037.52,2021_kk_284,Kusko,2021,0.70828192388353,0.477877205818704,0.00108994126423401,695.372398215907,926.177728628589,1216.728,0.708018253058308,265.98534815807096
991,519.284,0.708437339709407,0.486178194318812,1038.568,2021_kk_284,Kusko,2021,0.708308591186195,0.478942179654317,0.0010649738356131,695.372398215907,926.177728628589,1216.728,0.708018253058308,265.98534815807096
992,519.808,0.70879661990031,0.482560062550213,1039.616,2021_kk_284,Kusko,2021,0.708311208533603,0.479809298320305,8.671186659882e-4,695.372398215907,926.177728628589,1216.728,0.708018253058308,265.98534815807096
993,520.332,0.70921318386641,0.490467196241416,1040.664,2021_kk_284,Kusko,2021,0.708243550446847,0.480891804998949,0.00108250667864379,695.372398215907,926.177728628589,1216.728,0.708018253058308,265.98534815807096
994,520.856,0.709223418747338,0.499594805518657,1041.712,2021_kk_284,Kusko,2021,0.708211578094617,0.481889225544704,9.9742054575541e-4,695.372398215907,926.177728628589,1216.728,0.708018253058308,265.98534815807096
995,521.38,0.708729749627689,0.499752535771321,1042.76,2021_kk_284,Kusko,2021,0.708190680865377,0.48270875526367,8.1952971896592e-4,695.372398215907,926.177728628589,1216.728,0.708018253058308,265.98534815807096
996,521.904,0.706373577866489,0.505709634614991,1043.808,2021_kk_284,Kusko,2021,0.708220827997862,0.483295917338351,5.8716207468106e-4,695.372398215907,926.177728628589,1216.728,0.708018253058308,265.98534815807096
997,522.428,0.70701036466185,0.519380954601968,1044.856,2021_kk_284,Kusko,2021,0.708266016333366,0.483812685072614,5.1676773426229e-4,695.372398215907,926.177728628589,1216.728,0.708018253058308,265.98534815807096
998,522.952,0.70571194195564,0.508298159644909,1045.904,2021_kk_284,Kusko,2021,0.708224221806243,0.4845856865971,7.7300152448689e-4,695.372398215907,926.177728628589,1216.728,0.708018253058308,265.98534815807096
999,523.476,0.707726413767434,0.513698649507758,1046.952,2021_kk_284,Kusko,2021,0.708255754078569,0.484656934917805,7.12483207042092e-5,695.372398215907,926.177728628589,1216.728,0.708018253058308,265.98534815807096
1000,524,0.70681879725188,0.52261777255335,1048,2021_kk_284,Kusko,2021,0.708201525056424,0.484763686759046,1.0675184124175e-4,695.372398215907,926.177728628589,1216.728,0.708018253058308,265.98534815807096
1001,524.524,0.706556647401321,0.520054596959733,1049.048,2021_kk_284,Kusko,2021,0.708137889062207,0.484841281055736,7.7594296689576e-5,695.372398215907,926.177728628589,1216.728,0.708018253058308,265.98534815807096
1002,525.048,0.708616448874915,0.518575032667472,1050.096,2021_kk_284,Kusko,2021,0.708124804299422,0.484651915946629,-1.8936510910744e-4,695.372398215907,926.177728628589,1216.728,0.708018253058308,265.98534815807096
1003,525.572,0.708175418004123,0.517357122645274,1051.144,2021_kk_284,Kusko,2021,0.708128169320034,0.484364307300605,-2.8760864602306e-4,695.372398215907,926.177728628589,1216.728,0.708018253058308,265.98534815807096
1004,526.096,0.706989774584573,0.522331436159279,1052.192,2021_kk_284,Kusko,2021,0.708132645921613,0.483762437750359,-6.0186955024643e-4,695.372398215907,926.177728628589,1216.728,0.708018253058308,265.98534815807096
1005,526.62,0.707819054598693,0.522768297380698,1053.24,2021_kk_284,Kusko,2021,0.708104333537673,0.483178032262958,-5.8440548740074e-4,695.372398215907,926.177728628589,1216.728,0.708018253058308,265.98534815807096
1006,527.144,0.708616068733518,0.523930010023932,1054.288,2021_kk_284,Kusko,2021,0.708097971345971,0.482772171227264,-4.0586103569451e-4,695.372398215907,926.177728628589,1216.728,0.708018253058308,265.98534815807096
1007,527.668,0.71106428623164,0.52684865146362,1055.336,2021_kk_284,Kusko,2021,0.70812811796027,0.481974217037533,-7.9795418973099e-4,695.372398215907,926.177728628589,1216.728,0.708018253058308,265.98534815807096
1008,528.192,0.706650731027025,0.528756035803279,1056.384,2021_kk_284,Kusko,2021,0.70812596480725,0.481091297535043,-8.8291950248997e-4,695.372398215907,926.177728628589,1216.728,0.708018253058308,265.98534815807096
1009,528.716,0.709023272839326,0.531544501783333,1057.432,2021_kk_284,Kusko,2021,0.708143201749287,0.480134577783721,-9.5671975132177e-4,695.372398215907,926.177728628589,1216.728,0.708018253058308,265.98534815807096
1010,529.24,0.706865150592389,0.526195575112145,1058.48,2021_kk_284,Kusko,2021,0.708187098954604,0.478888897485653,-0.00124568029806821,695.372398215907,926.177728628589,1216.728,0.708018253058308,265.98534815807096
1011,529.764,0.706661287280792,0.519813862079891,1059.528,2021_kk_284,Kusko,2021,0.708143232712415,0.477755165221601,-0.00113373226405145,695.372398215907,926.177728628589,1216.728,0.708018253058308,265.98534815807096
1012,530.288,0.709237437619259,0.515055657936641,1060.576,2021_kk_284,Kusko,2021,0.70815613068617,0.476423572236761,-0.00133159298484037,695.372398215907,926.177728628589,1216.728,0.708018253058308,265.98534815807096
1013,530.812,0.710505728499375,0.520407466139978,1061.624,2021_kk_284,Kusko,2021,0.708118814010745,0.474888333462171,-0.00153523877458966,695.372398215907,926.177728628589,1216.728,0.708018253058308,265.98534815807096
1014,531.336,0.708245200501496,0.510416882226799,1062.672,2021_kk_284,Kusko,2021,0.708032150645253,0.47334555093245,-0.00154278252972107,695.372398215907,926.177728628589,1216.728,0.708018253058308,265.98534815807096
1015,531.86,0.708322525066696,0.508937954817371,1063.72,2021_kk_284,Kusko,2021,0.70805549177274,0.471704420028843,-0.00164113090360724,695.372398215907,926.177728628589,1216.728,0.708018253058308,265.98534815807096
1016,532.384,0.706736306936088,0.504025132327152,1064.768,2021_kk_284,Kusko,2021,0.708006414673576,0.469466210127366,-0.00223820990147705,695.372398215907,926.177728628589,1216.728,0.708018253058308,265.98534815807096
1017,532.908,0.709521151469883,0.513265706449405,1065.816,2021_kk_284,Kusko,2021,0.707948211848317,0.466927716986435,-0.00253849314093119,695.372398215907,926.177728628589,1216.728,0.708018253058308,265.98534815807096
1018,533.432,0.709700189607151,0.503662166150625,1066.864,2021_kk_284,Kusko,2021,0.70797636205862,0.4643930650963,-0.00253465189013452,695.372398215907,926.177728628589,1216.728,0.708018253058308,265.98534815807096
1019,533.956,0.708883627682271,0.503926806173987,1067.912,2021_kk_284,Kusko,2021,0.708009255748679,0.461861614048153,-0.00253145104814684,695.372398215907,926.177728628589,1216.728,0.708018253058308,265.98534815807096
1020,534.48,0.70633884923208,0.496425668585625,1068.96,2021_kk_284,Kusko,2021,0.707985187089481,0.459570660479221,-0.00229095356893227,695.372398215907,926.177728628589,1216.728,0.708018253058308,265.98534815807096
1021,535.004,0.710252999026769,0.487944571288801,1070.008,2021_kk_284,Kusko,2021,0.708001577063173,0.457283995776401,-0.00228666470282063,695.372398215907,926.177728628589,1216.728,0.708018253058308,265.98534815807096
1022,535.528,0.709348467771811,0.482389133290369,1071.056,2021_kk_284,Kusko,2021,0.707977048523199,0.454918912573808,-0.00236508320259293,695.372398215907,926.177728628589,1216.728,0.708018253058308,265.98534815807096
1023,536.052,0.706945057907137,0.490983308577028,1072.104,2021_kk_284,Kusko,2021,0.707997948794296,0.452373710433405,-0.00254520214040233,695.372398215907,926.177728628589,1216.728,0.708018253058308,265.98534815807096
1024,536.576,0.705964003234393,0.483354119702826,1073.152,2021_kk_284,Kusko,2021,0.707956547222072,0.449715884263515,-0.0026578261698907402,695.372398215907,926.177728628589,1216.728,0.708018253058308,265.98534815807096
1025,537.1,0.708607805329141,0.469414273471272,1074.2,2021_kk_284,Kusko,2021,0.707950131489052,0.447139150041213,-0.00257673422230115,695.372398215907,926.177728628589,1216.728,0.708018253058308,265.98534815807096
1026,537.624,0.708086707882235,0.459546451763992,1075.248,2021_kk_284,Kusko,2021,0.707996799843425,0.444491308130361,-0.00264784191085204,695.372398215907,926.177728628589,1216.728,0.708018253058308,265.98534815807096
1027,538.148,0.71044718713422494,0.456187866168982,1076.296,2021_kk_284,Kusko,2021,0.708023223432464,0.441848525068624,-0.00264278306173737,695.372398215907,926.177728628589,1216.728,0.708018253058308,265.98534815807096
1028,538.672,0.706289600712371,0.46591890196003,1077.344,2021_kk_284,Kusko,2021,0.708122387229118,0.439178550142644,-0.00266997492597981,695.372398215907,926.177728628589,1216.728,0.708018253058308,265.98534815807096
1029,539.196,0.709937016596636,0.438001168534102,1078.392,2021_kk_284,Kusko,2021,0.708187458854386,0.436437038862286,-0.00274151128035771,695.372398215907,926.177728628589,1216.728,0.708018253058308,265.98534815807096
1030,539.72,0.705833498384471,0.43521856724031,1079.44,2021_kk_284,Kusko,2021,0.708232589127205,0.433582943785298,-0.00285409507698858,695.372398215907,926.177728628589,1216.728,0.708018253058308,265.98534815807096
1031,540.244,0.704258024754745,0.427385103707951,1080.488,2021_kk_284,Kusko,2021,0.708300989262735,0.430762871541419,-0.00282007224387881,695.372398215907,926.177728628589,1216.728,0.708018253058308,265.98534815807096
1032,540.768,0.705776080583803,0.428105838009247,1081.536,2021_kk_284,Kusko,2021,0.708277957157223,0.427924312175025,-0.00283855936639427,695.372398215907,926.177728628589,1216.728,0.708018253058308,265.98534815807096
1033,541.292,0.709212666395691,0.413503740561163,1082.584,2021_kk_284,Kusko,2021,0.708279972435638,0.425203545013882,-0.00272076716114245,695.372398215907,926.177728628589,1216.728,0.708018253058308,265.98534815807096
1034,541.816,0.709634852771991,0.401628026066216,1083.632,2021_kk_284,Kusko,2021,0.708320082952894,0.422497296152537,-0.00270624886134491,695.372398215907,926.177728628589,1216.728,0.708018253058308,265.98534815807096
1035,542.34,0.706091043477044,0.40517776219366,1084.68,2021_kk_284,Kusko,2021,0.708313162556148,0.41976396088763,-0.00273333526490765,695.372398215907,926.177728628589,1216.728,0.708018253058308,265.98534815807096
1036,542.864,0.707182949263913,0.403036032329981,1085.728,2021_kk_284,Kusko,2021,0.708300091109018,0.417193553839763,-0.00257040704786654,695.372398215907,926.177728628589,1216.728,0.708018253058308,265.98534815807096
1037,543.388,0.71041502363169,0.394458420126955,1086.776,2021_kk_284,Kusko,2021,0.708262604701398,0.414633120197707,-0.00256043364205621,695.372398215907,926.177728628589,1216.728,0.708018253058308,265.98534815807096
1038,543.912,0.706475618227465,0.391986552451432,1087.824,2021_kk_284,Kusko,2021,0.708357990994494,0.411964543282122,-0.00266857691558509,695.372398215907,926.177728628589,1216.728,0.708018253058308,265.98534815807096
1039,544.436,0.707665065437167,0.38254792560740303,1088.872,2021_kk_284,Kusko,2021,0.708349482599947,0.409304272724987,-0.00266027055713464,695.372398215907,926.177728628589,1216.728,0.708018253058308,265.98534815807096
1040,544.96,0.711912168235924,0.381486347930263,1089.92,2021_kk_284,Kusko,2021,0.70835665255995806,0.406640799355163,-0.0026634733698242,695.372398215907,926.177728628589,1216.728,0.708018253058308,265.98534815807096
1041,545.484,0.706932177511451,0.378792096349713,1090.968,2021_kk_284,Kusko,2021,0.708395091339535,0.404287159001577,-0.00235364035358659,695.372398215907,926.177728628589,1216.728,0.708018253058308,265.98534815807096
1042,546.008,0.709458792483019,0.374113829464074,1092.016,2021_kk_284,Kusko,2021,0.708394353478491,0.402166941167536,-0.00212021783404054,695.372398215907,926.177728628589,1216.728,0.708018253058308,265.98534815807096
1043,546.532,0.706546014983587,0.36770378817956,1093.064,2021_kk_284,Kusko,2021,0.708345458167802,0.40007501639066,-0.00209192477687614,695.372398215907,926.177728628589,1216.728,0.708018253058308,265.98534815807096
1044,547.056,0.70561707908123,0.362568416611354,1094.112,2021_kk_284,Kusko,2021,0.708297273850346,0.398290609376501,-0.00178440701415916,695.372398215907,926.177728628589,1216.728,0.708018253058308,265.98534815807096
1045,547.58,0.710104333596839,0.363230232470653,1095.16,2021_kk_284,Kusko,2021,0.708294419005111,0.396559898747133,-0.0017307106293673,695.372398215907,926.177728628589,1216.728,0.708018253058308,265.98534815807096
1046,548.104,0.706761335634438,0.341382355351233,1096.208,2021_kk_284,Kusko,2021,0.708352042780416,0.39516113409166,-0.00139876465547345,695.372398215907,926.177728628589,1216.728,0.708018253058308,265.98534815807096
1047,548.628,0.704456052967878,0.321595854875768,1097.256,2021_kk_284,Kusko,2021,0.708340692379635,0.393600530212941,-0.00156060387871854,695.372398215907,926.177728628589,1216.728,0.708018253058308,265.98534815807096
1048,549.152,0.71009533647513,0.325643996871791,1098.304,2021_kk_284,Kusko,2021,0.70831511580305,0.392262841320761,-0.00133768889218056,695.372398215907,926.177728628589,1216.728,0.708018253058308,265.98534815807096
1049,549.676,0.709989809923794,0.332106086871878,1099.352,2021_kk_284,Kusko,2021,0.708296519169301,0.391245418325818,-0.0010174229949424,695.372398215907,926.177728628589,1216.728,0.708018253058308,265.98534815807096
1050,550.2,0.706243891815808,0.346272332515691,1100.4,2021_kk_284,Kusko,2021,0.708375160603606,0.390364264303833,-8.8115402198524e-4,695.372398215907,926.177728628589,1216.728,0.708018253058308,265.98534815807096
1051,550.724,0.709420738130929,0.348978312149574,1101.448,2021_kk_284,Kusko,2021,0.708350837215305,0.389685571462317,-6.7869284151572e-4,695.372398215907,926.177728628589,1216.728,0.708018253058308,265.98534815807096
1052,551.248,0.707324907501854,0.340655070394636,1102.496,2021_kk_284,Kusko,2021,0.70831856254097,0.389433109824544,-2.5246163777381e-4,695.372398215907,926.177728628589,1216.728,0.708018253058308,265.98534815807096
1053,551.772,0.710467200132241,0.337755067817276,1103.544,2021_kk_284,Kusko,2021,0.708397162776469,0.389184115011954,-2.4899481258933e-4,695.372398215907,926.177728628589,1216.728,0.708018253058308,265.98534815807096
1054,552.296,0.706739324413868,0.340125235325212,1104.592,2021_kk_284,Kusko,2021,0.708475764785279,0.389232695402271,4.85803903169657e-5,695.372398215907,926.177728628589,1216.728,0.708018253058308,265.98534815807096
1055,552.82,0.708344805646536,0.345148482433252,1105.64,2021_kk_284,Kusko,2021,0.708515722915821,0.389550283750897,3.1758834862566e-4,695.372398215907,926.177728628589,1216.728,0.708018253058308,265.98534815807096
1056,553.344,0.709173679128816,0.346839119963866,1106.688,2021_kk_284,Kusko,2021,0.708548781746186,0.390058634499701,5.0835074880367e-4,695.372398215907,926.177728628589,1216.728,0.708018253058308,265.98534815807096
1057,553.868,0.7085957800042,0.360813970897724,1107.736,2021_kk_284,Kusko,2021,0.708542878248681,0.390730528212589,6.7189371288817e-4,695.372398215907,926.177728628589,1216.728,0.708018253058308,265.98534815807096
1058,554.392,0.711661769754905,0.348099664086122,1108.784,2021_kk_284,Kusko,2021,0.708582114451901,0.391600867641922,8.7033942933323e-4,695.372398215907,926.177728628589,1216.728,0.708018253058308,265.98534815807096
1059,554.916,0.711630711283522,0.349207972686296,1109.832,2021_kk_284,Kusko,2021,0.708544676985279,0.392955832396948,0.0013549647550255,695.372398215907,926.177728628589,1216.728,0.708018253058308,265.98534815807096
1060,555.44,0.709526613620996,0.351372067934032,1110.88,2021_kk_284,Kusko,2021,0.708550626887811,0.394407105246223,0.00145127284927538,695.372398215907,926.177728628589,1216.728,0.708018253058308,265.98534815807096
1061,555.964,0.710660655533153,0.350850262327007,1111.928,2021_kk_284,Kusko,2021,0.708634129013333,0.396179404890104,0.00177229964388137,695.372398215907,926.177728628589,1216.728,0.708018253058308,265.98534815807096
1062,556.488,0.707234522544157,0.348261470683817,1112.976,2021_kk_284,Kusko,2021,0.708681009023293,0.398076067637065,0.00189666274696121,695.372398215907,926.177728628589,1216.728,0.708018253058308,265.98534815807096
1063,557.012,0.708296334709016,0.354111092976726,1114.024,2021_kk_284,Kusko,2021,0.708684703130809,0.40024736633985,0.00217129870278437,695.372398215907,926.177728628589,1216.728,0.708018253058308,265.98534815807096
1064,557.536,0.709396405619961,0.359956504478588,1115.072,2021_kk_284,Kusko,2021,0.708636637900344,0.402716448979374,0.00246908263952367,695.372398215907,926.177728628589,1216.728,0.708018253058308,265.98534815807096
1065,558.06,0.7074038307939,0.358768181486238,1116.12,2021_kk_284,Kusko,2021,0.708667607723217,0.405370903778271,0.00265445479889775,695.372398215907,926.177728628589,1216.728,0.708018253058308,265.98534815807096
1066,558.584,0.707831781905753,0.369705587151938,1117.168,2021_kk_284,Kusko,2021,0.708713149763739,0.407891785380355,0.00252088160208325,695.372398215907,926.177728628589,1216.728,0.708018253058308,265.98534815807096
1067,559.108,0.708815101774457,0.373222632940247,1118.216,2021_kk_284,Kusko,2021,0.708702701400369,0.410714007490267,0.00282222210991284,695.372398215907,926.177728628589,1216.728,0.708018253058308,265.98534815807096
1068,559.632,0.712373908612766,0.368641420868176,1119.264,2021_kk_284,Kusko,2021,0.708730649477736,0.41366592620558,0.00295191871531247,695.372398215907,926.177728628589,1216.728,0.708018253058308,265.98534815807096
1069,560.156,0.708512769166504,0.371928268355255,1120.312,2021_kk_284,Kusko,2021,0.708755207144414,0.417263105651871,0.00359717944629123,695.372398215907,926.177728628589,1216.728,0.708018253058308,265.98534815807096
1070,560.68,0.707295348193061,0.366387172922695,1121.36,2021_kk_284,Kusko,2021,0.708697596600775,0.420466856822801,0.00320375117093014,695.372398215907,926.177728628589,1216.728,0.708018253058308,265.98534815807096
1071,561.204,0.708967614055368,0.378595440864696,1122.408,2021_kk_284,Kusko,2021,0.708712111315251,0.42422578771351,0.00375893089070894,695.372398215907,926.177728628589,1216.728,0.708018253058308,265.98534815807096
1072,561.728,0.709193165956664,0.387842587894209,1123.456,2021_kk_284,Kusko,2021,0.708701471389172,0.427896860907383,0.00367107319387289,695.372398215907,926.177728628589,1216.728,0.708018253058308,265.98534815807096
1073,562.252,0.707572009858001,0.394891979527411,1124.504,2021_kk_284,Kusko,2021,0.708768269954889,0.431655302526082,0.00375844161869882,695.372398215907,926.177728628589,1216.728,0.708018253058308,265.98534815807096
1074,562.776,0.705354141454176,0.403352461377248,1125.552,2021_kk_284,Kusko,2021,0.708831778887545,0.435405970648389,0.00375066812230673,695.372398215907,926.177728628589,1216.728,0.708018253058308,265.98534815807096
1075,563.3,0.708151234352551,0.405095317055332,1126.6,2021_kk_284,Kusko,2021,0.708840017433812,0.439243471095236,0.00383750044684777,695.372398215907,926.177728628589,1216.728,0.708018253058308,265.98534815807096
1076,563.824,0.710193733454384,0.420099252998744,1127.648,2021_kk_284,Kusko,2021,0.708886910140618,0.444008077737791,0.00476460664255451,695.372398215907,926.177728628589,1216.728,0.708018253058308,265.98534815807096
1077,564.348,0.708840127423038,0.419629473726294,1128.696,2021_kk_284,Kusko,2021,0.708975098906924,0.448879355676305,0.004871277938514,695.372398215907,926.177728628589,1216.728,0.708018253058308,265.98534815807096
1078,564.872,0.70816559501205,0.42340083261979,1129.744,2021_kk_284,Kusko,2021,0.708942174337548,0.453668619900113,0.00478926422380777,695.372398215907,926.177728628589,1216.728,0.708018253058308,265.98534815807096
1079,565.396,0.707767829657364,0.442881426477446,1130.792,2021_kk_284,Kusko,2021,0.708906551992571,0.458649351818893,0.00498073191878062,695.372398215907,926.177728628589,1216.728,0.708018253058308,265.98534815807096
1080,565.92,0.711057335290354,0.44355642726651,1131.84,2021_kk_284,Kusko,2021,0.70895804601923,0.463549475471345,0.00490012365245146,695.372398215907,926.177728628589,1216.728,0.708018253058308,265.98534815807096
1081,566.444,0.708793595728683,0.447223000797857,1132.888,2021_kk_284,Kusko,2021,0.708960171200147,0.468656129906305,0.00510665443496011,695.372398215907,926.177728628589,1216.728,0.708018253058308,265.98534815807096
1082,566.968,0.707411987311737,0.46724143502394,1133.936,2021_kk_284,Kusko,2021,0.70898679463645,0.473927362731127,0.00527123282482239,695.372398215907,926.177728628589,1216.728,0.708018253058308,265.98534815807096
1083,567.492,0.711661072037073,0.476043619821669,1134.984,2021_kk_284,Kusko,2021,0.708980121723533,0.479337072189028,0.00540970945790126,695.372398215907,926.177728628589,1216.728,0.708018253058308,265.98534815807096
1084,568.016,0.710680123762987,0.486268943121842,1136.032,2021_kk_284,Kusko,2021,0.708998481255771,0.484875928698706,0.00553885650967767,695.372398215907,926.177728628589,1216.728,0.708018253058308,265.98534815807096
1085,568.54,0.711005293161686,0.488469574388812,1137.08,2021_kk_284,Kusko,2021,0.709023974862307,0.490367968943406,0.00549204024469946,695.372398215907,926.177728628589,1216.728,0.708018253058308,265.98534815807096
1086,569.064,0.710070237704127,0.490047496692212,1138.128,2021_kk_284,Kusko,2021,0.709051025712523,0.496177422645628,0.00580945370222269,695.372398215907,926.177728628589,1216.728,0.708018253058308,265.98534815807096
1087,569.588,0.710092977283949,0.496501488942272,1139.176,2021_kk_284,Kusko,2021,0.709047633861669,0.501976170917301,0.00579874827167276,695.372398215907,926.177728628589,1216.728,0.708018253058308,265.98534815807096
1088,570.112,0.708643772905549,0.518139267720023,1140.224,2021_kk_284,Kusko,2021,0.708994118618699,0.508006583105484,0.00603041218818334,695.372398215907,926.177728628589,1216.728,0.708018253058308,265.98534815807096
1089,570.636,0.707690768599325,0.519299053835632,1141.272,2021_kk_284,Kusko,2021,0.708948607791201,0.513994854635447,0.00598827152996284,695.372398215907,926.177728628589,1216.728,0.708018253058308,265.98534815807096
1090,571.16,0.706190492536361,0.522294938196835,1142.32,2021_kk_284,Kusko,2021,0.708929791844702,0.519934336224873,0.00593948158942581,695.372398215907,926.177728628589,1216.728,0.708018253058308,265.98534815807096
1091,571.684,0.709268152286066,0.533723082340829,1143.368,2021_kk_284,Kusko,2021,0.708900749679015,0.526276787927489,0.00634245170261583,695.372398215907,926.177728628589,1216.728,0.708018253058308,265.98534815807096
1092,572.208,0.708588881181433,0.541905602826921,1144.416,2021_kk_284,Kusko,2021,0.708937146052282,0.532743417068248,0.00646662914075913,695.372398215907,926.177728628589,1216.728,0.708018253058308,265.98534815807096
1093,572.732,0.709434312846656,0.543781662728223,1145.464,2021_kk_284,Kusko,2021,0.708956196885333,0.539403548214617,0.00666013114636943,695.372398215907,926.177728628589,1216.728,0.708018253058308,265.98534815807096
1094,573.256,0.706750938944091,0.549772984437636,1146.512,2021_kk_284,Kusko,2021,0.708984154949874,0.546252712274744,0.00684916406012648,695.372398215907,926.177728628589,1216.728,0.708018253058308,265.98534815807096
1095,573.78,0.70794923284938,0.564445050127525,1147.56,2021_kk_284,Kusko,2021,0.708978916171805,0.553347663630557,0.00709495135581273,695.372398215907,926.177728628589,1216.728,0.708018253058308,265.98534815807096
1096,574.304,0.709915471695239,0.554288928454976,1148.608,2021_kk_284,Kusko,2021,0.708980264261397,0.56027756121186,0.00692989758130358,695.372398215907,926.177728628589,1216.728,0.708018253058308,265.98534815807096
1097,574.828,0.709788121829502,0.563791746721726,1149.656,2021_kk_284,Kusko,2021,0.708971796548045,0.567373096048207,0.00709553483634695,695.372398215907,926.177728628589,1216.728,0.708018253058308,265.98534815807096
1098,575.352,0.70815250286947,0.569101675370183,1150.704,2021_kk_284,Kusko,2021,0.708911539091916,0.574483042485122,0.00710994643691454,695.372398215907,926.177728628589,1216.728,0.708018253058308,265.98534815807096
1099,575.876,0.709138525437878,0.598378692384876,1151.752,2021_kk_284,Kusko,2021,0.708920936593492,0.581639629071984,0.00715658658686202,695.372398215907,926.177728628589,1216.728,0.708018253058308,265.98534815807096
1100,576.4,0.708455535617568,0.573711418186072,1152.8,2021_kk_284,Kusko,2021,0.708953757668549,0.589097019799883,0.00745739072789942,695.372398215907,926.177728628589,1216.728,0.708018253058308,265.98534815807096
1101,576.924,0.707803060380005,0.604327949792251,1153.848,2021_kk_284,Kusko,2021,0.70894519505833,0.596759070049679,0.0076620502497956,695.372398215907,926.177728628589,1216.728,0.708018253058308,265.98534815807096
1102,577.448,0.708820396918308,0.594378221096446,1154.896,2021_kk_284,Kusko,2021,0.708932479751458,0.604305945289674,0.00754687523999553,695.372398215907,926.177728628589,1216.728,0.708018253058308,265.98534815807096
1103,577.972,0.710553928926625,0.593210285301491,1155.944,2021_kk_284,Kusko,2021,0.708957574537562,0.611966791945986,0.00766084665631128,695.372398215907,926.177728628589,1216.728,0.708018253058308,265.98534815807096
1104,578.496,0.709427615040587,0.587608503949758,1156.992,2021_kk_284,Kusko,2021,0.709011133244734,0.619348694775276,0.00738190282929063,695.372398215907,926.177728628589,1216.728,0.708018253058308,265.98534815807096
1105,579.02,0.710598646372836,0.593480259281522,1158.04,2021_kk_284,Kusko,2021,0.709060173486571,0.626617658770486,0.00726896399520993,695.372398215907,926.177728628589,1216.728,0.708018253058308,265.98534815807096
1106,579.544,0.709574898042821,0.627258753904503,1159.088,2021_kk_284,Kusko,2021,0.70904184540417,0.633861660850169,0.0072440020796829,695.372398215907,926.177728628589,1216.728,0.708018253058308,265.98534815807096
1107,580.068,0.709747378946224,0.613872531186606,1160.136,2021_kk_284,Kusko,2021,0.709027785350139,0.64134787001731,0.00748620916714104,695.372398215907,926.177728628589,1216.728,0.708018253058308,265.98534815807096
1108,580.592,0.708119862312548,0.612999850300258,1161.184,2021_kk_284,Kusko,2021,0.709070421540295,0.6485527423869,0.00720487236959033,695.372398215907,926.177728628589,1216.728,0.708018253058308,265.98534815807096
1109,581.116,0.70785246922521206,0.630950001998716,1162.232,2021_kk_284,Kusko,2021,0.709075692040802,0.655536652003015,0.00698390961611417,695.372398215907,926.177728628589,1216.728,0.708018253058308,265.98534815807096
1110,581.64,0.709333533415348,0.64027975166278,1163.28,2021_kk_284,Kusko,2021,0.709055365137441,0.662921388634772,0.00738473663175754,695.372398215907,926.177728628589,1216.728,0.708018253058308,265.98534815807096
1111,582.164,0.709548248985937,0.655377578247181,1164.328,2021_kk_284,Kusko,2021,0.709035814888036,0.67018735201287,0.00726596337809793,695.372398215907,926.177728628589,1216.728,0.708018253058308,265.98534815807096
1112,582.688,0.708922313680027,0.656929039883978,1165.376,2021_kk_284,Kusko,2021,0.709069563132294,0.676959325683297,0.00677197367042737,695.372398215907,926.177728628589,1216.728,0.708018253058308,265.98534815807096
1113,583.212,0.710066825357238,0.662337635291352,1166.424,2021_kk_284,Kusko,2021,0.709042016680879,0.683970270741373,0.00701094505807587,695.372398215907,926.177728628589,1216.728,0.708018253058308,265.98534815807096
1114,583.736,0.707840896348153,0.672456625905871,1167.472,2021_kk_284,Kusko,2021,0.709016269328267,0.690809561089696,0.00683929034832242,695.372398215907,926.177728628589,1216.728,0.708018253058308,265.98534815807096
1115,584.26,0.709874422038683,0.674670897115218,1168.52,2021_kk_284,Kusko,2021,0.70897112401629,0.697810616944676,0.0070010558549799,695.372398215907,926.177728628589,1216.728,0.708018253058308,265.98534815807096
1116,584.784,0.710796730141783,0.695406342097228,1169.568,2021_kk_284,Kusko,2021,0.708963295102921,0.704992483804176,0.00718186685950017,695.372398215907,926.177728628589,1216.728,0.708018253058308,265.98534815807096
1117,585.308,0.70839226895295,0.708738867198091,1170.616,2021_kk_284,Kusko,2021,0.708970623149154,0.711868381841423,0.00687589803724731,695.372398215907,926.177728628589,1216.728,0.708018253058308,265.98534815807096
1118,585.832,0.708450855176721,0.709924395377124,1171.664,2021_kk_284,Kusko,2021,0.708962273373451,0.718431516558692,0.00656313471726888,695.372398215907,926.177728628589,1216.728,0.708018253058308,265.98534815807096
1119,586.356,0.708900061633607,0.708504264484066,1172.712,2021_kk_284,Kusko,2021,0.708980193786093,0.72495950528589,0.00652798872719851,695.372398215907,926.177728628589,1216.728,0.708018253058308,265.98534815807096
1120,586.88,0.708397656831046,0.70774096329958,1173.76,2021_kk_284,Kusko,2021,0.709032478206597,0.731607831873113,0.0066483265872227,695.372398215907,926.177728628589,1216.728,0.708018253058308,265.98534815807096
1121,587.404,0.708918125591937,0.731397364483957,1174.808,2021_kk_284,Kusko,2021,0.709017569067036,0.738407208664043,0.00679937679093012,695.372398215907,926.177728628589,1216.728,0.708018253058308,265.98534815807096
1122,587.928,0.709418304940216,0.736259219129367,1175.856,2021_kk_284,Kusko,2021,0.709013226256566,0.745185662458805,0.00677845379476139,695.372398215907,926.177728628589,1216.728,0.708018253058308,265.98534815807096
1123,588.452,0.709439384692081,0.753718961758893,1176.904,2021_kk_284,Kusko,2021,0.709009236676206,0.751983410474759,0.00679774801595467,695.372398215907,926.177728628589,1216.728,0.708018253058308,265.98534815807096
1124,588.976,0.711073889492421,0.77090634808618,1177.952,2021_kk_284,Kusko,2021,0.709033025601043,0.758635951513339,0.00665254103857948,695.372398215907,926.177728628589,1216.728,0.708018253058308,265.98534815807096
1125,589.5,0.707089504109738,0.784465262834995,1179,2021_kk_284,Kusko,2021,0.709080156093736,0.764889071440965,0.00625311992762567,695.372398215907,926.177728628589,1216.728,0.708018253058308,265.98534815807096
1126,590.024,0.7079126672813,0.785499442030152,1180.048,2021_kk_284,Kusko,2021,0.709077780902001,0.771405838483791,0.00651676704282622,695.372398215907,926.177728628589,1216.728,0.708018253058308,265.98534815807096
1127,590.548,0.708307038973308,0.798954723121065,1181.096,2021_kk_284,Kusko,2021,0.709066227209801,0.777389699705369,0.00598386122157846,695.372398215907,926.177728628589,1216.728,0.708018253058308,265.98534815807096
1128,591.072,0.708758461245048,0.795238207083051,1182.144,2021_kk_284,Kusko,2021,0.709075539716257,0.783485526530768,0.00609582682539855,695.372398215907,926.177728628589,1216.728,0.708018253058308,265.98534815807096
1129,591.596,0.709076619261064,0.801323463566979,1183.192,2021_kk_284,Kusko,2021,0.709095446961006,0.789071393945142,0.00558586741437461,695.372398215907,926.177728628589,1216.728,0.708018253058308,265.98534815807096
1130,592.12,0.709264612696475,0.813830616596656,1184.24,2021_kk_284,Kusko,2021,0.709124092965457,0.795139008183734,0.0060676142385917,695.372398215907,926.177728628589,1216.728,0.708018253058308,265.98534815807096
1131,592.644,0.708453857442239,0.838318455852431,1185.288,2021_kk_284,Kusko,2021,0.709142856803468,0.800624966769175,0.00548595858544132,695.372398215907,926.177728628589,1216.728,0.708018253058308,265.98534815807096
1132,593.168,0.708430247544335,0.840655102293938,1186.336,2021_kk_284,Kusko,2021,0.709149133398137,0.805936353664844,0.00531138689566879,695.372398215907,926.177728628589,1216.728,0.708018253058308,265.98534815807096
1133,593.692,0.709077697024245,0.85454277890609,1187.384,2021_kk_284,Kusko,2021,0.709130611680583,0.811081039584293,0.00514468591944905,695.372398215907,926.177728628589,1216.728,0.708018253058308,265.98534815807096
1134,594.216,0.708567663884481,0.846266631134687,1188.432,2021_kk_284,Kusko,2021,0.709112257178982,0.816240377873413,0.0051593382891193,695.372398215907,926.177728628589,1216.728,0.708018253058308,265.98534815807096
1135,594.74,0.711093648862788,0.841233156767925,1189.48,2021_kk_284,Kusko,2021,0.709084398216133,0.821364529204333,0.00512415133092015,695.372398215907,926.177728628589,1216.728,0.708018253058308,265.98534815807096
1136,595.264,0.709094048510294,0.854739377779718,1190.528,2021_kk_284,Kusko,2021,0.70905572274226,0.825928590567588,0.00456406136325538,695.372398215907,926.177728628589,1216.728,0.708018253058308,265.98534815807096
1137,595.788,0.707996524181168,0.868802023754761,1191.576,2021_kk_284,Kusko,2021,0.709043318985759,0.830859288221051,0.00493069765346255,695.372398215907,926.177728628589,1216.728,0.708018253058308,265.98534815807096
1138,596.312,0.71072376642143,0.855693174795205,1192.624,2021_kk_284,Kusko,2021,0.709058628384042,0.835614266125257,0.00475497790420676,695.372398215907,926.177728628589,1216.728,0.708018253058308,265.98534815807096
1139,596.836,0.70808405968781,0.861916003444299,1193.672,2021_kk_284,Kusko,2021,0.709070044548245,0.839904787858041,0.00429052173278333,695.372398215907,926.177728628589,1216.728,0.708018253058308,265.98534815807096
1140,597.36,0.709837721088688,0.886640625171963,1194.72,2021_kk_284,Kusko,2021,0.709076653570589,0.843947140581155,0.00404235272311393,695.372398215907,926.177728628589,1216.728,0.708018253058308,265.98534815807096
1141,597.884,0.707620580764386,0.883180803483727,1195.768,2021_kk_284,Kusko,2021,0.709041846718183,0.847908991999801,0.00396185141864658,695.372398215907,926.177728628589,1216.728,0.708018253058308,265.98534815807096
1142,598.408,0.709436881967183,0.873559855249584,1196.816,2021_kk_284,Kusko,2021,0.709054035111987,0.851670715574018,0.00376172357421689,695.372398215907,926.177728628589,1216.728,0.708018253058308,265.98534815807096
1143,598.932,0.710008284952145,0.896700323306225,1197.864,2021_kk_284,Kusko,2021,0.709040347533989,0.855434263877794,0.0037635483037759,695.372398215907,926.177728628589,1216.728,0.708018253058308,265.98534815807096
1144,599.456,0.709135282606312,0.896626364021186,1198.912,2021_kk_284,Kusko,2021,0.709074900485264,0.859076178591388,0.00364191471359421,695.372398215907,926.177728628589,1216.728,0.708018253058308,265.98534815807096
1145,599.98,0.708296574443045,0.908532925687606,1199.96,2021_kk_284,Kusko,2021,0.709045281168368,0.862854540604373,0.00377836201298454,695.372398215907,926.177728628589,1216.728,0.708018253058308,265.98534815807096
1146,600.504,0.709600502901979,0.92095950826222,1201.008,2021_kk_284,Kusko,2021,0.709018097844654,0.866164417756456,0.00330987715208364,695.372398215907,926.177728628589,1216.728,0.708018253058308,265.98534815807096
1147,601.028,0.710532660057947,0.909055371177114,1202.056,2021_kk_284,Kusko,2021,0.709027650243972,0.869039467456706,0.00287504970024988,695.372398215907,926.177728628589,1216.728,0.708018253058308,265.98534815807096
1148,601.552,0.708142786363344,0.911927350756155,1203.104,2021_kk_284,Kusko,2021,0.70903442840258,0.872083741328749,0.00304427387204287,695.372398215907,926.177728628589,1216.728,0.708018253058308,265.98534815807096
1149,602.076,0.708765993357865,0.910978377467544,1204.152,2021_kk_284,Kusko,2021,0.709046758502021,0.875172092390691,0.00308835106194194,695.372398215907,926.177728628589,1216.728,0.708018253058308,265.98534815807096
1150,602.6,0.70932755776662,0.921194533430194,1205.2,2021_kk_284,Kusko,2021,0.709072952661907,0.878077473032556,0.00290538064186485,695.372398215907,926.177728628589,1216.728,0.708018253058308,265.98534815807096
1151,603.124,0.70837360391239,0.941685689796639,1206.248,2021_kk_284,Kusko,2021,0.709067543200365,0.880660693821264,0.00258322078870843,695.372398215907,926.177728628589,1216.728,0.708018253058308,265.98534815807096
1152,603.648,0.708328312553205,0.9486128305126,1207.296,2021_kk_284,Kusko,2021,0.709060891154744,0.883231593658194,0.0025708998369296,695.372398215907,926.177728628589,1216.728,0.708018253058308,265.98534815807096
1153,604.172,0.709194938025095,0.951646543685507,1208.344,2021_kk_284,Kusko,2021,0.709054279544745,0.885241682430411,0.00201008877221687,695.372398215907,926.177728628589,1216.728,0.708018253058308,265.98534815807096
1154,604.696,0.708178274434288,0.948925446752401,1209.392,2021_kk_284,Kusko,2021,0.709040256007764,0.886873299726689,0.00163161729627825,695.372398215907,926.177728628589,1216.728,0.708018253058308,265.98534815807096
1155,605.22,0.710777062410985,0.939632245785066,1210.44,2021_kk_284,Kusko,2021,0.709051554347324,0.888113191725268,0.00123989199857888,695.372398215907,926.177728628589,1216.728,0.708018253058308,265.98534815807096
1156,605.744,0.709772960191113,0.945294951024553,1211.488,2021_kk_284,Kusko,2021,0.70907034984735,0.88955985612765,0.00144666440238217,695.372398215907,926.177728628589,1216.728,0.708018253058308,265.98534815807096
1157,606.268,0.70909490029753,0.922823420016437,1212.536,2021_kk_284,Kusko,2021,0.709095035937699,0.890791460755732,0.00123160462808225,695.372398215907,926.177728628589,1216.728,0.708018253058308,265.98534815807096
1158,606.792,0.708711253256823,0.934851284894091,1213.584,2021_kk_284,Kusko,2021,0.709080330935247,0.892241750756102,0.00145029000036956,695.372398215907,926.177728628589,1216.728,0.708018253058308,265.98534815807096
1159,607.316,0.710332960122799,0.93353073724735,1214.632,2021_kk_284,Kusko,2021,0.709106841744221,0.893392186731861,0.00115043597575881,695.372398215907,926.177728628589,1216.728,0.708018253058308,265.98534815807096
1160,607.84,0.710174295884622,0.937768272501578,1215.68,2021_kk_284,Kusko,2021,0.709090236649976,0.894668869480225,0.00127668274836401,695.372398215907,926.177728628589,1216.728,0.708018253058308,265.98534815807096
1161,608.364,0.708928890660677,0.933485464918728,1216.728,2021_kk_284,Kusko,2021,0.70909124610311,0.895379561205569,7.1069172534388e-4,695.372398215907,926.177728628589,1216.728,0.708018253058308,265.98534815807096
1162,608.888,0.709196992598484,0.913061434836578,1217.776,2021_kk_284,Kusko,2021,0.709104281868843,0.895945681140274,5.6611993470523e-4,695.372398215907,926.177728628589,1216.728,0.708018253058308,265.98534815807096
1163,609.412,0.709442625873344,0.901891440468438,1218.824,2021_kk_284,Kusko,2021,0.709132185655446,0.896464027669872,5.1834652959825e-4,695.372398215907,926.177728628589,1216.728,0.708018253058308,265.98534815807096
1164,609.936,0.708326344944558,0.897168801296915,1219.872,2021_kk_284,Kusko,2021,0.709143763541132,0.897049839169081,5.8581149920933e-4,695.372398215907,926.177728628589,1216.728,0.708018253058308,265.98534815807096
1165,610.46,0.70892710860185,0.900929339136731,1220.92,2021_kk_284,Kusko,2021,0.709101781049598,0.897568949266244,5.1911009716265e-4,695.372398215907,926.177728628589,1216.728,0.708018253058308,265.98534815807096
1166,610.984,0.707854369610497,0.901102435699823,1221.968,2021_kk_284,Kusko,2021,0.70909286320777,0.897844331315083,2.7538204883936e-4,695.372398215907,926.177728628589,1216.728,0.708018253058308,265.98534815807096
1167,611.508,0.709003153556135,0.909714390394364,1223.016,2021_kk_284,Kusko,2021,0.709117191597617,0.898320519187607,4.7618787252334e-4,695.372398215907,926.177728628589,1216.728,0.708018253058308,265.98534815807096
1168,612.032,0.709038426209534,0.898298524552669,1224.064,2021_kk_284,Kusko,2021,0.709091237834157,0.899221764810723,9.012456231161e-4,695.372398215907,926.177728628589,1216.728,0.708018253058308,265.98534815807096
1169,612.556,0.708537439077402,0.88838130596571,1225.112,2021_kk_284,Kusko,2021,0.709112431936827,0.899761448753927,5.3968394320369e-4,695.372398215907,926.177728628589,1216.728,0.708018253058308,265.98534815807096
1170,613.08,0.709730074755984,0.882820915049617,1226.16,2021_kk_284,Kusko,2021,0.709123994043143,0.899430059365233,-3.3138938869348e-4,695.372398215907,926.177728628589,1216.728,0.708018253058308,265.98534815807096
1171,613.604,0.707459837841596,0.893088663365972,1227.208,2021_kk_284,Kusko,2021,0.70917016013332,0.898991718502396,-4.3834086283711e-4,695.372398215907,926.177728628589,1216.728,0.708018253058308,265.98534815807096
1172,614.128,0.709653617308231,0.882632454336993,1228.256,2021_kk_284,Kusko,2021,0.709195357969478,0.898588434433638,-4.0328406875755e-4,695.372398215907,926.177728628589,1216.728,0.708018253058308,265.98534815807096
1173,614.652,0.709245570677371,0.88815053351791,1229.304,2021_kk_284,Kusko,2021,0.709145518178851,0.897765644804489,-8.2278962914983e-4,695.372398215907,926.177728628589,1216.728,0.708018253058308,265.98534815807096
1174,615.176,0.709914073424662,0.890971508721521,1230.352,2021_kk_284,Kusko,2021,0.709162704772464,0.896897130426267,-8.6851437822188e-4,695.372398215907,926.177728628589,1216.728,0.708018253058308,265.98534815807096
1175,615.7,0.708097263024869,0.901372617894298,1231.4,2021_kk_284,Kusko,2021,0.709213635100958,0.89606786052842,-8.2926989784704e-4,695.372398215907,926.177728628589,1216.728,0.708018253058308,265.98534815807096
1176,616.224,0.709165730718942,0.893998971222246,1232.448,2021_kk_284,Kusko,2021,0.709223510392976,0.894706269915073,-0.00136159061334673,695.372398215907,926.177728628589,1216.728,0.708018253058308,265.98534815807096
1177,616.748,0.708965412912053,0.881241849213083,1233.496,2021_kk_284,Kusko,2021,0.70918907907001,0.89333229767809,-0.00137397223698321,695.372398215907,926.177728628589,1216.728,0.708018253058308,265.98534815807096
1178,617.272,0.708857544693218,0.892580827699701,1234.544,2021_kk_284,Kusko,2021,0.709186669495543,0.891868672957296,-0.00146362472079353,695.372398215907,926.177728628589,1216.728,0.708018253058308,265.98534815807096
1179,617.796,0.709639867600065,0.893805328200582,1235.592,2021_kk_284,Kusko,2021,0.709203970623875,0.890669277195234,-0.00119939576206207,695.372398215907,926.177728628589,1216.728,0.708018253058308,265.98534815807096
1180,618.32,0.709969306424204,0.882063801811472,1236.64,2021_kk_284,Kusko,2021,0.70920768367732,0.889123935141234,-0.0015453420539997,695.372398215907,926.177728628589,1216.728,0.708018253058308,265.98534815807096
1181,618.844,0.708593557899402,0.88639061180646594,1237.688,2021_kk_284,Kusko,2021,0.709222841269701,0.887368274032721,-0.00175566110851366,695.372398215907,926.177728628589,1216.728,0.708018253058308,265.98534815807096
1182,619.368,0.709019182202988,0.890513209345147,1238.736,2021_kk_284,Kusko,2021,0.709228218618,0.885064737786337,-0.0023035362463838,695.372398215907,926.177728628589,1216.728,0.708018253058308,265.98534815807096
1183,619.892,0.709042688092112,0.874324288091898,1239.784,2021_kk_284,Kusko,2021,0.709214662409567,0.882594615847218,-0.00247012193911866,695.372398215907,926.177728628589,1216.728,0.708018253058308,265.98534815807096
1184,620.416,0.710232477273551,0.868803385862875,1240.832,2021_kk_284,Kusko,2021,0.709236357153792,0.880320836037948,-0.00227377980927046,695.372398215907,926.177728628589,1216.728,0.708018253058308,265.98534815807096
1185,620.94,0.707767404483382,0.85885878274973,1241.88,2021_kk_284,Kusko,2021,0.709196826731872,0.878179259741193,-0.0021415762967546,695.372398215907,926.177728628589,1216.728,0.708018253058308,265.98534815807096
1186,621.464,0.709040397282814,0.872299306173077,1242.928,2021_kk_284,Kusko,2021,0.709168252862242,0.876166126075024,-0.00201313366616973,695.372398215907,926.177728628589,1216.728,0.708018253058308,265.98534815807096
1187,621.988,0.709788204394262,0.872851000806003,1243.976,2021_kk_284,Kusko,2021,0.709161503656225,0.874161175832778,-0.00200495024224556,695.372398215907,926.177728628589,1216.728,0.708018253058308,265.98534815807096
1188,622.512,0.70787616109793,0.882255607105226,1245.024,2021_kk_284,Kusko,2021,0.709148953018363,0.871977279417902,-0.00218389641487615,695.372398215907,926.177728628589,1216.728,0.708018253058308,265.98534815807096
1189,623.036,0.710667267799508,0.870349622112504,1246.072,2021_kk_284,Kusko,2021,0.709129522028141,0.869766420204378,-0.00221085921352338,695.372398215907,926.177728628589,1216.728,0.708018253058308,265.98534815807096
1190,623.56,0.708268307041742,0.890431581498499,1247.12,2021_kk_284,Kusko,2021,0.709113045591548,0.86738880802391,-0.00237761218046872,695.372398215907,926.177728628589,1216.728,0.708018253058308,265.98534815807096
1191,624.084,0.708514424630312,0.880959959373061,1248.168,2021_kk_284,Kusko,2021,0.709098940861891,0.86481784635253,-0.00257096167137993,695.372398215907,926.177728628589,1216.728,0.708018253058308,265.98534815807096
1192,624.608,0.70921239348831,0.874622298376253,1249.216,2021_kk_284,Kusko,2021,0.709094739092829,0.862796055289808,-0.00202179106272227,695.372398215907,926.177728628589,1216.728,0.708018253058308,265.98534815807096
1193,625.132,0.710751924220423,0.885643570681992,1250.264,2021_kk_284,Kusko,2021,0.709092086726522,0.860683817806526,-0.00211223748328127,695.372398215907,926.177728628589,1216.728,0.708018253058308,265.98534815807096
1194,625.656,0.709262337025614,0.881415321087241,1251.312,2021_kk_284,Kusko,2021,0.70910097105116,0.858855248559077,-0.00182856924744879,695.372398215907,926.177728628589,1216.728,0.708018253058308,265.98534815807096
1195,626.18,0.708574699370755,0.872379762597687,1252.36,2021_kk_284,Kusko,2021,0.709095126925839,0.857011335097365,-0.00184391346171242,695.372398215907,926.177728628589,1216.728,0.708018253058308,265.98534815807096
1196,626.704,0.708558978000666,0.871262300710078,1253.408,2021_kk_284,Kusko,2021,0.709108248077884,0.855167352257341,-0.00184398284002374,695.372398215907,926.177728628589,1216.728,0.708018253058308,265.98534815807096
1197,627.228,0.709456227571978,0.897373296106161,1254.456,2021_kk_284,Kusko,2021,0.709145925982377,0.853239649648723,-0.00192770260861874,695.372398215907,926.177728628589,1216.728,0.708018253058308,265.98534815807096
1198,627.752,0.709166540613806,0.909767912182173,1255.504,2021_kk_284,Kusko,2021,0.709171499231662,0.851397807279528,-0.00184184236919482,695.372398215907,926.177728628589,1216.728,0.708018253058308,265.98534815807096
1199,628.276,0.709355705848017,0.894297040036521,1256.552,2021_kk_284,Kusko,2021,0.709178374902392,0.849804857891674,-0.00159294938785393,695.372398215907,926.177728628589,1216.728,0.708018253058308,265.98534815807096
1200,628.8,0.710531447467633,0.866757261850349,1257.6,2021_kk_284,Kusko,2021,0.709155518576462,0.848383765383278,-0.0014210925083955,695.372398215907,926.177728628589,1216.728,0.708018253058308,265.98534815807096
1201,629.324,0.710390546175009,0.856880351713504,1258.648,2021_kk_284,Kusko,2021,0.709167740604838,0.846821635299911,-0.00156213008336714,695.372398215907,926.177728628589,1216.728,0.708018253058308,265.98534815807096
1202,629.848,0.710948752136689,0.84936281112413,1259.696,2021_kk_284,Kusko,2021,0.709144101180929,0.84510225621461,-0.00171937908530106,695.372398215907,926.177728628589,1216.728,0.708018253058308,265.98534815807096
1203,630.372,0.707017897514514,0.847332945557234,1260.744,2021_kk_284,Kusko,2021,0.709130835123162,0.843304148531839,-0.001798107682771,695.372398215907,926.177728628589,1216.728,0.708018253058308,265.98534815807096
1204,630.896,0.710166478223089,0.844515501327875,1261.792,2021_kk_284,Kusko,2021,0.709123295452332,0.84201426191662,-0.00128988661521912,695.372398215907,926.177728628589,1216.728,0.708018253058308,265.98534815807096
1205,631.42,0.711352394152678,0.85877673181678,1262.84,2021_kk_284,Kusko,2021,0.709129215497534,0.840156323833003,-0.00185793808361701,695.372398215907,926.177728628589,1216.728,0.708018253058308,265.98534815807096
1206,631.944,0.710193020423099,0.839264071461423,1263.888,2021_kk_284,Kusko,2021,0.709121088104983,0.839032072807031,-0.00112425102597158,695.372398215907,926.177728628589,1216.728,0.708018253058308,265.98534815807096
1207,632.468,0.708466780679966,0.826617036958126,1264.936,2021_kk_284,Kusko,2021,0.709141649699331,0.837957857061679,-0.00107421574535282,695.372398215907,926.177728628589,1216.728,0.708018253058308,265.98534815807096
1208,632.992,0.707998211895324,0.824109867508544,1265.984,2021_kk_284,Kusko,2021,0.709171316305893,0.836460196995404,-0.00149766006627461,695.372398215907,926.177728628589,1216.728,0.708018253058308,265.98534815807096
1209,633.516,0.709804061057753,0.839014631743815,1267.032,2021_kk_284,Kusko,2021,0.709163711869573,0.834982470894744,-0.00147772610065999,695.372398215907,926.177728628589,1216.728,0.708018253058308,265.98534815807096
1210,634.04,0.709550340973357,0.828474010190208,1268.08,2021_kk_284,Kusko,2021,0.709146418241932,0.833825428223511,-0.00115704267123329,695.372398215907,926.177728628589,1216.728,0.708018253058308,265.98534815807096
1211,634.564,0.70928305945522,0.836346023285823,1269.128,2021_kk_284,Kusko,2021,0.709150713254402,0.83268560092577,-0.00113982729774098,695.372398215907,926.177728628589,1216.728,0.708018253058308,265.98534815807096
1212,635.088,0.708650953451169,0.810400655729571,1270.176,2021_kk_284,Kusko,2021,0.709171605282812,0.831378742522716,-0.00130685840305356,695.372398215907,926.177728628589,1216.728,0.708018253058308,265.98534815807096
1213,635.612,0.708381565519115,0.803439227338387,1271.224,2021_kk_284,Kusko,2021,0.70918102832785,0.830578595974442,-8.001465482742e-4,695.372398215907,926.177728628589,1216.728,0.708018253058308,265.98534815807096
1214,636.136,0.709479959087795,0.812498658196174,1272.272,2021_kk_284,Kusko,2021,0.709144697590168,0.83001091061798,-5.6768535646156e-4,695.372398215907,926.177728628589,1216.728,0.708018253058308,265.98534815807096
1215,636.66,0.708405237095794,0.81113766797979,1273.32,2021_kk_284,Kusko,2021,0.709156107204874,0.82943912781364,-5.7178280434044e-4,695.372398215907,926.177728628589,1216.728,0.708018253058308,265.98534815807096
1216,637.184,0.708058528013284,0.824506931054369,1274.368,2021_kk_284,Kusko,2021,0.709161225819927,0.828642582630701,-7.9654518293936e-4,695.372398215907,926.177728628589,1216.728,0.708018253058308,265.98534815807096
1217,637.708,0.708689947936505,0.8025264054817,1275.416,2021_kk_284,Kusko,2021,0.709142775915389,0.827693167986491,-9.4941464420983e-4,695.372398215907,926.177728628589,1216.728,0.708018253058308,265.98534815807096
1218,638.232,0.707958214985128,0.803817500001525,1276.464,2021_kk_284,Kusko,2021,0.709152100943425,0.827459096730676,-2.3407125581487e-4,695.372398215907,926.177728628589,1216.728,0.708018253058308,265.98534815807096
1219,638.756,0.709167100709453,0.800879184435944,1277.512,2021_kk_284,Kusko,2021,0.709134328083202,0.827032802884132,-4.2629384654424e-4,695.372398215907,926.177728628589,1216.728,0.708018253058308,265.98534815807096
1220,639.28,0.709185709689082,0.795111541673454,1278.56,2021_kk_284,Kusko,2021,0.70915746791261,0.826079906485795,-9.5289639833684e-4,695.372398215907,926.177728628589,1216.728,0.708018253058308,265.98534815807096
1221,639.804,0.708082606881249,0.779227764635927,1279.608,2021_kk_284,Kusko,2021,0.709169145083828,0.825032267231271,-0.00104763925452378,695.372398215907,926.177728628589,1216.728,0.708018253058308,265.98534815807096
1222,640.328,0.708944886454747,0.791753971073243,1280.656,2021_kk_284,Kusko,2021,0.709177118842541,0.82416829567085,-8.6397156042139e-4,695.372398215907,926.177728628589,1216.728,0.708018253058308,265.98534815807096
1223,640.852,0.709283483894943,0.775157191471564,1281.704,2021_kk_284,Kusko,2021,0.709144770477418,0.823488030872516,-6.8026479833349e-4,695.372398215907,926.177728628589,1216.728,0.708018253058308,265.98534815807096
1224,641.376,0.708859404422836,0.787454646449991,1282.752,2021_kk_284,Kusko,2021,0.709163742385315,0.822764006595168,-7.2402427734841e-4,695.372398215907,926.177728628589,1216.728,0.708018253058308,265.98534815807096
1225,641.9,0.70857646108257,0.790294531433988,1283.8,2021_kk_284,Kusko,2021,0.709203341167845,0.822316419174186,-4.4758742098172e-4,695.372398215907,926.177728628589,1216.728,0.708018253058308,265.98534815807096
1226,642.424,0.708641638733185,0.7904634652984,1284.848,2021_kk_284,Kusko,2021,0.709193509379349,0.821951388229292,-3.6503094489348e-4,695.372398215907,926.177728628589,1216.728,0.708018253058308,265.98534815807096
1227,642.948,0.711263827825732,0.794052233877236,1285.896,2021_kk_284,Kusko,2021,0.709188473688603,0.821110779838379,-8.4060839091348e-4,695.372398215907,926.177728628589,1216.728,0.708018253058308,265.98534815807096
1228,643.472,0.710572821166641,0.787787982400984,1286.944,2021_kk_284,Kusko,2021,0.709198633765855,0.820032926639434,-0.00107785319894482,695.372398215907,926.177728628589,1216.728,0.708018253058308,265.98534815807096
1229,643.996,0.708949979321186,0.792804342694478,1287.992,2021_kk_284,Kusko,2021,0.709177110532899,0.819285443132651,-7.4748350678299e-4,695.372398215907,926.177728628589,1216.728,0.708018253058308,265.98534815807096
1230,644.52,0.708358695200197,0.79755536454588,1289.04,2021_kk_284,Kusko,2021,0.709154377308122,0.818903478773281,-3.8196435937054e-4,695.372398215907,926.177728628589,1216.728,0.708018253058308,265.98534815807096
1231,645.044,0.70819315954414,0.799360858363947,1290.088,2021_kk_284,Kusko,2021,0.709120782973527,0.818824123776429,-7.93549968514107e-5,695.372398215907,926.177728628589,1216.728,0.708018253058308,265.98534815807096
1232,645.568,0.708235251873682,0.779469709218928,1291.136,2021_kk_284,Kusko,2021,0.709102702128513,0.818843446152741,1.93223763114148e-5,695.372398215907,926.177728628589,1216.728,0.708018253058308,265.98534815807096
1233,646.092,0.70844960721137,0.780264072551645,1292.184,2021_kk_284,Kusko,2021,0.709116886378823,0.818966575953727,1.2312980098605e-4,695.372398215907,926.177728628589,1216.728,0.708018253058308,265.98534815807096
1234,646.616,0.709461693174855,0.813578311808374,1293.232,2021_kk_284,Kusko,2021,0.709074677188635,0.819176742629794,2.1016667606721e-4,695.372398215907,926.177728628589,1216.728,0.708018253058308,265.98534815807096
1235,647.14,0.708452465736976,0.789896332877275,1294.28,2021_kk_284,Kusko,2021,0.709050899602845,0.819205584508001,2.88418782072863e-5,695.372398215907,926.177728628589,1216.728,0.708018253058308,265.98534815807096
1236,647.664,0.708678087165887,0.826543909663955,1295.328,2021_kk_284,Kusko,2021,0.709039478781377,0.819635116490073,4.295319820714e-4,695.372398215907,926.177728628589,1216.728,0.708018253058308,265.98534815807096
1237,648.188,0.71019910857294,0.816788904491918,1296.376,2021_kk_284,Kusko,2021,0.709059736062483,0.82044253130114,8.0741481106705e-4,695.372398215907,926.177728628589,1216.728,0.708018253058308,265.98534815807096
1238,648.712,0.710637541086934,0.80272122372322,1297.424,2021_kk_284,Kusko,2021,0.709086670811591,0.821007049777698,5.6451847655858e-4,695.372398215907,926.177728628589,1216.728,0.708018253058308,265.98534815807096
1239,649.236,0.709183601420882,0.805141762160985,1298.472,2021_kk_284,Kusko,2021,0.709068564538814,0.82137891569815,3.7186592045146e-4,695.372398215907,926.177728628589,1216.728,0.708018253058308,265.98534815807096
1240,649.76,0.708931688765757,0.812641241537475,1299.52,2021_kk_284,Kusko,2021,0.709057901339869,0.82183919780261006,4.6028210446047e-4,695.372398215907,926.177728628589,1216.728,0.708018253058308,265.98534815807096
1241,650.284,0.708851258647609,0.81800097394201,1300.568,2021_kk_284,Kusko,2021,0.709065121689033,0.822614617384879,7.7541958226834e-4,695.372398215907,926.177728628589,1216.728,0.708018253058308,265.98534815807096
1242,650.808,0.71027270390753094,0.81210170516193,1301.616,2021_kk_284,Kusko,2021,0.70907476547656,0.823456970026859,8.4235264198051e-4,695.372398215907,926.177728628589,1216.728,0.708018253058308,265.98534815807096
1243,651.332,0.709608070794423,0.826315495195443,1302.664,2021_kk_284,Kusko,2021,0.709074287885408,0.824373549946922,9.1657992006277e-4,695.372398215907,926.177728628589,1216.728,0.708018253058308,265.98534815807096
1244,651.856,0.708052633012604,0.834742264475184,1303.712,2021_kk_284,Kusko,2021,0.709054365576574,0.825191589115887,8.1803916896516e-4,695.372398215907,926.177728628589,1216.728,0.708018253058308,265.98534815807096
1245,652.38,0.708451981365786,0.824551814489305,1304.76,2021_kk_284,Kusko,2021,0.709060507808605,0.826070591323395,8.790022075078e-4,695.372398215907,926.177728628589,1216.728,0.708018253058308,265.98534815807096
1246,652.904,0.709347514185961,0.824506595196713,1305.808,2021_kk_284,Kusko,2021,0.709102991346373,0.82662741197265,5.5682064925555e-4,695.372398215907,926.177728628589,1216.728,0.708018253058308,265.98534815807096
1247,653.428,0.708681210122006,0.815886122153417,1306.856,2021_kk_284,Kusko,2021,0.70911451283241,0.827611389247506,9.8397727485577e-4,695.372398215907,926.177728628589,1216.728,0.708018253058308,265.98534815807096
1248,653.952,0.708435662780065,0.868211331756334,1307.904,2021_kk_284,Kusko,2021,0.70917735414169,0.828499239916998,8.8785066949226e-4,695.372398215907,926.177728628589,1216.728,0.708018253058308,265.98534815807096
1249,654.476,0.709600896186147,0.844771991319849,1308.952,2021_kk_284,Kusko,2021,0.709198514500427,0.829487553682845,9.8831376584707e-4,695.372398215907,926.177728628589,1216.728,0.708018253058308,265.98534815807096
1250,655,0.709656696806217,0.833257797598287,1310,2021_kk_284,Kusko,2021,0.709188583180991,0.830872971724997,0.00138541804215131,695.372398215907,926.177728628589,1216.728,0.708018253058308,265.98534815807096
1251,655.524,0.709215054903374,0.818101604101639,1311.048,2021_kk_284,Kusko,2021,0.709223691755137,0.832396810594273,0.00152383886927632,695.372398215907,926.177728628589,1216.728,0.708018253058308,265.98534815807096
1252,656.048,0.709690819011134,0.822784004750968,1312.096,2021_kk_284,Kusko,2021,0.709238076575451,0.83370174304839,0.00130493245411656,695.372398215907,926.177728628589,1216.728,0.708018253058308,265.98534815807096
1253,656.572,0.708811022313044,0.844827682781979,1313.144,2021_kk_284,Kusko,2021,0.709222895405675,0.835480409017305,0.00177866596891507,695.372398215907,926.177728628589,1216.728,0.708018253058308,265.98534815807096
1254,657.096,0.710400651499426,0.837973864446338,1314.192,2021_kk_284,Kusko,2021,0.709226389682333,0.836878134411623,0.00139772539431859,695.372398215907,926.177728628589,1216.728,0.708018253058308,265.98534815807096
1255,657.62,0.710950626322531,0.845524517338784,1315.24,2021_kk_284,Kusko,2021,0.70924344002742,0.837930309802489,0.00105217539086599,695.372398215907,926.177728628589,1216.728,0.708018253058308,265.98534815807096
1256,658.144,0.707969070690926,0.849360444016466,1316.288,2021_kk_284,Kusko,2021,0.709260309448947,0.839010663498101,0.00108035369561177,695.372398215907,926.177728628589,1216.728,0.708018253058308,265.98534815807096
1257,658.668,0.709154086127215,0.84693679265135,1317.336,2021_kk_284,Kusko,2021,0.709198587165583,0.840027056109837,0.00101639261173592,695.372398215907,926.177728628589,1216.728,0.708018253058308,265.98534815807096
1258,659.192,0.70977614524895,0.845096720245483,1318.384,2021_kk_284,Kusko,2021,0.709158748053718,0.841140217905976,0.00111316179613885,695.372398215907,926.177728628589,1216.728,0.708018253058308,265.98534815807096
1259,659.716,0.708064311870652,0.849448029629543,1319.432,2021_kk_284,Kusko,2021,0.709172378770155,0.842358559274216,0.00121834136824062,695.372398215907,926.177728628589,1216.728,0.708018253058308,265.98534815807096
1260,660.24,0.709167453981006,0.843839400288114,1320.48,2021_kk_284,Kusko,2021,0.709190225435204,0.843471415784339,0.00111285651012283,695.372398215907,926.177728628589,1216.728,0.708018253058308,265.98534815807096
1261,660.764,0.708374886099301,0.852119051902422,1321.528,2021_kk_284,Kusko,2021,0.709199433177683,0.844854653308029,0.00138323752368941,695.372398215907,926.177728628589,1216.728,0.708018253058308,265.98534815807096
1262,661.288,0.709863901435828,0.850522153702813,1322.576,2021_kk_284,Kusko,2021,0.709219580549995,0.846274297309496,0.0014196440014671,695.372398215907,926.177728628589,1216.728,0.708018253058308,265.98534815807096
1263,661.812,0.707868952533156,0.854720733616399,1323.624,2021_kk_284,Kusko,2021,0.709222266253391,0.847712115987474,0.00143781867797776,695.372398215907,926.177728628589,1216.728,0.708018253058308,265.98534815807096
1264,662.336,0.707633926811805,0.857125501891905,1324.672,2021_kk_284,Kusko,2021,0.709213175186298,0.848585211396604,8.7309540913094e-4,695.372398215907,926.177728628589,1216.728,0.708018253058308,265.98534815807096
1265,662.86,0.709925739005243,0.860507244509221,1325.72,2021_kk_284,Kusko,2021,0.709250086711014,0.849853959323248,0.00126874792664355,695.372398215907,926.177728628589,1216.728,0.708018253058308,265.98534815807096
1266,663.384,0.709507771135025,0.865035990385707,1326.768,2021_kk_284,Kusko,2021,0.709264797012439,0.850428859375422,5.7490005217397e-4,695.372398215907,926.177728628589,1216.728,0.708018253058308,265.98534815807096
1267,663.908,0.709682217546355,0.875061925622147,1327.816,2021_kk_284,Kusko,2021,0.709242620596124,0.850857180334564,4.2832095914213e-4,695.372398215907,926.177728628589,1216.728,0.708018253058308,265.98534815807096
1268,664.432,0.709614296841771,0.85798097610206,1328.864,2021_kk_284,Kusko,2021,0.709206343517782,0.851669663616306,8.1248328174199e-4,695.372398215907,926.177728628589,1216.728,0.708018253058308,265.98534815807096
1269,664.956,0.708717684691161,0.861326586970902,1329.912,2021_kk_284,Kusko,2021,0.709214327651577,0.8523755853323,7.0592171599437e-4,695.372398215907,926.177728628589,1216.728,0.708018253058308,265.98534815807096
1270,665.48,0.708910549036654,0.856090936457831,1330.96,2021_kk_284,Kusko,2021,0.709204412490815,0.852990553654169,6.1496832186813e-4,695.372398215907,926.177728628589,1216.728,0.708018253058308,265.98534815807096
1271,666.004,0.709716280405072,0.882871198221923,1332.008,2021_kk_284,Kusko,2021,0.709196202709635,0.853447270167785,4.5671651361667e-4,695.372398215907,926.177728628589,1216.728,0.708018253058308,265.98534815807096
1272,666.528,0.709229580702796,0.860941814248401,1333.056,2021_kk_284,Kusko,2021,0.709183430395109,0.853923721775279,4.7645160749343e-4,695.372398215907,926.177728628589,1216.728,0.708018253058308,265.98534815807096
1273,667.052,0.708352910049966,0.858434022542159,1334.104,2021_kk_284,Kusko,2021,0.709200186213586,0.854402794051013,4.790722757344e-4,695.372398215907,926.177728628589,1216.728,0.708018253058308,265.98534815807096
1274,667.576,0.708284620557749,0.861581008334079,1335.152,2021_kk_284,Kusko,2021,0.709213839155118,0.855148837405613,7.4604335460004e-4,695.372398215907,926.177728628589,1216.728,0.708018253058308,265.98534815807096
1275,668.1,0.708773771017679,0.863877800430259,1336.2,2021_kk_284,Kusko,2021,0.70923201258336,0.85564402119595,4.9518379033652e-4,695.372398215907,926.177728628589,1216.728,0.708018253058308,265.98534815807096
1276,668.624,0.710607540279327,0.857916170009708,1337.248,2021_kk_284,Kusko,2021,0.709229277507983,0.855916347743537,2.7232654758679e-4,695.372398215907,926.177728628589,1216.728,0.708018253058308,265.98534815807096
1277,669.148,0.709381237098747,0.861565041973044,1338.296,2021_kk_284,Kusko,2021,0.709248151968232,0.856397379504122,4.81031760585e-4,695.372398215907,926.177728628589,1216.728,0.708018253058308,265.98534815807096
1278,669.672,0.711728693541951,0.857088540171059,1339.344,2021_kk_284,Kusko,2021,0.709244222903676,0.855842865115421,-5.5451438870068e-4,695.372398215907,926.177728628589,1216.728,0.708018253058308,265.98534815807096
1279,670.196,0.710436722233664,0.860178010386771,1340.392,2021_kk_284,Kusko,2021,0.70922303124316,0.855992214304515,1.493491890937e-4,695.372398215907,926.177728628589,1216.728,0.708018253058308,265.98534815807096
1280,670.72,0.708589830522928,0.878236624202535,1341.44,2021_kk_284,Kusko,2021,0.709195127496054,0.856175461798987,1.832474944724e-4,695.372398215907,926.177728628589,1216.728,0.708018253058308,265.98534815807096
1281,671.244,0.71018912133001,0.870658096792502,1342.488,2021_kk_284,Kusko,2021,0.709214266788851,0.856988004671804,8.1254287281706e-4,695.372398215907,926.177728628589,1216.728,0.708018253058308,265.98534815807096
1282,671.768,0.709807975673542,0.870049918320236,1343.536,2021_kk_284,Kusko,2021,0.709207190545264,0.857667232840984,6.7922816918031e-4,695.372398215907,926.177728628589,1216.728,0.708018253058308,265.98534815807096
1283,672.292,0.708372613708378,0.881877149606477,1344.584,2021_kk_284,Kusko,2021,0.709212062015701,0.857787261271976,1.2002843099123e-4,695.372398215907,926.177728628589,1216.728,0.708018253058308,265.98534815807096
1284,672.816,0.709069061022347,0.871318170109105,1345.632,2021_kk_284,Kusko,2021,0.709213745938414,0.857879770842071,9.25095700954337e-5,695.372398215907,926.177728628589,1216.728,0.708018253058308,265.98534815807096
1285,673.34,0.709599481787766,0.853425054885947,1346.68,2021_kk_284,Kusko,2021,0.709186113992658,0.857727076288845,-1.5269455322564e-4,695.372398215907,926.177728628589,1216.728,0.708018253058308,265.98534815807096
1286,673.864,0.709653804024851,0.855284687035109,1347.728,2021_kk_284,Kusko,2021,0.709200127116707,0.857654286929428,-7.27893594176798e-5,695.372398215907,926.177728628589,1216.728,0.708018253058308,265.98534815807096
1287,674.388,0.707560490823883,0.855035790581385,1348.776,2021_kk_284,Kusko,2021,0.709200443279828,0.857584665026168,-6.96219032598755e-5,695.372398215907,926.177728628589,1216.728,0.708018253058308,265.98534815807096
1288,674.912,0.708182474454721,0.85457769016932,1349.824,2021_kk_284,Kusko,2021,0.709203658821682,0.85756875841922,-1.59066069478353e-5,695.372398215907,926.177728628589,1216.728,0.708018253058308,265.98534815807096
1289,675.436,0.70976782230741,0.865904824788909,1350.872,2021_kk_284,Kusko,2021,0.709239217576084,0.857522634368776,-4.61240504435745e-5,695.372398215907,926.177728628589,1216.728,0.708018253058308,265.98534815807096
1290,675.96,0.709429495103144,0.864326755153253,1351.92,2021_kk_284,Kusko,2021,0.709252750206771,0.858398192151309,8.7555778253278e-4,695.372398215907,926.177728628589,1216.728,0.708018253058308,265.98534815807096
1291,676.484,0.708745624092877,0.882355109785318,1352.968,2021_kk_284,Kusko,2021,0.709241063879545,0.858334311032256,-6.38811190531996e-5,695.372398215907,926.177728628589,1216.728,0.708018253058308,265.98534815807096
1292,677.008,0.70944409421239,0.864648349306952,1354.016,2021_kk_284,Kusko,2021,0.709213958273343,0.858405869335587,7.1558303330832e-5,695.372398215907,926.177728628589,1216.728,0.708018253058308,265.98534815807096
1293,677.532,0.70861074941517,0.866533193230307,1355.064,2021_kk_284,Kusko,2021,0.70925792459423,0.858371419865885,-3.44494697017694e-5,695.372398215907,926.177728628589,1216.728,0.708018253058308,265.98534815807096
1294,678.056,0.708916229149238,0.86596403635623,1356.112,2021_kk_284,Kusko,2021,0.709294589402325,0.858510018600702,1.3859873481703e-4,695.372398215907,926.177728628589,1216.728,0.708018253058308,265.98534815807096
1295,678.58,0.710667157219923,0.866021208475893,1357.16,2021_kk_284,Kusko,2021,0.709283317711733,0.858230731523243,-2.7928707745938e-4,695.372398215907,926.177728628589,1216.728,0.708018253058308,265.98534815807096
1296,679.104,0.709560705251392,0.861037912794395,1358.208,2021_kk_284,Kusko,2021,0.709271894740491,0.858083239969141,-1.4749155410143e-4,695.372398215907,926.177728628589,1216.728,0.708018253058308,265.98534815807096
1297,679.628,0.70886852359404,0.84248816204044,1359.256,2021_kk_284,Kusko,2021,0.709249938366495,0.857759755587814,-3.2348438132723e-4,695.372398215907,926.177728628589,1216.728,0.708018253058308,265.98534815807096
1298,680.152,0.708460916386431,0.851470220627743,1360.304,2021_kk_284,Kusko,2021,0.709241502259782,0.857288639731657,-4.7111585615722e-4,695.372398215907,926.177728628589,1216.728,0.708018253058308,265.98534815807096
1299,680.676,0.70966264944861,0.847497065120651,1361.352,2021_kk_284,Kusko,2021,0.709255438743392,0.857032364598947,-2.562751327102e-4,695.372398215907,926.177728628589,1216.728,0.708018253058308,265.98534815807096
1300,681.2,0.708336779119996,0.849539340849564,1362.4,2021_kk_284,Kusko,2021,0.709257127071179,0.85708083502195,4.84704230034882e-5,695.372398215907,926.177728628589,1216.728,0.708018253058308,265.98534815807096
1301,681.724,0.708358671776856,0.845403964759005,1363.448,2021_kk_284,Kusko,2021,0.709246114782512,0.856467386040784,-6.1344898116577e-4,695.372398215907,926.177728628589,1216.728,0.708018253058308,265.98534815807096
1302,682.248,0.709506365035933,0.840688801611532,1364.496,2021_kk_284,Kusko,2021,0.709231524820742,0.856306815000903,-1.6057103988098e-4,695.372398215907,926.177728628589,1216.728,0.708018253058308,265.98534815807096
1303,682.772,0.710613419903069,0.855059831739509,1365.544,2021_kk_284,Kusko,2021,0.709240500512146,0.855915154806122,-3.9166019478087e-4,695.372398215907,926.177728628589,1216.728,0.708018253058308,265.98534815807096
1304,683.296,0.708871809504492,0.879504865751186,1366.592,2021_kk_284,Kusko,2021,0.709273143149313,0.855328592484279,-5.8656232184317e-4,695.372398215907,926.177728628589,1216.728,0.708018253058308,265.98534815807096
1305,683.82,0.709542387060301,0.854262841909496,1367.64,2021_kk_284,Kusko,2021,0.709259623521206,0.854727648548379,-6.0094393590015e-4,695.372398215907,926.177728628589,1216.728,0.708018253058308,265.98534815807096
1306,684.344,0.709183409663403,0.840846188051922,1368.688,2021_kk_284,Kusko,2021,0.709221374431526,0.854825462987125,9.78144387460134e-5,695.372398215907,926.177728628589,1216.728,0.708018253058308,265.98534815807096
1307,684.868,0.709813677736905,0.844748027788512,1369.736,2021_kk_284,Kusko,2021,0.709225178704751,0.854723291007884,-1.02171979241e-4,695.372398215907,926.177728628589,1216.728,0.708018253058308,265.98534815807096
1308,685.392,0.708199918906739,0.834940468434299,1370.784,2021_kk_284,Kusko,2021,0.709204235000077,0.854992769268983,2.6947826109857e-4,695.372398215907,926.177728628589,1216.728,0.708018253058308,265.98534815807096
1309,685.916,0.708329396555188,0.853732942665471,1371.832,2021_kk_284,Kusko,2021,0.709181583431717,0.855250177163713,2.5740789472994e-4,695.372398215907,926.177728628589,1216.728,0.708018253058308,265.98534815807096
1310,686.44,0.707982471979809,0.844252647266632,1372.88,2021_kk_284,Kusko,2021,0.709178216106994,0.854549471896739,-7.0070526697407e-4,695.372398215907,926.177728628589,1216.728,0.708018253058308,265.98534815807096
1311,686.964,0.71036341247122,0.866854176470668,1373.928,2021_kk_284,Kusko,2021,0.709150190445912,0.853960578694815,-5.888932019239e-4,695.372398215907,926.177728628589,1216.728,0.708018253058308,265.98534815807096
1312,687.488,0.709266244395918,0.863537694901786,1374.976,2021_kk_284,Kusko,2021,0.709146135580008,0.853383667697066,-5.7691099774892e-4,695.372398215907,926.177728628589,1216.728,0.708018253058308,265.98534815807096
1313,688.012,0.709103310539261,0.85202938864146,1376.024,2021_kk_284,Kusko,2021,0.709184052508381,0.852706048684985,-6.7761901208107e-4,695.372398215907,926.177728628589,1216.728,0.708018253058308,265.98534815807096
1314,688.536,0.71050168686223,0.843524438652057,1377.072,2021_kk_284,Kusko,2021,0.709187037427583,0.85224049562654,-4.655530584452e-4,695.372398215907,926.177728628589,1216.728,0.708018253058308,265.98534815807096
1315,689.06,0.709292709577114,0.836362844145243,1378.12,2021_kk_284,Kusko,2021,0.709163242823277,0.851955850706791,-2.8464491974833e-4,695.372398215907,926.177728628589,1216.728,0.708018253058308,265.98534815807096
1316,689.584,0.708809858133924,0.84499308245141,1379.168,2021_kk_284,Kusko,2021,0.709133085492079,0.851689138229991,-2.6671247680032e-4,695.372398215907,926.177728628589,1216.728,0.708018253058308,265.98534815807096
1317,690.108,0.70917305591442,0.842759478455752,1380.216,2021_kk_284,Kusko,2021,0.709155362925709,0.851452386462663,-2.3675176732751e-4,695.372398215907,926.177728628589,1216.728,0.708018253058308,265.98534815807096
1318,690.632,0.709969077760194,0.844142323828619,1381.264,2021_kk_284,Kusko,2021,0.709188093769538,0.851196125701551,-2.5626076111229e-4,695.372398215907,926.177728628589,1216.728,0.708018253058308,265.98534815807096
1319,691.156,0.710197837134814,0.846680586602927,1382.312,2021_kk_284,Kusko,2021,0.709170644078829,0.850686863262966,-5.0926243858506e-4,695.372398215907,926.177728628589,1216.728,0.708018253058308,265.98534815807096
1320,691.68,0.70997941182218,0.89637286724008,1383.36,2021_kk_284,Kusko,2021,0.709174803758589,0.850054968928431,-6.3189433453447e-4,695.372398215907,926.177728628589,1216.728,0.708018253058308,265.98534815807096
1321,692.204,0.707673706465782,0.848286184759235,1384.408,2021_kk_284,Kusko,2021,0.709191920108594,0.849273846714683,-7.8112221374859e-4,695.372398215907,926.177728628589,1216.728,0.708018253058308,265.98534815807096
1322,692.728,0.708237565063683,0.854815651902664,1385.456,2021_kk_284,Kusko,2021,0.70919251009248,0.848878980937623,-3.9486577705938e-4,695.372398215907,926.177728628589,1216.728,0.708018253058308,265.98534815807096
1323,693.252,0.710506931786401,0.85265376543429106,1386.504,2021_kk_284,Kusko,2021,0.709214406056059,0.848295569803238,-5.8341113438542e-4,695.372398215907,926.177728628589,1216.728,0.708018253058308,265.98534815807096
1324,693.776,0.709833815297497,0.865441425980925,1387.552,2021_kk_284,Kusko,2021,0.70921320622117,0.847675169916352,-6.2039988688578e-4,695.372398215907,926.177728628589,1216.728,0.708018253058308,265.98534815807096
1325,694.3,0.709249437569706,0.843750019861657,1388.6,2021_kk_284,Kusko,2021,0.709193176605227,0.847173957049948,-5.0121286640436e-4,695.372398215907,926.177728628589,1216.728,0.708018253058308,265.98534815807096
1326,694.824,0.708822392860552,0.856186497139621,1389.648,2021_kk_284,Kusko,2021,0.709195213797197,0.847112893268777,-6.10637811712111e-5,695.372398215907,926.177728628589,1216.728,0.708018253058308,265.98534815807096
1327,695.348,0.708364835106572,0.855652862742515,1390.696,2021_kk_284,Kusko,2021,0.709197628113622,0.846880693844727,-2.3219942404928e-4,695.372398215907,926.177728628589,1216.728,0.708018253058308,265.98534815807096
1328,695.872,0.709108130438992,0.829714024732627,1391.744,2021_kk_284,Kusko,2021,0.709218784884734,0.846589761788294,-2.9093205643349e-4,695.372398215907,926.177728628589,1216.728,0.708018253058308,265.98534815807096
1329,696.396,0.70955387370774,0.845950079008292,1392.792,2021_kk_284,Kusko,2021,0.70919387375813,0.846397127695427,-1.9263409286685e-4,695.372398215907,926.177728628589,1216.728,0.708018253058308,265.98534815807096
1330,696.92,0.709011848703876,0.858999161838038,1393.84,2021_kk_284,Kusko,2021,0.709210931081217,0.846166038082294,-2.3108961313345e-4,695.372398215907,926.177728628589,1216.728,0.708018253058308,265.98534815807096
1331,697.444,0.709055543085089,0.846064259351978,1394.888,2021_kk_284,Kusko,2021,0.709229816700741,0.845867038337905,-2.989997443884e-4,695.372398215907,926.177728628589,1216.728,0.708018253058308,265.98534815807096
1332,697.968,0.708354182996544,0.851307551855537,1395.936,2021_kk_284,Kusko,2021,0.709198924209018,0.845566123898813,-3.009144390923e-4,695.372398215907,926.177728628589,1216.728,0.708018253058308,265.98534815807096
1333,698.492,0.708891451534252,0.834934410855309,1396.984,2021_kk_284,Kusko,2021,0.709178627192937,0.845342973621364,-2.2315027744879e-4,695.372398215907,926.177728628589,1216.728,0.708018253058308,265.98534815807096
1334,699.016,0.710243178787751,0.826387269023494,1398.032,2021_kk_284,Kusko,2021,0.709164808092782,0.844891190693056,-4.5178292830772e-4,695.372398215907,926.177728628589,1216.728,0.708018253058308,265.98534815807096
1335,699.54,0.707962593331265,0.827821164276245,1399.08,2021_kk_284,Kusko,2021,0.709174690041228,0.844482284355197,-4.089063378595e-4,695.372398215907,926.177728628589,1216.728,0.708018253058308,265.98534815807096
1336,700.064,0.708312594898511,0.863785036334469,1400.128,2021_kk_284,Kusko,2021,0.709185701805809,0.844828164773807,3.4588041861016e-4,695.372398215907,926.177728628589,1216.728,0.708018253058308,265.98534815807096
1337,700.588,0.709609493492285,0.855434723218589,1401.176,2021_kk_284,Kusko,2021,0.709172889744616,0.844624333727668,-2.0383104613863e-4,695.372398215907,926.177728628589,1216.728,0.708018253058308,265.98534815807096
1338,701.112,0.710472071261493,0.873257235836979,1402.224,2021_kk_284,Kusko,2021,0.709174314675639,0.844496469943044,-1.2786378462448e-4,695.372398215907,926.177728628589,1216.728,0.708018253058308,265.98534815807096
1339,701.636,0.709077628132062,0.875622484070564,1403.272,2021_kk_284,Kusko,2021,0.709175363362563,0.844104320147236,-3.9214979580748e-4,695.372398215907,926.177728628589,1216.728,0.708018253058308,265.98534815807096
1340,702.16,0.708387791039569,0.836194308184089,1404.32,2021_kk_284,Kusko,2021,0.709168002690204,0.84377856904207,-3.2575110516608e-4,695.372398215907,926.177728628589,1216.728,0.708018253058308,265.98534815807096
1341,702.684,0.708507581665056,0.835324504677069,1405.368,2021_kk_284,Kusko,2021,0.709151767752181,0.842980969984574,-7.9759905749621e-4,695.372398215907,926.177728628589,1216.728,0.708018253058308,265.98534815807096
1342,703.208,0.70956468371934,0.835435258455297,1406.416,2021_kk_284,Kusko,2021,0.709144540365745,0.842248873782054,-7.3209620252023e-4,695.372398215907,926.177728628589,1216.728,0.708018253058308,265.98534815807096
1343,703.732,0.710647629410733,0.84122000888162,1407.464,2021_kk_284,Kusko,2021,0.709140583348293,0.841710669019303,-5.3820476275123e-4,695.372398215907,926.177728628589,1216.728,0.708018253058308,265.98534815807096
1344,704.256,0.709248156174489,0.843384986602394,1408.512,2021_kk_284,Kusko,2021,0.709128870636531,0.841213135378226,-4.9753364107652e-4,695.372398215907,926.177728628589,1216.728,0.708018253058308,265.98534815807096
1345,704.78,0.708171805529403,0.836346359701048,1409.56,2021_kk_284,Kusko,2021,0.709150787347469,0.840852310863289,-3.6082451493746e-4,695.372398215907,926.177728628589,1216.728,0.708018253058308,265.98534815807096
1346,705.304,0.707844364152944,0.839281938427087,1410.608,2021_kk_284,Kusko,2021,0.709173716158462,0.84056182631226,-2.9048455102831e-4,695.372398215907,926.177728628589,1216.728,0.708018253058308,265.98534815807096
1347,705.828,0.708897136841678,0.840830684541739,1411.656,2021_kk_284,Kusko,2021,0.709170051189165,0.840212040850488,-3.4978546177222e-4,695.372398215907,926.177728628589,1216.728,0.708018253058308,265.98534815807096
1348,706.352,0.710146325084481,0.839202044502584,1412.704,2021_kk_284,Kusko,2021,0.709171065733618,0.839882000607526,-3.3004024296201e-4,695.372398215907,926.177728628589,1216.728,0.708018253058308,265.98534815807096
1349,706.876,0.70872084086486,0.835349078473803,1413.752,2021_kk_284,Kusko,2021,0.709147310151269,0.839607412469904,-2.7458813762215e-4,695.372398215907,926.177728628589,1216.728,0.708018253058308,265.98534815807096
1350,707.4,0.709679075888749,0.82641309508119,1414.8,2021_kk_284,Kusko,2021,0.709130344116653,0.838507491410439,-0.00109992105946533,695.372398215907,926.177728628589,1216.728,0.708018253058308,265.98534815807096
1351,707.924,0.70977260509319,0.835487776960402,1415.848,2021_kk_284,Kusko,2021,0.709151027250195,0.838240654358956,-2.6683705148278e-4,695.372398215907,926.177728628589,1216.728,0.708018253058308,265.98534815807096
1352,708.448,0.709479493245542,0.840956402683386,1416.896,2021_kk_284,Kusko,2021,0.709169676059562,0.837769274165027,-4.7138019392845e-4,695.372398215907,926.177728628589,1216.728,0.708018253058308,265.98534815807096
1353,708.972,0.709924507229917,0.831528525167182,1417.944,2021_kk_284,Kusko,2021,0.709151860839188,0.837302867932001,-4.6640623302607e-4,695.372398215907,926.177728628589,1216.728,0.708018253058308,265.98534815807096
1354,709.496,0.708844239055903,0.828740043143082,1418.992,2021_kk_284,Kusko,2021,0.709135485972975,0.836582968267573,-7.198996644282e-4,695.372398215907,926.177728628589,1216.728,0.708018253058308,265.98534815807096
1355,710.02,0.709465380263322,0.835948436491629,1420.04,2021_kk_284,Kusko,2021,0.709134976894545,0.836269698397352,-3.1326987022162e-4,695.372398215907,926.177728628589,1216.728,0.708018253058308,265.98534815807096
1356,710.544,0.7096829367696,0.857374085924122,1421.088,2021_kk_284,Kusko,2021,0.709142837067807,0.835696614688311,-5.7308370904063e-4,695.372398215907,926.177728628589,1216.728,0.708018253058308,265.98534815807096
1357,711.068,0.709013382579522,0.82855619659748,1422.136,2021_kk_284,Kusko,2021,0.709179693301379,0.835237476292999,-4.5913839531164e-4,695.372398215907,926.177728628589,1216.728,0.708018253058308,265.98534815807096
1358,711.592,0.709730322653153,0.834014297241732,1423.184,2021_kk_284,Kusko,2021,0.709178529405479,0.835101957432361,-1.3551886063789e-4,695.372398215907,926.177728628589,1216.728,0.708018253058308,265.98534815807096
1359,712.116,0.708167981852387,0.835939019548644,1424.232,2021_kk_284,Kusko,2021,0.709165598234574,0.834530341783784,-5.7161564857755e-4,695.372398215907,926.177728628589,1216.728,0.708018253058308,265.98534815807096
1360,712.64,0.709360218505226,0.835673964061556,1425.28,2021_kk_284,Kusko,2021,0.709176547632967,0.833846748920826,-6.8359286295793e-4,695.372398215907,926.177728628589,1216.728,0.708018253058308,265.98534815807096
1361,713.164,0.709491808948252,0.827463980095699,1426.328,2021_kk_284,Kusko,2021,0.709160112437761,0.833527403676489,-3.1934524433663e-4,695.372398215907,926.177728628589,1216.728,0.708018253058308,265.98534815807096
1362,713.688,0.707652815532564,0.822633935265999,1427.376,2021_kk_284,Kusko,2021,0.709168337115675,0.832995640351244,-5.3176332524551e-4,695.372398215907,926.177728628589,1216.728,0.708018253058308,265.98534815807096
1363,714.212,0.709395598938203,0.841670815092582,1428.424,2021_kk_284,Kusko,2021,0.709170289787353,0.832966688422676,-2.89519285679996e-5,695.372398215907,926.177728628589,1216.728,0.708018253058308,265.98534815807096
1364,714.736,0.70804266349521,0.852397890052717,1429.472,2021_kk_284,Kusko,2021,0.709164815589908,0.83315525755771,1.8856913503451e-4,695.372398215907,926.177728628589,1216.728,0.708018253058308,265.98534815807096
1365,715.26,0.710135303967057,0.829728461637924,1430.52,2021_kk_284,Kusko,2021,0.709179860905612,0.833354457147079,1.9919958936887e-4,695.372398215907,926.177728628589,1216.728,0.708018253058308,265.98534815807096
1366,715.784,0.70984411553828,0.861599013168531,1431.568,2021_kk_284,Kusko,2021,0.709201256861667,0.833222156222375,-1.3230092470428e-4,695.372398215907,926.177728628589,1216.728,0.708018253058308,265.98534815807096
1367,716.308,0.709044954065313,0.832518165020193,1432.616,2021_kk_284,Kusko,2021,0.709174242132931,0.83315094097448,-7.12152478951067e-5,695.372398215907,926.177728628589,1216.728,0.708018253058308,265.98534815807096
1368,716.832,0.708285414768127,0.827268641356833,1433.664,2021_kk_284,Kusko,2021,0.709158891449446,0.832654274432785,-4.9666654169444e-4,695.372398215907,926.177728628589,1216.728,0.708018253058308,265.98534815807096
1369,717.356,0.708392317770619,0.830203954917023,1434.712,2021_kk_284,Kusko,2021,0.709164210037386,0.832171137784476,-4.8313664830912e-4,695.372398215907,926.177728628589,1216.728,0.708018253058308,265.98534815807096
1370,717.88,0.707540831638246,0.824707580956664,1435.76,2021_kk_284,Kusko,2021,0.709172424073591,0.832262542171903,9.14043874271631e-5,695.372398215907,926.177728628589,1216.728,0.708018253058308,265.98534815807096
1371,718.404,0.709389316189856,0.818998233020903,1436.808,2021_kk_284,Kusko,2021,0.709183402715911,0.832503001843274,2.4045967137098e-4,695.372398215907,926.177728628589,1216.728,0.708018253058308,265.98534815807096
1372,718.928,0.708832601209782,0.819611922750563,1437.856,2021_kk_284,Kusko,2021,0.709208484983976,0.833123244235312,6.2024239203728e-4,695.372398215907,926.177728628589,1216.728,0.708018253058308,265.98534815807096
1373,719.452,0.708865889492142,0.819737102876388,1438.904,2021_kk_284,Kusko,2021,0.70917812825972,0.833307618927991,1.8437469267984e-4,695.372398215907,926.177728628589,1216.728,0.708018253058308,265.98534815807096
1374,719.976,0.709798924156487,0.813672420187469,1439.952,2021_kk_284,Kusko,2021,0.709185577620141,0.833404504775938,9.68858479462043e-5,695.372398215907,926.177728628589,1216.728,0.708018253058308,265.98534815807096
1375,720.5,0.710607712233389,0.814713373248995,1441,2021_kk_284,Kusko,2021,0.709205116621136,0.833729503835187,3.2499905924943e-4,695.372398215907,926.177728628589,1216.728,0.708018253058308,265.98534815807096
1376,721.024,0.71018558679348,0.827564009389713,1442.048,2021_kk_284,Kusko,2021,0.709201917926499,0.834269074167618,5.3957033243112e-4,695.372398215907,926.177728628589,1216.728,0.708018253058308,265.98534815807096
1377,721.548,0.708953157756625,0.821772350749418,1443.096,2021_kk_284,Kusko,2021,0.709210085736367,0.834480058475978,2.1098430835986e-4,695.372398215907,926.177728628589,1216.728,0.708018253058308,265.98534815807096
1378,722.072,0.710029950427352,0.8243399092509,1444.144,2021_kk_284,Kusko,2021,0.709203529777807,0.834912732843946,4.3267436796823e-4,695.372398215907,926.177728628589,1216.728,0.708018253058308,265.98534815807096
1379,722.596,0.708772502193919,0.830205298345595,1445.192,2021_kk_284,Kusko,2021,0.709203743682977,0.835287064169905,3.7433132595887e-4,695.372398215907,926.177728628589,1216.728,0.708018253058308,265.98534815807096
1380,723.12,0.708961449745186,0.830377603672162,1446.24,2021_kk_284,Kusko,2021,0.709197907803086,0.83599233747477,7.0527330486436e-4,695.372398215907,926.177728628589,1216.728,0.708018253058308,265.98534815807096
1381,723.644,0.708914694478313,0.832275961670272,1447.288,2021_kk_284,Kusko,2021,0.709190460066188,0.836052955387211,6.06179124419404e-5,695.372398215907,926.177728628589,1216.728,0.708018253058308,265.98534815807096
1382,724.168,0.709356493625724,0.826532840266952,1448.336,2021_kk_284,Kusko,2021,0.709170199170685,0.836204675153767,1.5171976655536e-4,695.372398215907,926.177728628589,1216.728,0.708018253058308,265.98534815807096
1383,724.692,0.709438018563942,0.824669391452731,1449.384,2021_kk_284,Kusko,2021,0.709186295778872,0.836455502813217,2.5082765945039e-4,695.372398215907,926.177728628589,1216.728,0.708018253058308,265.98534815807096
1384,725.216,0.708851323324738,0.822247446115231,1450.432,2021_kk_284,Kusko,2021,0.709171555795876,0.836838443051767,3.8294023855023e-4,695.372398215907,926.177728628589,1216.728,0.708018253058308,265.98534815807096
1385,725.74,0.7092188928639,0.824953827648355,1451.48,2021_kk_284,Kusko,2021,0.709162991550721,0.837292353540632,4.5391048886422e-4,695.372398215907,926.177728628589,1216.728,0.708018253058308,265.98534815807096
1386,726.264,0.709294003256248,0.821801474597184,1452.528,2021_kk_284,Kusko,2021,0.709138751068941,0.83740141707746,1.0906353682882e-4,695.372398215907,926.177728628589,1216.728,0.708018253058308,265.98534815807096
1387,726.788,0.710576209120897,0.828104559023819,1453.576,2021_kk_284,Kusko,2021,0.709151799023636,0.837903635221257,5.022181437968e-4,695.372398215907,926.177728628589,1216.728,0.708018253058308,265.98534815807096
1388,727.312,0.709038296685008,0.821582893094352,1454.624,2021_kk_284,Kusko,2021,0.709139023850596,0.838484497671224,5.8086244996646e-4,695.372398215907,926.177728628589,1216.728,0.708018253058308,265.98534815807096
1389,727.836,0.70877800345342,0.811653140093632,1455.672,2021_kk_284,Kusko,2021,0.709145834937661,0.838868646873629,3.8414920240559e-4,695.372398215907,926.177728628589,1216.728,0.708018253058308,265.98534815807096
1390,728.36,0.709668812607456,0.817983590060564,1456.72,2021_kk_284,Kusko,2021,0.709166117623044,0.839467208612796,5.9856173916639e-4,695.372398215907,926.177728628589,1216.728,0.708018253058308,265.98534815807096
1391,728.884,0.708069431372737,0.826903544691773,1457.768,2021_kk_284,Kusko,2021,0.709167849622905,0.83998933079069,5.221221778946e-4,695.372398215907,926.177728628589,1216.728,0.708018253058308,265.98534815807096
1392,729.408,0.708847663671407,0.819401752340805,1458.816,2021_kk_284,Kusko,2021,0.709179234994773,0.840526602416031,5.3727162534067e-4,695.372398215907,926.177728628589,1216.728,0.708018253058308,265.98534815807096
1393,729.932,0.709008611834896,0.833197295141232,1459.864,2021_kk_284,Kusko,2021,0.709163256955673,0.841059980197657,5.3337778162554e-4,695.372398215907,926.177728628589,1216.728,0.708018253058308,265.98534815807096
1394,730.456,0.709914726941076,0.837701417125567,1460.912,2021_kk_284,Kusko,2021,0.70917429256995,0.841133851597358,7.38713997016083e-5,695.372398215907,926.177728628589,1216.728,0.708018253058308,265.98534815807096
1395,730.98,0.708865312273519,0.839773139638373,1461.96,2021_kk_284,Kusko,2021,0.709170504102221,0.84132171987596,1.8786827860217e-4,695.372398215907,926.177728628589,1216.728,0.708018253058308,265.98534815807096
1396,731.504,0.709596352261756,0.855846980852213,1463.008,2021_kk_284,Kusko,2021,0.709147669756211,0.841577140466753,2.5542059079297e-4,695.372398215907,926.177728628589,1216.728,0.708018253058308,265.98534815807096
1397,732.028,0.707988609768125,0.851161808344881,1464.056,2021_kk_284,Kusko,2021,0.709145972081952,0.842123843173886,5.4670270713297e-4,695.372398215907,926.177728628589,1216.728,0.708018253058308,265.98534815807096
1398,732.552,0.709551030252439,0.843457243335315,1465.104,2021_kk_284,Kusko,2021,0.709190752202564,0.842462334465008,3.384912911214e-4,695.372398215907,926.177728628589,1216.728,0.708018253058308,265.98534815807096
1399,733.076,0.709396743408421,0.84663428517202,1466.152,2021_kk_284,Kusko,2021,0.709172447583545,0.842861599018465,3.9926455345706e-4,695.372398215907,926.177728628589,1216.728,0.708018253058308,265.98534815807096
1400,733.6,0.708880633211865,0.841678571429719,1467.2,2021_kk_284,Kusko,2021,0.709211193767647,0.843601296958116,7.39697939651e-4,695.372398215907,926.177728628589,1216.728,0.708018253058308,265.98534815807096
1401,734.124,0.709166300204263,0.849752084959327,1468.248,2021_kk_284,Kusko,2021,0.709185738227891,0.844295699479006,6.944025208897e-4,695.372398215907,926.177728628589,1216.728,0.708018253058308,265.98534815807096
1402,734.648,0.71106961980326,0.872649801977538,1469.296,2021_kk_284,Kusko,2021,0.709195149886325,0.845076513732544,7.8081425353815e-4,695.372398215907,926.177728628589,1216.728,0.708018253058308,265.98534815807096
1403,735.172,0.70882622595535,0.852282490442414,1470.344,2021_kk_284,Kusko,2021,0.709200401527853,0.8461448369759,0.00106832324335582,695.372398215907,926.177728628589,1216.728,0.708018253058308,265.98534815807096
1404,735.696,0.709695117799779,0.849198137479165,1471.392,2021_kk_284,Kusko,2021,0.709179578781584,0.846915626099257,7.7078912335726e-4,695.372398215907,926.177728628589,1216.728,0.708018253058308,265.98534815807096
1405,736.22,0.709344145589058,0.855846303256019,1472.44,2021_kk_284,Kusko,2021,0.709163640096067,0.847609104132052,6.9347803279551e-4,695.372398215907,926.177728628589,1216.728,0.708018253058308,265.98534815807096
1406,736.744,0.707652442474761,0.87165615837295,1473.488,2021_kk_284,Kusko,2021,0.709130831161345,0.847862806316577,2.5370218452514e-4,695.372398215907,926.177728628589,1216.728,0.708018253058308,265.98534815807096
1407,737.268,0.709387205433719,0.853489743043326,1474.536,2021_kk_284,Kusko,2021,0.709128050756863,0.848314211772194,4.514054556165e-4,695.372398215907,926.177728628589,1216.728,0.708018253058308,265.98534815807096
1408,737.792,0.709752967570877,0.865162506580679,1475.584,2021_kk_284,Kusko,2021,0.709118520409042,0.848809013651831,4.9480187963701e-4,695.372398215907,926.177728628589,1216.728,0.708018253058308,265.98534815807096
1409,738.316,0.708733675175075,0.857808958031331,1476.632,2021_kk_284,Kusko,2021,0.709103156196365,0.849365334975371,5.5632132354011e-4,695.372398215907,926.177728628589,1216.728,0.708018253058308,265.98534815807096
1410,738.84,0.709328923095332,0.868729493373059,1477.68,2021_kk_284,Kusko,2021,0.709101402657537,0.849494976357204,1.2964138183313e-4,695.372398215907,926.177728628589,1216.728,0.708018253058308,265.98534815807096
1411,739.364,0.709325740879284,0.83912485170692,1478.728,2021_kk_284,Kusko,2021,0.709095902797409,0.849542037953753,4.70615965491028e-5,695.372398215907,926.177728628589,1216.728,0.708018253058308,265.98534815807096
1412,739.888,0.708263839515377,0.850059588676709,1479.776,2021_kk_284,Kusko,2021,0.709115253011176,0.849906604297914,3.6456634416048e-4,695.372398215907,926.177728628589,1216.728,0.708018253058308,265.98534815807096
1413,740.412,0.710890303721114,0.8465781847342,1480.824,2021_kk_284,Kusko,2021,0.709128212140721,0.850304723309505,3.9811901159125e-4,695.372398215907,926.177728628589,1216.728,0.708018253058308,265.98534815807096
1414,740.936,0.707959840076148,0.851716457456093,1481.872,2021_kk_284,Kusko,2021,0.709138990350146,0.85075525401471,4.5053070520473e-4,695.372398215907,926.177728628589,1216.728,0.708018253058308,265.98534815807096
1415,741.46,0.708951525554041,0.863183065823485,1482.92,2021_kk_284,Kusko,2021,0.709145874374304,0.851246324460647,4.9107044593754e-4,695.372398215907,926.177728628589,1216.728,0.708018253058308,265.98534815807096
1416,741.984,0.708228507862807,0.863917898133848,1483.968,2021_kk_284,Kusko,2021,0.709156967256122,0.851976299186172,7.299747255246e-4,695.372398215907,926.177728628589,1216.728,0.708018253058308,265.98534815807096
1417,742.508,0.709796259861192,0.858689285225284,1485.016,2021_kk_284,Kusko,2021,0.709137381941612,0.852568459538085,5.9216035191345e-4,695.372398215907,926.177728628589,1216.728,0.708018253058308,265.98534815807096
1418,743.032,0.708963812270764,0.868866044239717,1486.064,2021_kk_284,Kusko,2021,0.709133501612083,0.853010794444193,4.4233490610745e-4,695.372398215907,926.177728628589,1216.728,0.708018253058308,265.98534815807096
1419,743.556,0.708576647076279,0.858987971692978,1487.112,2021_kk_284,Kusko,2021,0.709131033762175,0.853547378275837,5.3658383164412e-4,695.372398215907,926.177728628589,1216.728,0.708018253058308,265.98534815807096
1420,744.08,0.710577179628228,0.87158766841154,1488.16,2021_kk_284,Kusko,2021,0.709109240650962,0.854067029031468,5.1965075563076e-4,695.372398215907,926.177728628589,1216.728,0.708018253058308,265.98534815807096
1421,744.604,0.709595728939875,0.858791310769378,1489.208,2021_kk_284,Kusko,2021,0.70910928815284,0.854530490655542,4.6346162407462e-4,695.372398215907,926.177728628589,1216.728,0.708018253058308,265.98534815807096
1422,745.128,0.708335937844675,0.85487023278644,1490.256,2021_kk_284,Kusko,2021,0.709141342657347,0.854842799031393,3.1230837585061e-4,695.372398215907,926.177728628589,1216.728,0.708018253058308,265.98534815807096
1423,745.652,0.708436916592158,0.873673481990119,1491.304,2021_kk_284,Kusko,2021,0.709150512956146,0.85512263059682,2.7983156542699e-4,695.372398215907,926.177728628589,1216.728,0.708018253058308,265.98534815807096
1424,746.176,0.708704800351854,0.856830174034811,1492.352,2021_kk_284,Kusko,2021,0.709162016072135,0.855198377783764,7.57471869441417e-5,695.372398215907,926.177728628589,1216.728,0.708018253058308,265.98534815807096
1425,746.7,0.70990799590335,0.841000558354056,1493.4,2021_kk_284,Kusko,2021,0.709158903006333,0.855946480056993,7.4810227322896e-4,695.372398215907,926.177728628589,1216.728,0.708018253058308,265.98534815807096
1426,747.224,0.70847405477764,0.876924248616107,1494.448,2021_kk_284,Kusko,2021,0.709158231506429,0.855835581471106,-1.1089858588742e-4,695.372398215907,926.177728628589,1216.728,0.708018253058308,265.98534815807096
1427,747.748,0.708943093609785,0.865320327448172,1495.496,2021_kk_284,Kusko,2021,0.709181445859776,0.856171770662547,3.3618919144184e-4,695.372398215907,926.177728628589,1216.728,0.708018253058308,265.98534815807096
1428,748.272,0.710972222004864,0.84757811882412,1496.544,2021_kk_284,Kusko,2021,0.709169451677852,0.856250687458656,7.89167961082748e-5,695.372398215907,926.177728628589,1216.728,0.708018253058308,265.98534815807096
1429,748.796,0.707294040629464,0.854159828124448,1497.592,2021_kk_284,Kusko,2021,0.709176112667135,0.856406039379135,1.5535192047921e-4,695.372398215907,926.177728628589,1216.728,0.708018253058308,265.98534815807096
1430,749.32,0.709865602684339,0.869089457335716,1498.64,2021_kk_284,Kusko,2021,0.709182315176802,0.857070695094703,6.6465571556806e-4,695.372398215907,926.177728628589,1216.728,0.708018253058308,265.98534815807096
1431,749.844,0.707861983804505,0.86066238427429,1499.688,2021_kk_284,Kusko,2021,0.709171879733988,0.85739396670453,3.2327160982725e-4,695.372398215907,926.177728628589,1216.728,0.708018253058308,265.98534815807096
1432,750.368,0.709397300715852,0.866460777962853,1500.736,2021_kk_284,Kusko,2021,0.709128051447498,0.857402430465915,8.4637613850802e-6,695.372398215907,926.177728628589,1216.728,0.708018253058308,265.98534815807096
1433,750.892,0.709180987983798,0.883836497477735,1501.784,2021_kk_284,Kusko,2021,0.709128847014245,0.857675457575691,2.7302710977539e-4,695.372398215907,926.177728628589,1216.728,0.708018253058308,265.98534815807096
1434,751.416,0.708549559380371,0.859919767588899,1502.832,2021_kk_284,Kusko,2021,0.709119102916905,0.857770416274026,9.49586983352013e-5,695.372398215907,926.177728628589,1216.728,0.708018253058308,265.98534815807096
1435,751.94,0.709651391102371,0.856322055216723,1503.88,2021_kk_284,Kusko,2021,0.709117822624184,0.857847210402074,7.67941280485074e-5,695.372398215907,926.177728628589,1216.728,0.708018253058308,265.98534815807096
1436,752.464,0.708217050710152,0.842786140461224,1504.928,2021_kk_284,Kusko,2021,0.709164544141893,0.857726787302397,-1.2042309967752e-4,695.372398215907,926.177728628589,1216.728,0.708018253058308,265.98534815807096
1437,752.988,0.708786333487693,0.848856678086407,1505.976,2021_kk_284,Kusko,2021,0.709185704561608,0.857951211230105,2.2442392770782e-4,695.372398215907,926.177728628589,1216.728,0.708018253058308,265.98534815807096
1438,753.512,0.709458129558072,0.854028022029123,1507.024,2021_kk_284,Kusko,2021,0.709191511976229,0.857824575595815,-1.2663563428949e-4,695.372398215907,926.177728628589,1216.728,0.708018253058308,265.98534815807096
1439,754.036,0.70785064943335,0.863584577758003,1508.072,2021_kk_284,Kusko,2021,0.709202742769545,0.85781689247346,-7.68312235521762e-6,695.372398215907,926.177728628589,1216.728,0.708018253058308,265.98534815807096
1440,754.56,0.708856237415487,0.838156086582143,1509.12,2021_kk_284,Kusko,2021,0.709199494091978,0.857502051220575,-3.1484125288527e-4,695.372398215907,926.177728628589,1216.728,0.708018253058308,265.98534815807096
1441,755.084,0.708584702870626,0.83509965746322,1510.168,2021_kk_284,Kusko,2021,0.709205116182123,0.857716624968615,2.1457374804012e-4,695.372398215907,926.177728628589,1216.728,0.708018253058308,265.98534815807096
1442,755.608,0.710517506451731,0.848406820916582,1511.216,2021_kk_284,Kusko,2021,0.709228940292236,0.857858382534301,1.4175756568657e-4,695.372398215907,926.177728628589,1216.728,0.708018253058308,265.98534815807096
1443,756.132,0.710215566336676,0.848556532148211,1512.264,2021_kk_284,Kusko,2021,0.709196253677791,0.857983918739597,1.2553620529576e-4,695.372398215907,926.177728628589,1216.728,0.708018253058308,265.98534815807096
1444,756.656,0.709498015890202,0.849279288427516,1513.312,2021_kk_284,Kusko,2021,0.709203076295874,0.858072374026994,8.84552873964273e-5,695.372398215907,926.177728628589,1216.728,0.708018253058308,265.98534815807096
1445,757.18,0.709631934313388,0.85441805440461,1514.36,2021_kk_284,Kusko,2021,0.70919989430682,0.857894533298673,-1.7784072832083e-4,695.372398215907,926.177728628589,1216.728,0.708018253058308,265.98534815807096
1446,757.704,0.709959576165362,0.865599958128659,1515.408,2021_kk_284,Kusko,2021,0.709196000574657,0.857808108317522,-8.64249811509676e-5,695.372398215907,926.177728628589,1216.728,0.708018253058308,265.98534815807096
1447,758.228,0.709401090250258,0.86363418013862,1516.456,2021_kk_284,Kusko,2021,0.709191314810239,0.857643082230825,-1.650260866971e-4,695.372398215907,926.177728628589,1216.728,0.708018253058308,265.98534815807096
1448,758.752,0.708805476913265,0.848122987460801,1517.504,2021_kk_284,Kusko,2021,0.709211683523184,0.857433501737149,-2.0958049367592e-4,695.372398215907,926.177728628589,1216.728,0.708018253058308,265.98534815807096
1449,759.276,0.708629932458977,0.843848169992282,1518.552,2021_kk_284,Kusko,2021,0.70924605664848706,0.857841802654022,4.0830091687293e-4,695.372398215907,926.177728628589,1216.728,0.708018253058308,265.98534815807096
1450,759.8,0.708361225934631,0.84916263539841,1519.6,2021_kk_284,Kusko,2021,0.709242011202027,0.857537732128113,-3.0407052590864e-4,695.372398215907,926.177728628589,1216.728,0.708018253058308,265.98534815807096
1451,760.324,0.708072281485423,0.854711242136251,1520.648,2021_kk_284,Kusko,2021,0.709228080991302,0.857346174583871,-1.9155754424193e-4,695.372398215907,926.177728628589,1216.728,0.708018253058308,265.98534815807096
1452,760.848,0.710770933941849,0.838140254891839,1521.696,2021_kk_284,Kusko,2021,0.709243437540542,0.85706192469013,-2.8424989374131e-4,695.372398215907,926.177728628589,1216.728,0.708018253058308,265.98534815807096
1453,761.372,0.709558829762823,0.84998718906685,1522.744,2021_kk_284,Kusko,2021,0.70925217830138,0.857322610604139,2.606859140094e-4,695.372398215907,926.177728628589,1216.728,0.708018253058308,265.98534815807096
1454,761.896,0.710604913900447,0.842246248342213,1523.792,2021_kk_284,Kusko,2021,0.709276804812462,0.857239513170768,-8.30974333716483e-5,695.372398215907,926.177728628589,1216.728,0.708018253058308,265.98534815807096
1455,762.42,0.708678528325387,0.884659276032115,1524.84,2021_kk_284,Kusko,2021,0.709267072122196,0.857291459845874,5.19466751063291e-5,695.372398215907,926.177728628589,1216.728,0.708018253058308,265.98534815807096
1456,762.944,0.709556062267509,0.849193065698966,1525.888,2021_kk_284,Kusko,2021,0.709289608085821,0.85662041036038,-6.7104948549356e-4,695.372398215907,926.177728628589,1216.728,0.708018253058308,265.98534815807096
1457,763.468,0.709381470968946,0.871333159831394,1526.936,2021_kk_284,Kusko,2021,0.7092937660998,0.856211109384679,-4.0930097570113e-4,695.372398215907,926.177728628589,1216.728,0.708018253058308,265.98534815807096
1458,763.992,0.708831379336995,0.848192251101809,1527.984,2021_kk_284,Kusko,2021,0.709287696926285,0.855996415790416,-2.1469359426373e-4,695.372398215907,926.177728628589,1216.728,0.708018253058308,265.98534815807096
1459,764.516,0.70979640276541,0.855955400400777,1529.032,2021_kk_284,Kusko,2021,0.709343551699878,0.855607385908477,-3.8902988193867e-4,695.372398215907,926.177728628589,1216.728,0.708018253058308,265.98534815807096
1460,765.04,0.709252783791894,0.881557914363796,1530.08,2021_kk_284,Kusko,2021,0.709324438962529,0.854947642854013,-6.5974305446359e-4,695.372398215907,926.177728628589,1216.728,0.708018253058308,265.98534815807096
1461,765.564,0.708540173635378,0.869148381548966,1531.128,2021_kk_284,Kusko,2021,0.709367666424797,0.854470753390281,-4.7688946373203e-4,695.372398215907,926.177728628589,1216.728,0.708018253058308,265.98534815807096
1462,766.088,0.708439922613905,0.873157627660639,1532.176,2021_kk_284,Kusko,2021,0.709363827750859,0.853954323487755,-5.1642990252609e-4,695.372398215907,926.177728628589,1216.728,0.708018253058308,265.98534815807096
1463,766.612,0.708873959960176,0.868664117028934,1533.224,2021_kk_284,Kusko,2021,0.709367550635278,0.853121453696067,-8.3286979168828e-4,695.372398215907,926.177728628589,1216.728,0.708018253058308,265.98534815807096
1464,767.136,0.709110471959378,0.854895659379282,1534.272,2021_kk_284,Kusko,2021,0.709366586222174,0.85273086251448,-3.9059118158635e-4,695.372398215907,926.177728628589,1216.728,0.708018253058308,265.98534815807096
1465,767.66,0.70926732802579,0.860453950938925,1535.32,2021_kk_284,Kusko,2021,0.709351866017639,0.852279025707169,-4.5183680731109e-4,695.372398215907,926.177728628589,1216.728,0.708018253058308,265.98534815807096
1466,768.184,0.710455733537296,0.864430772392295,1536.368,2021_kk_284,Kusko,2021,0.709356908824339,0.852098526726282,-1.8049898088701e-4,695.372398215907,926.177728628589,1216.728,0.708018253058308,265.98534815807096
1467,768.708,0.710656830616624,0.866955178705796,1537.416,2021_kk_284,Kusko,2021,0.709357294058448,0.851805970549503,-2.9255617677947e-4,695.372398215907,926.177728628589,1216.728,0.708018253058308,265.98534815807096
1468,769.232,0.710101412448122,0.857564368523309,1538.464,2021_kk_284,Kusko,2021,0.709339119636602,0.851414148316378,-3.9182223312461e-4,695.372398215907,926.177728628589,1216.728,0.708018253058308,265.98534815807096
1469,769.756,0.709407522774052,0.857347970690016,1539.512,2021_kk_284,Kusko,2021,0.709365009156382,0.850817028266123,-5.971200502548e-4,695.372398215907,926.177728628589,1216.728,0.708018253058308,265.98534815807096
1470,770.28,0.709134002441302,0.849839018199944,1540.56,2021_kk_284,Kusko,2021,0.709369363877155,0.850693428233015,-1.2360003310896e-4,695.372398215907,926.177728628589,1216.728,0.708018253058308,265.98534815807096
1471,770.804,0.709663066287973,0.851999276589327,1541.608,2021_kk_284,Kusko,2021,0.709365302646766,0.850727414606381,3.39863733668233e-5,695.372398215907,926.177728628589,1216.728,0.708018253058308,265.98534815807096
1472,771.328,0.709693286122198,0.858565042617905,1542.656,2021_kk_284,Kusko,2021,0.7093420042355,0.850539805665236,-1.8760894114544e-4,695.372398215907,926.177728628589,1216.728,0.708018253058308,265.98534815807096
1473,771.852,0.708929106854412,0.854110357051943,1543.704,2021_kk_284,Kusko,2021,0.709312110678993,0.85030832851451,-2.3147715072591e-4,695.372398215907,926.177728628589,1216.728,0.708018253058308,265.98534815807096
1474,772.376,0.7083691971611,0.857023774699874,1544.752,2021_kk_284,Kusko,2021,0.709312395791743,0.850070531685038,-2.3779682947233e-4,695.372398215907,926.177728628589,1216.728,0.708018253058308,265.98534815807096
1475,772.9,0.70876060621080506,0.852512622124237,1545.8,2021_kk_284,Kusko,2021,0.709316973174181,0.849446419951402,-6.2411173363519e-4,695.372398215907,926.177728628589,1216.728,0.708018253058308,265.98534815807096
1476,773.424,0.707994883933054,0.85873239926479,1546.848,2021_kk_284,Kusko,2021,0.709301719832885,0.848809058185201,-6.373617662011e-4,695.372398215907,926.177728628589,1216.728,0.708018253058308,265.98534815807096
1477,773.948,0.709515113996062,0.848787720023462,1547.896,2021_kk_284,Kusko,2021,0.709289893675242,0.848206573960159,-6.0248422504238e-4,695.372398215907,926.177728628589,1216.728,0.708018253058308,265.98534815807096
1478,774.472,0.710185935047509,0.856291214619165,1548.944,2021_kk_284,Kusko,2021,0.709307179370027,0.8478169536941,-3.8962026605904e-4,695.372398215907,926.177728628589,1216.728,0.708018253058308,265.98534815807096
1479,774.996,0.710639034594422,0.883486026705348,1549.992,2021_kk_284,Kusko,2021,0.709329400050492,0.847551851470545,-2.6510222355491e-4,695.372398215907,926.177728628589,1216.728,0.708018253058308,265.98534815807096
1480,775.52,0.710334452840638,0.853343436857018,1551.04,2021_kk_284,Kusko,2021,0.70933726985743,0.847086008968059,-4.6584250248615e-4,695.372398215907,926.177728628589,1216.728,0.708018253058308,265.98534815807096
1481,776.044,0.708759916296397,0.847297858114867,1552.088,2021_kk_284,Kusko,2021,0.70936554583206,0.846281971510468,-8.0403745759105e-4,695.372398215907,926.177728628589,1216.728,0.708018253058308,265.98534815807096
1482,776.568,0.709257330799059,0.837815239161958,1553.136,2021_kk_284,Kusko,2021,0.709348202663732,0.845778982753258,-5.0298875720977e-4,695.372398215907,926.177728628589,1216.728,0.708018253058308,265.98534815807096
1483,777.092,0.70896136224243,0.889314636830682,1554.184,2021_kk_284,Kusko,2021,0.70932148060868,0.845163898038638,-6.150847146199e-4,695.372398215907,926.177728628589,1216.728,0.708018253058308,265.98534815807096
1484,777.616,0.710182391016788,0.851844328032511,1555.232,2021_kk_284,Kusko,2021,0.70925832548684,0.84490587690615,-2.5802113248796e-4,695.372398215907,926.177728628589,1216.728,0.708018253058308,265.98534815807096
1485,778.14,0.709324034487375,0.844117358860439,1556.28,2021_kk_284,Kusko,2021,0.709263869585051,0.843540359068431,-0.00136551783771888,695.372398215907,926.177728628589,1216.728,0.708018253058308,265.98534815807096
1486,778.664,0.709826212595151,0.836661279486496,1557.328,2021_kk_284,Kusko,2021,0.70924631699805,0.842863501673509,-6.7685739492251e-4,695.372398215907,926.177728628589,1216.728,0.708018253058308,265.98534815807096
1487,779.188,0.70919257444849,0.840762268906103,1558.376,2021_kk_284,Kusko,2021,0.70923864895646,0.841551246518808,-0.00131225515470101,695.372398215907,926.177728628589,1216.728,0.708018253058308,265.98534815807096
1488,779.712,0.710608071593982,0.834696503168299,1559.424,2021_kk_284,Kusko,2021,0.709219553117703,0.840621740264168,-9.2950625464005e-4,695.372398215907,926.177728628589,1216.728,0.708018253058308,265.98534815807096
1489,780.236,0.710645327045044,0.830818035208122,1560.472,2021_kk_284,Kusko,2021,0.709229186348989,0.83967819344682,-9.4354681734742e-4,695.372398215907,926.177728628589,1216.728,0.708018253058308,265.98534815807096
1490,780.76,0.708718838443423,0.829504874067906,1561.52,2021_kk_284,Kusko,2021,0.709223649774386,0.838264979320493,-0.00141321412632689,695.372398215907,926.177728628589,1216.728,0.708018253058308,265.98534815807096
1491,781.284,0.710455631540596,0.832049016450371,1562.568,2021_kk_284,Kusko,2021,0.709231215014999,0.837234870374193,-0.00103010894630051,695.372398215907,926.177728628589,1216.728,0.708018253058308,265.98534815807096
1492,781.808,0.709166980279534,0.835474983811283,1563.616,2021_kk_284,Kusko,2021,0.709234033995493,0.835994730079523,-0.00124014029467012,695.372398215907,926.177728628589,1216.728,0.708018253058308,265.98534815807096
1493,782.332,0.709404361048924,0.833864309976439,1564.664,2021_kk_284,Kusko,2021,0.709235929691425,0.835120378677007,-8.7435140251535e-4,695.372398215907,926.177728628589,1216.728,0.708018253058308,265.98534815807096
1494,782.856,0.708491694594148,0.836484296693719,1565.712,2021_kk_284,Kusko,2021,0.709217305153652,0.834244898481617,-8.7548019539063e-4,695.372398215907,926.177728628589,1216.728,0.708018253058308,265.98534815807096
1495,783.38,0.708768178830257,0.829211846778061,1566.76,2021_kk_284,Kusko,2021,0.709165732528722,0.83352718255535,-7.1771592626679e-4,695.372398215907,926.177728628589,1216.728,0.708018253058308,265.98534815807096
1496,783.904,0.708519619112167,0.831956201608001,1567.808,2021_kk_284,Kusko,2021,0.709140806450202,0.83264216671225,-8.8501584310019e-4,695.372398215907,926.177728628589,1216.728,0.708018253058308,265.98534815807096
1497,784.428,0.708809447534263,0.831303307479639,1568.856,2021_kk_284,Kusko,2021,0.709128093762388,0.831576267031894,-0.00106589968035564,695.372398215907,926.177728628589,1216.728,0.708018253058308,265.98534815807096
1498,784.952,0.708367664247306,0.830518688041646,1569.904,2021_kk_284,Kusko,2021,0.709126244135978,0.830763166795629,-8.1310023626535e-4,695.372398215907,926.177728628589,1216.728,0.708018253058308,265.98534815807096
1499,785.476,0.709404020620125,0.827757374742717,1570.952,2021_kk_284,Kusko,2021,0.709092026249846,0.829694158481986,-0.00106900831364287,695.372398215907,926.177728628589,1216.728,0.708018253058308,265.98534815807096
1500,786,0.709117520661892,0.830740084595603,1572,2021_kk_284,Kusko,2021,0.70908076066274,0.82894723372669,-7.4692475529636e-4,695.372398215907,926.177728628589,1216.728,0.708018253058308,265.98534815807096
1501,786.524,0.708341029047303,0.83713883986523,1573.048,2021_kk_284,Kusko,2021,0.709089383310024,0.828241418602157,-7.0581512453205e-4,695.372398215907,926.177728628589,1216.728,0.708018253058308,265.98534815807096
1502,787.048,0.709119601775772,0.837150284447861,1574.096,2021_kk_284,Kusko,2021,0.709087103804341,0.827221507360497,-0.00101991124166079,695.372398215907,926.177728628589,1216.728,0.708018253058308,265.98534815807096
1503,787.572,0.708421952946249,0.834667903104657,1575.144,2021_kk_284,Kusko,2021,0.70908608315601,0.826449739739494,-7.7176762100317e-4,695.372398215907,926.177728628589,1216.728,0.708018253058308,265.98534815807096
1504,788.096,0.709515122655186,0.835011478659172,1576.192,2021_kk_284,Kusko,2021,0.709112332942683,0.825688045969358,-7.6169377013535e-4,695.372398215907,926.177728628589,1216.728,0.708018253058308,265.98534815807096
1505,788.62,0.709906577259648,0.816971350386499,1577.24,2021_kk_284,Kusko,2021,0.709126065206918,0.82495861907891,-7.2942689044852e-4,695.372398215907,926.177728628589,1216.728,0.708018253058308,265.98534815807096
1506,789.144,0.70904437568764,0.827358252156593,1578.288,2021_kk_284,Kusko,2021,0.709130035103413,0.823986381632117,-9.7223744679275e-4,695.372398215907,926.177728628589,1216.728,0.708018253058308,265.98534815807096
1507,789.668,0.708691520791645,0.827485126636082,1579.336,2021_kk_284,Kusko,2021,0.709148474446763,0.823440417293484,-5.4596433863241e-4,695.372398215907,926.177728628589,1216.728,0.708018253058308,265.98534815807096
1508,790.192,0.709842618600388,0.82474577149726,1580.384,2021_kk_284,Kusko,2021,0.709136088212156,0.822762258698655,-6.7815859482978e-4,695.372398215907,926.177728628589,1216.728,0.708018253058308,265.98534815807096
1509,790.716,0.70996317328687,0.827942036578988,1581.432,2021_kk_284,Kusko,2021,0.709129531746762,0.821505701230211,-0.00125655746844366,695.372398215907,926.177728628589,1216.728,0.708018253058308,265.98534815807096
1510,791.24,0.70883341435094,0.82121208524924,1582.48,2021_kk_284,Kusko,2021,0.709102063571618,0.820988322131073,-5.1737909913784e-4,695.372398215907,926.177728628589,1216.728,0.708018253058308,265.98534815807096
1511,791.764,0.70976883996322,0.80646899468079,1583.528,2021_kk_284,Kusko,2021,0.709097821542681,0.820554172727956,-4.3414940311681e-4,695.372398215907,926.177728628589,1216.728,0.708018253058308,265.98534815807096
1512,792.288,0.709730343842126,0.807960929459258,1584.576,2021_kk_284,Kusko,2021,0.709090410741122,0.820387375390622,-1.6679733733393e-4,695.372398215907,926.177728628589,1216.728,0.708018253058308,265.98534815807096
1513,792.812,0.707955506459747,0.813082106189649,1585.624,2021_kk_284,Kusko,2021,0.709078512171036,0.819050656920909,-0.0013367184697135,695.372398215907,926.177728628589,1216.728,0.708018253058308,265.98534815807096
1514,793.336,0.706815606590017,0.826764980392938,1586.672,2021_kk_284,Kusko,2021,0.709053336465196,0.818716139455183,-3.3451746572577e-4,695.372398215907,926.177728628589,1216.728,0.708018253058308,265.98534815807096
1515,793.86,0.709011174218071,0.802728205768981,1587.72,2021_kk_284,Kusko,2021,0.709033853372654,0.81826464137372,-4.5149808146371e-4,695.372398215907,926.177728628589,1216.728,0.708018253058308,265.98534815807096
1516,794.384,0.708502907047413,0.808581622003612,1588.768,2021_kk_284,Kusko,2021,0.709023346321159,0.818005838668207,-2.5880270551248e-4,695.372398215907,926.177728628589,1216.728,0.708018253058308,265.98534815807096
1517,794.908,0.708921388473554,0.792597850549337,1589.816,2021_kk_284,Kusko,2021,0.709036020081177,0.817759810946803,-2.4602772140414e-4,695.372398215907,926.177728628589,1216.728,0.708018253058308,265.98534815807096
1518,795.432,0.707685629011565,0.79242187582341,1590.864,2021_kk_284,Kusko,2021,0.708998012838538,0.817557869359956,-2.0194158684727e-4,695.372398215907,926.177728628589,1216.728,0.708018253058308,265.98534815807096
1519,795.956,0.710374396642569,0.79934259135993,1591.912,2021_kk_284,Kusko,2021,0.708927633926292,0.817651970605672,9.41012457162937e-5,695.372398215907,926.177728628589,1216.728,0.708018253058308,265.98534815807096
1520,796.48,0.708920589315722,0.79676506678418,1592.96,2021_kk_284,Kusko,2021,0.708913931462092,0.817618050809102,-3.3919796569637e-5,695.372398215907,926.177728628589,1216.728,0.708018253058308,265.98534815807096
1521,797.004,0.708994088072164,0.807341844770936,1594.008,2021_kk_284,Kusko,2021,0.708892535173781,0.817189636469388,-4.2841433971418e-4,695.372398215907,926.177728628589,1216.728,0.708018253058308,265.98534815807096
1522,797.528,0.708609061443568,0.798749209980429,1595.056,2021_kk_284,Kusko,2021,0.708889167861707,0.81690210293363,-2.8753353575805e-4,695.372398215907,926.177728628589,1216.728,0.708018253058308,265.98534815807096
1523,798.052,0.708987701716091,0.816203032878012,1596.104,2021_kk_284,Kusko,2021,0.708888607930926,0.816672781260492,-2.2932167313805e-4,695.372398215907,926.177728628589,1216.728,0.708018253058308,265.98534815807096
1524,798.576,0.707992999692967,0.802366847655849,1597.152,2021_kk_284,Kusko,2021,0.708909810561077,0.816419661003793,-2.5312025669888e-4,695.372398215907,926.177728628589,1216.728,0.708018253058308,265.98534815807096
1525,799.1,0.706172970529988,0.817390995362911,1598.2,2021_kk_284,Kusko,2021,0.708929748792095,0.816278999038784,-1.4066196500861e-4,695.372398215907,926.177728628589,1216.728,0.708018253058308,265.98534815807096
1526,799.624,0.708960168826142,0.811329821806289,1599.248,2021_kk_284,Kusko,2021,0.708920412828783,0.816072926368918,-2.0607266986638e-4,695.372398215907,926.177728628589,1216.728,0.708018253058308,265.98534815807096
1527,800.148,0.709894069347754,0.803001197884454,1600.296,2021_kk_284,Kusko,2021,0.708933935236968,0.815960758782448,-1.1216758646981e-4,695.372398215907,926.177728628589,1216.728,0.708018253058308,265.98534815807096
1528,800.672,0.709990434863522,0.808778354347383,1601.344,2021_kk_284,Kusko,2021,0.708933655453186,0.815997964008612,3.72052261640166e-5,695.372398215907,926.177728628589,1216.728,0.708018253058308,265.98534815807096
1529,801.196,0.707354449606139,0.793207471871442,1602.392,2021_kk_284,Kusko,2021,0.708928015754086,0.816064923783649,6.6959775036568e-5,695.372398215907,926.177728628589,1216.728,0.708018253058308,265.98534815807096
1530,801.72,0.708458067214957,0.805023532882165,1603.44,2021_kk_284,Kusko,2021,0.708916108356422,0.815998001075995,-6.69227076537382e-5,695.372398215907,926.177728628589,1216.728,0.708018253058308,265.98534815807096
1531,802.244,0.710180425125035,0.809650369117399,1604.488,2021_kk_284,Kusko,2021,0.708921076909621,0.816083810542679,8.58094666834619e-5,695.372398215907,926.177728628589,1216.728,0.708018253058308,265.98534815807096
1532,802.768,0.709556515781198,0.797370368118258,1605.536,2021_kk_284,Kusko,2021,0.708926026431013,0.816170312088737,8.65015460582708e-5,695.372398215907,926.177728628589,1216.728,0.708018253058308,265.98534815807096
1533,803.292,0.708867867954572,0.80780429979175306,1606.584,2021_kk_284,Kusko,2021,0.708942300985886,0.816156767546017,-1.35445427194014e-5,695.372398215907,926.177728628589,1216.728,0.708018253058308,265.98534815807096
1534,803.816,0.709944184361477,0.811322148491755,1607.632,2021_kk_284,Kusko,2021,0.708926046787412,0.816273529465647,1.1676191963006e-4,695.372398215907,926.177728628589,1216.728,0.708018253058308,265.98534815807096
1535,804.34,0.709584542064888,0.808747008697321,1608.68,2021_kk_284,Kusko,2021,0.708919530520482,0.816980561070069,7.0703160442131e-4,695.372398215907,926.177728628589,1216.728,0.708018253058308,265.98534815807096
1536,804.864,0.708233077722722,0.800398152457221,1609.728,2021_kk_284,Kusko,2021,0.708913285758535,0.817180575864094,2.0001479402542e-4,695.372398215907,926.177728628589,1216.728,0.708018253058308,265.98534815807096
1537,805.388,0.710621474597106,0.816029859705522,1610.776,2021_kk_284,Kusko,2021,0.70892375696072,0.817520733925848,3.4015806175358e-4,695.372398215907,926.177728628589,1216.728,0.708018253058308,265.98534815807096
1538,805.912,0.709442760971048,0.815601698929381,1611.824,2021_kk_284,Kusko,2021,0.708898974934997,0.81786603328829,3.4529936244187e-4,695.372398215907,926.177728628589,1216.728,0.708018253058308,265.98534815807096
1539,806.436,0.710245646670807,0.808092578598726,1612.872,2021_kk_284,Kusko,2021,0.708892021558578,0.81815874256824,2.9270927995017e-4,695.372398215907,926.177728628589,1216.728,0.708018253058308,265.98534815807096
1540,806.96,0.708686362331997,0.822300690908748,1613.92,2021_kk_284,Kusko,2021,0.708913532760079,0.819073432510752,9.1468994251209e-4,695.372398215907,926.177728628589,1216.728,0.708018253058308,265.98534815807096
1541,807.484,0.708505394560156,0.821248893927861,1614.968,2021_kk_284,Kusko,2021,0.708924880759076,0.819703868591212,6.3043608045987e-4,695.372398215907,926.177728628589,1216.728,0.708018253058308,265.98534815807096
1542,808.008,0.708812682705558,0.827807398921924,1616.016,2021_kk_284,Kusko,2021,0.708931202580439,0.82017612367882,4.7225508760773e-4,695.372398215907,926.177728628589,1216.728,0.708018253058308,265.98534815807096
1543,808.532,0.708247448037224,0.809111528647865,1617.064,2021_kk_284,Kusko,2021,0.708951354119247,0.820870874825429,6.9475114660988e-4,695.372398215907,926.177728628589,1216.728,0.708018253058308,265.98534815807096
1544,809.056,0.708671848666425,0.831773280088964,1618.112,2021_kk_284,Kusko,2021,0.708995972567613,0.821220518783088,3.4964395765868e-4,695.372398215907,926.177728628589,1216.728,0.708018253058308,265.98534815807096
1545,809.58,0.708155048934842,0.817027473972615,1619.16,2021_kk_284,Kusko,2021,0.709017825798721,0.822409383453612,0.00118886467052415,695.372398215907,926.177728628589,1216.728,0.708018253058308,265.98534815807096
1546,810.104,0.709195789505465,0.821133117155747,1620.208,2021_kk_284,Kusko,2021,0.709040908657918,0.823450399613903,0.00104101616029117,695.372398215907,926.177728628589,1216.728,0.708018253058308,265.98534815807096
1547,810.628,0.709953000049539,0.826000605621851,1621.256,2021_kk_284,Kusko,2021,0.709070231556329,0.824284998078875,8.3459846497202e-4,695.372398215907,926.177728628589,1216.728,0.708018253058308,265.98534815807096
1548,811.152,0.708327637035666,0.822580007957466,1622.304,2021_kk_284,Kusko,2021,0.709097561401372,0.825014263910259,7.2926583138321e-4,695.372398215907,926.177728628589,1216.728,0.708018253058308,265.98534815807096
1549,811.676,0.706422592310275,0.836464109951102,1623.352,2021_kk_284,Kusko,2021,0.709091709164001,0.825859208876729,8.4494496647058e-4,695.372398215907,926.177728628589,1216.728,0.708018253058308,265.98534815807096
1550,812.2,0.707896690591426,0.827469686273727,1624.4,2021_kk_284,Kusko,2021,0.70911916761222,0.826802644543337,9.4343566660726e-4,695.372398215907,926.177728628589,1216.728,0.708018253058308,265.98534815807096
1551,812.724,0.709171854241958,0.806344156067516,1625.448,2021_kk_284,Kusko,2021,0.709118824905247,0.82770997133611,9.0732679277316e-4,695.372398215907,926.177728628589,1216.728,0.708018253058308,265.98534815807096
1552,813.248,0.70896494155509,0.818222971665803,1626.496,2021_kk_284,Kusko,2021,0.7091301254809,0.828791234619196,0.00108126328308666,695.372398215907,926.177728628589,1216.728,0.708018253058308,265.98534815807096
1553,813.772,0.709370765202036,0.820105009588157,1627.544,2021_kk_284,Kusko,2021,0.709122249525244,0.829390235335406,5.9900071620988e-4,695.372398215907,926.177728628589,1216.728,0.708018253058308,265.98534815807096
1554,814.296,0.709763852403222,0.821297081291779,1628.592,2021_kk_284,Kusko,2021,0.709117349803272,0.830239139636149,8.4890430074269e-4,695.372398215907,926.177728628589,1216.728,0.708018253058308,265.98534815807096
1555,814.82,0.70996447269131,0.820772128877544,1629.64,2021_kk_284,Kusko,2021,0.709179838147623,0.831054294642362,8.1515500621332e-4,695.372398215907,926.177728628589,1216.728,0.708018253058308,265.98534815807096
1556,815.344,0.707959461313441,0.819591841416019,1630.688,2021_kk_284,Kusko,2021,0.709187927087509,0.832004231720298,9.4993707793544e-4,695.372398215907,926.177728628589,1216.728,0.708018253058308,265.98534815807096
1557,815.868,0.709620792025393,0.824573252291444,1631.736,2021_kk_284,Kusko,2021,0.709163528187582,0.833173863720212,0.00116963199991393,695.372398215907,926.177728628589,1216.728,0.708018253058308,265.98534815807096
1558,816.392,0.708350877220377,0.832751001611489,1632.784,2021_kk_284,Kusko,2021,0.709151438414823,0.834021385848467,8.4752212825578e-4,695.372398215907,926.177728628589,1216.728,0.708018253058308,265.98534815807096
1559,816.916,0.709065638674094,0.831774961244911,1633.832,2021_kk_284,Kusko,2021,0.7092004822718,0.835079227261157,0.00105784141268972,695.372398215907,926.177728628589,1216.728,0.708018253058308,265.98534815807096
1560,817.44,0.708403076802055,0.826724722136383,1634.88,2021_kk_284,Kusko,2021,0.709225723615312,0.836143740205045,0.00106451294388821,695.372398215907,926.177728628589,1216.728,0.708018253058308,265.98534815807096
1561,817.964,0.708639142239255,0.842287407866235,1635.928,2021_kk_284,Kusko,2021,0.709192518434889,0.837314093670919,0.00117035346587346,695.372398215907,926.177728628589,1216.728,0.708018253058308,265.98534815807096
1562,818.488,0.709416573059312,0.842340377211359,1636.976,2021_kk_284,Kusko,2021,0.70918194580011,0.838776205046155,0.00146211137523611,695.372398215907,926.177728628589,1216.728,0.708018253058308,265.98534815807096
1563,819.012,0.70939842623861,0.833855230541493,1638.024,2021_kk_284,Kusko,2021,0.709190436737629,0.840183320232253,0.00140711518609782,695.372398215907,926.177728628589,1216.728,0.708018253058308,265.98534815807096
1564,819.536,0.70853987074677,0.842017193836977,1639.072,2021_kk_284,Kusko,2021,0.709163655865714,0.841319915276232,0.00113659504397901,695.372398215907,926.177728628589,1216.728,0.708018253058308,265.98534815807096
1565,820.06,0.709515601243853,0.859393246651773,1640.12,2021_kk_284,Kusko,2021,0.709160707129103,0.842622247026516,0.00130233175028471,695.372398215907,926.177728628589,1216.728,0.708018253058308,265.98534815807096
1566,820.584,0.708669689970767,0.839359139798117,1641.168,2021_kk_284,Kusko,2021,0.709173814348619,0.844174530554224,0.00155228352770709,695.372398215907,926.177728628589,1216.728,0.708018253058308,265.98534815807096
1567,821.108,0.709319792922807,0.847894610341295,1642.216,2021_kk_284,Kusko,2021,0.709149245414281,0.845487628172131,0.00131309761790765,695.372398215907,926.177728628589,1216.728,0.708018253058308,265.98534815807096
1568,821.632,0.708355697056949,0.845463733243774,1643.264,2021_kk_284,Kusko,2021,0.709132077505236,0.846752765229212,0.00126513705708053,695.372398215907,926.177728628589,1216.728,0.708018253058308,265.98534815807096
1569,822.156,0.70954597070175,0.845504593375997,1644.312,2021_kk_284,Kusko,2021,0.709103484624697,0.848002513590465,0.00124974836125313,695.372398215907,926.177728628589,1216.728,0.708018253058308,265.98534815807096
1570,822.68,0.710124086441012,0.876093481799968,1645.36,2021_kk_284,Kusko,2021,0.70909309843019,0.849029856151956,0.00102734256149117,695.372398215907,926.177728628589,1216.728,0.708018253058308,265.98534815807096
1571,823.204,0.710449719903004,0.844295159508382,1646.408,2021_kk_284,Kusko,2021,0.709115816288375,0.850325271651395,0.00129541549943923,695.372398215907,926.177728628589,1216.728,0.708018253058308,265.98534815807096
1572,823.728,0.7101096531239,0.836296234715723,1647.456,2021_kk_284,Kusko,2021,0.709101890792681,0.851422319133738,0.00109704748234241,695.372398215907,926.177728628589,1216.728,0.708018253058308,265.98534815807096
1573,824.252,0.709164598788254,0.854767174986243,1648.504,2021_kk_284,Kusko,2021,0.70914126174239,0.852951251053173,0.00152893191943548,695.372398215907,926.177728628589,1216.728,0.708018253058308,265.98534815807096
1574,824.776,0.70949271349196,0.847743617852457,1649.552,2021_kk_284,Kusko,2021,0.709149313003402,0.85410634121196,0.00115509015878668,695.372398215907,926.177728628589,1216.728,0.708018253058308,265.98534815807096
1575,825.3,0.710322368084594,0.874060086000427,1650.6,2021_kk_284,Kusko,2021,0.709189676405286,0.85544880687182,0.00134246565985974,695.372398215907,926.177728628589,1216.728,0.708018253058308,265.98534815807096
1576,825.824,0.709887878599197,0.871042591621081,1651.648,2021_kk_284,Kusko,2021,0.709206410648578,0.85689048017084,0.00144167329902001,695.372398215907,926.177728628589,1216.728,0.708018253058308,265.98534815807096
1577,826.348,0.710680762378237,0.842673758447661,1652.696,2021_kk_284,Kusko,2021,0.709190534103158,0.858147265545123,0.00125678537428309,695.372398215907,926.177728628589,1216.728,0.708018253058308,265.98534815807096
1578,826.872,0.70932541971416,0.836177825706401,1653.744,2021_kk_284,Kusko,2021,0.709209237341708,0.859686434278473,0.0015391687333508,695.372398215907,926.177728628589,1216.728,0.708018253058308,265.98534815807096
1579,827.396,0.710023262400295,0.850039289348164,1654.792,2021_kk_284,Kusko,2021,0.709243678946486,0.860893516178775,0.00120708190030128,695.372398215907,926.177728628589,1216.728,0.708018253058308,265.98534815807096
1580,827.92,0.710568096208837,0.853371206780616,1655.84,2021_kk_284,Kusko,2021,0.709281608777592,0.86251896525026,0.00162544907148554,695.372398215907,926.177728628589,1216.728,0.708018253058308,265.98534815807096
1581,828.444,0.708973525653788,0.861781452337328,1656.888,2021_kk_284,Kusko,2021,0.709280125564746,0.864187329125095,0.00166836387483449,695.372398215907,926.177728628589,1216.728,0.708018253058308,265.98534815807096
1582,828.968,0.709287095982734,0.863625006965625,1657.936,2021_kk_284,Kusko,2021,0.709296367454984,0.865668483938288,0.00148115481319355,695.372398215907,926.177728628589,1216.728,0.708018253058308,265.98534815807096
1583,829.492,0.708515144376759,0.852143075850601,1658.984,2021_kk_284,Kusko,2021,0.709310562707326,0.866957359976623,0.00128887603833427,695.372398215907,926.177728628589,1216.728,0.708018253058308,265.98534815807096
1584,830.016,0.707699016374675,0.853301105700416,1660.032,2021_kk_284,Kusko,2021,0.70931455680902,0.868811726676166,0.00185436669954342,695.372398215907,926.177728628589,1216.728,0.708018253058308,265.98534815807096
1585,830.54,0.709922271191034,0.866300295735711,1661.08,2021_kk_284,Kusko,2021,0.709282754989707,0.870196305763063,0.00138457908689715,695.372398215907,926.177728628589,1216.728,0.708018253058308,265.98534815807096
1586,831.064,0.709445505219296,0.868326046482418,1662.128,2021_kk_284,Kusko,2021,0.709280876239871,0.871563122561822,0.00136681679875894,695.372398215907,926.177728628589,1216.728,0.708018253058308,265.98534815807096
1587,831.588,0.708430135352129,0.87317911787929,1663.176,2021_kk_284,Kusko,2021,0.709268203109617,0.872760705700601,0.00119758313877927,695.372398215907,926.177728628589,1216.728,0.708018253058308,265.98534815807096
1588,832.112,0.709265048497968,0.85962968204273,1664.224,2021_kk_284,Kusko,2021,0.70927788793692,0.873999991277431,0.00123928557682951,695.372398215907,926.177728628589,1216.728,0.708018253058308,265.98534815807096
1589,832.636,0.710297081024743,0.856677956632825,1665.272,2021_kk_284,Kusko,2021,0.709284502939907,0.875453813531868,0.00145382225443669,695.372398215907,926.177728628589,1216.728,0.708018253058308,265.98534815807096
1590,833.16,0.709972547825722,0.868894309515458,1666.32,2021_kk_284,Kusko,2021,0.70929169358058,0.876930255199321,0.00147644166745386,695.372398215907,926.177728628589,1216.728,0.708018253058308,265.98534815807096
1591,833.684,0.708188114299637,0.87987157706981,1667.368,2021_kk_284,Kusko,2021,0.709294450045548,0.878399451536196,0.0014691963368747,695.372398215907,926.177728628589,1216.728,0.708018253058308,265.98534815807096
1592,834.208,0.708922157694419,0.88509705063242206,1668.416,2021_kk_284,Kusko,2021,0.709285592334467,0.879590731938252,0.00119128040205629,695.372398215907,926.177728628589,1216.728,0.708018253058308,265.98534815807096
1593,834.732,0.709377324205767,0.892231210957623,1669.464,2021_kk_284,Kusko,2021,0.709294984315442,0.880970102506939,0.00137937056868698,695.372398215907,926.177728628589,1216.728,0.708018253058308,265.98534815807096
1594,835.256,0.708337332046546,0.879517851130494,1670.512,2021_kk_284,Kusko,2021,0.709295412097996,0.882343612644104,0.00137351013716469,695.372398215907,926.177728628589,1216.728,0.708018253058308,265.98534815807096
1595,835.78,0.709407617868248,0.886886913714403,1671.56,2021_kk_284,Kusko,2021,0.709288766534694,0.883347497497751,0.00100388485364733,695.372398215907,926.177728628589,1216.728,0.708018253058308,265.98534815807096
1596,836.304,0.709019510893657,0.893535164119647,1672.608,2021_kk_284,Kusko,2021,0.709309515743881,0.884656709595808,0.00130921209805668,695.372398215907,926.177728628589,1216.728,0.708018253058308,265.98534815807096
1597,836.828,0.709147338536859,0.894815716779983,1673.656,2021_kk_284,Kusko,2021,0.709298981554927,0.886035938309242,0.0013792287134341,695.372398215907,926.177728628589,1216.728,0.708018253058308,265.98534815807096
1598,837.352,0.70841268642829,0.891509922354211,1674.704,2021_kk_284,Kusko,2021,0.709304531673293,0.887315498622371,0.00127956031312859,695.372398215907,926.177728628589,1216.728,0.708018253058308,265.98534815807096
1599,837.876,0.708530073838525,0.883077480273911,1675.752,2021_kk_284,Kusko,2021,0.709279750787367,0.888476415479908,0.00116091685753716,695.372398215907,926.177728628589,1216.728,0.708018253058308,265.98534815807096
1600,838.4,0.70806319066153,0.883941244598219,1676.8,2021_kk_284,Kusko,2021,0.709255258152669,0.889174612321871,6.9819684196348e-4,695.372398215907,926.177728628589,1216.728,0.708018253058308,265.98534815807096
1601,838.924,0.709868466051277,0.898973823894219,1677.848,2021_kk_284,Kusko,2021,0.70923410420124,0.890322906065098,0.00114829374322656,695.372398215907,926.177728628589,1216.728,0.708018253058308,265.98534815807096
1602,839.448,0.707977152963928,0.893630247862467,1678.896,2021_kk_284,Kusko,2021,0.709221626287068,0.891629658610012,0.00130675254491353,695.372398215907,926.177728628589,1216.728,0.708018253058308,265.98534815807096
1603,839.972,0.710609705019734,0.900847443813989,1679.944,2021_kk_284,Kusko,2021,0.709211219499397,0.893140547333073,0.00151088872306149,695.372398215907,926.177728628589,1216.728,0.708018253058308,265.98534815807096
1604,840.496,0.709154924327142,0.901078689616167,1680.992,2021_kk_284,Kusko,2021,0.70922852383187,0.894691745585989,0.00155119825291639,695.372398215907,926.177728628589,1216.728,0.708018253058308,265.98534815807096
1605,841.02,0.710576853047925,0.897575413564199,1682.04,2021_kk_284,Kusko,2021,0.709205426394797,0.895459328290188,7.6758270419852e-4,695.372398215907,926.177728628589,1216.728,0.708018253058308,265.98534815807096
1606,841.544,0.710199844102936,0.907633515096946,1683.088,2021_kk_284,Kusko,2021,0.709206234234852,0.896239622787244,7.8029449705641e-4,695.372398215907,926.177728628589,1216.728,0.708018253058308,265.98534815807096
1607,842.068,0.709000407324364,0.901407728078842,1684.136,2021_kk_284,Kusko,2021,0.709182632754851,0.897222555749419,9.8293296217477e-4,695.372398215907,926.177728628589,1216.728,0.708018253058308,265.98534815807096
1608,842.592,0.709449831348659,0.914930131958516,1685.184,2021_kk_284,Kusko,2021,0.709185757076208,0.898248667887741,0.00102611213832193,695.372398215907,926.177728628589,1216.728,0.708018253058308,265.98534815807096
1609,843.116,0.708489088596944,0.908889023969175,1686.232,2021_kk_284,Kusko,2021,0.709158239322011,0.899163339966496,9.146720787545e-4,695.372398215907,926.177728628589,1216.728,0.708018253058308,265.98534815807096
1610,843.64,0.710172480457828,0.924996630562862,1687.28,2021_kk_284,Kusko,2021,0.709138257878725,0.900048373876764,8.8503391026817e-4,695.372398215907,926.177728628589,1216.728,0.708018253058308,265.98534815807096
1611,844.164,0.709082861471178,0.906445988557587,1688.328,2021_kk_284,Kusko,2021,0.709146348184298,0.901186308249107,0.00113793437234344,695.372398215907,926.177728628589,1216.728,0.708018253058308,265.98534815807096
1612,844.688,0.70993945496937,0.907092260457416,1689.376,2021_kk_284,Kusko,2021,0.709144230592472,0.902057084880077,8.7077663096935e-4,695.372398215907,926.177728628589,1216.728,0.708018253058308,265.98534815807096
1613,845.212,0.710222480342542,0.897437571888215,1690.424,2021_kk_284,Kusko,2021,0.709147862151631,0.903087010105195,0.00102992522511813,695.372398215907,926.177728628589,1216.728,0.708018253058308,265.98534815807096
1614,845.736,0.710003498504865,0.932559083264382,1691.472,2021_kk_284,Kusko,2021,0.709173383490962,0.904396326230762,0.00130931612556717,695.372398215907,926.177728628589,1216.728,0.708018253058308,265.98534815807096
1615,846.26,0.708056363532529,0.90384687409137,1692.52,2021_kk_284,Kusko,2021,0.709140622455752,0.90557846151058,0.00118213527981859,695.372398215907,926.177728628589,1216.728,0.708018253058308,265.98534815807096
1616,846.784,0.707846736323297,0.901600849341553,1693.568,2021_kk_284,Kusko,2021,0.709140638362893,0.906511137132053,9.3267562147303e-4,695.372398215907,926.177728628589,1216.728,0.708018253058308,265.98534815807096
1617,847.308,0.70886040421015,0.896428240618199,1694.616,2021_kk_284,Kusko,2021,0.709138910833984,0.907574825033824,0.00106368790177092,695.372398215907,926.177728628589,1216.728,0.708018253058308,265.98534815807096
1618,847.832,0.708931966858588,0.907108136221262,1695.664,2021_kk_284,Kusko,2021,0.709126735252993,0.908597601168221,0.00102277613439694,695.372398215907,926.177728628589,1216.728,0.708018253058308,265.98534815807096
1619,848.356,0.70946253885331,0.919004296511115,1696.712,2021_kk_284,Kusko,2021,0.709128001100455,0.909806265399492,0.00120866423127097,695.372398215907,926.177728628589,1216.728,0.708018253058308,265.98534815807096
1620,848.88,0.708834515242413,0.915311222183621,1697.76,2021_kk_284,Kusko,2021,0.709108920222042,0.910684852906455,8.7858750696268e-4,695.372398215907,926.177728628589,1216.728,0.708018253058308,265.98534815807096
1621,849.404,0.708804530137365,0.930439188078716,1698.808,2021_kk_284,Kusko,2021,0.70912348366128,0.911518102313304,8.3324940684914e-4,695.372398215907,926.177728628589,1216.728,0.708018253058308,265.98534815807096
1622,849.928,0.708885110394434,0.91381720133474,1699.856,2021_kk_284,Kusko,2021,0.709140094968947,0.912337638510131,8.1953619682706e-4,695.372398215907,926.177728628589,1216.728,0.708018253058308,265.98534815807096
1623,850.452,0.709961945097124,0.916617464662714,1700.904,2021_kk_284,Kusko,2021,0.70912804239355,0.913059103730988,7.2146522085647e-4,695.372398215907,926.177728628589,1216.728,0.708018253058308,265.98534815807096
1624,850.976,0.708565537699984,0.924427802066854,1701.952,2021_kk_284,Kusko,2021,0.709138949956682,0.914106280315739,0.00104717658475117,695.372398215907,926.177728628589,1216.728,0.708018253058308,265.98534815807096
1625,851.5,0.709116867445736,0.919626337870616,1703,2021_kk_284,Kusko,2021,0.709145443608255,0.914834407666511,7.2812735077199e-4,695.372398215907,926.177728628589,1216.728,0.708018253058308,265.98534815807096
1626,852.024,0.709914642521972,0.917911865681522,1704.048,2021_kk_284,Kusko,2021,0.7091758413211,0.915551403483127,7.1699581661588e-4,695.372398215907,926.177728628589,1216.728,0.708018253058308,265.98534815807096
1627,852.548,0.708687741585613,0.930648333147343,1705.096,2021_kk_284,Kusko,2021,0.709179264752581,0.915421854747715,-1.2954873541204e-4,695.372398215907,926.177728628589,1216.728,0.708018253058308,265.98534815807096
1628,853.072,0.708688704158884,0.922237352031489,1706.144,2021_kk_284,Kusko,2021,0.7092192310584,0.912263476496146,-0.00315837825156895,695.372398215907,926.177728628589,1216.728,0.708018253058308,265.98534815807096
1629,853.596,0.708059117546207,0.915159604828234,1707.192,2021_kk_284,Kusko,2021,0.709233615266967,0.904826114592602,-0.00743736190354349,695.372398215907,926.177728628589,1216.728,0.708018253058308,265.98534815807096
1630,854.12,0.708654528359094,0.917985292317769,1708.24,2021_kk_284,Kusko,2021,0.70930978035259,0.894276074112813,-0.010550040479789,695.372398215907,926.177728628589,1216.728,0.708018253058308,265.98534815807096
1631,854.644,0.709180482817258,0.913192784101976,1709.288,2021_kk_284,Kusko,2021,NA,NA,NA,695.372398215907,926.177728628589,1216.728,0.708018253058308,265.98534815807096
1632,855.168,0.709360978273606,0.914701387410538,1710.336,2021_kk_284,Kusko,2021,NA,NA,NA,695.372398215907,926.177728628589,1216.728,0.708018253058308,265.98534815807096
1633,855.692,0.708540191527976,0.945420498369931,1711.384,2021_kk_284,Kusko,2021,NA,NA,NA,695.372398215907,926.177728628589,1216.728,0.708018253058308,265.98534815807096
1634,856.216,0.710530973440318,0.940815513027442,1712.432,2021_kk_284,Kusko,2021,NA,NA,NA,695.372398215907,926.177728628589,1216.728,0.708018253058308,265.98534815807096
1635,856.74,0.708936521860219,0.920115048252333,1713.48,2021_kk_284,Kusko,2021,NA,NA,NA,695.372398215907,926.177728628589,1216.728,0.708018253058308,265.98534815807096
1636,857.264,0.7099363490025,0.917860261444469,1714.528,2021_kk_284,Kusko,2021,NA,NA,NA,695.372398215907,926.177728628589,1216.728,0.708018253058308,265.98534815807096
1637,857.788,0.709264673578158,0.901649736178147,1715.576,2021_kk_284,Kusko,2021,NA,NA,NA,695.372398215907,926.177728628589,1216.728,0.708018253058308,265.98534815807096
1638,858.312,0.7095128789956,0.897744554005723,1716.624,2021_kk_284,Kusko,2021,NA,NA,NA,695.372398215907,926.177728628589,1216.728,0.708018253058308,265.98534815807096
1639,858.836,0.708372197148459,0.904919614073432,1717.672,2021_kk_284,Kusko,2021,NA,NA,NA,695.372398215907,926.177728628589,1216.728,0.708018253058308,265.98534815807096
1640,859.36,0.709369209611699,0.906473241396701,1718.72,2021_kk_284,Kusko,2021,NA,NA,NA,695.372398215907,926.177728628589,1216.728,0.708018253058308,265.98534815807096
1641,859.884,0.70945894398815,0.930057514677939,1719.768,2021_kk_284,Kusko,2021,NA,NA,NA,695.372398215907,926.177728628589,1216.728,0.708018253058308,265.98534815807096
1642,860.408,0.709160040473182,0.915871604823783,1720.816,2021_kk_284,Kusko,2021,NA,NA,NA,695.372398215907,926.177728628589,1216.728,0.708018253058308,265.98534815807096
1643,860.932,0.708733037926325,0.913938589357697,1721.864,2021_kk_284,Kusko,2021,NA,NA,NA,695.372398215907,926.177728628589,1216.728,0.708018253058308,265.98534815807096
1644,861.456,0.709230296734489,0.931860073234442,1722.912,2021_kk_284,Kusko,2021,NA,NA,NA,695.372398215907,926.177728628589,1216.728,0.708018253058308,265.98534815807096
1645,861.98,0.707956609078451,0.937228412524825,1723.96,2021_kk_284,Kusko,2021,NA,NA,NA,695.372398215907,926.177728628589,1216.728,0.708018253058308,265.98534815807096
1646,862.504,0.709446459647742,0.9242865837708,1725.008,2021_kk_284,Kusko,2021,NA,NA,NA,695.372398215907,926.177728628589,1216.728,0.708018253058308,265.98534815807096
1647,863.028,0.708326483617633,0.937000391985546,1726.056,2021_kk_284,Kusko,2021,NA,NA,NA,695.372398215907,926.177728628589,1216.728,0.708018253058308,265.98534815807096
1648,863.552,0.708534513638478,0.920996250106547,1727.104,2021_kk_284,Kusko,2021,NA,NA,NA,695.372398215907,926.177728628589,1216.728,0.708018253058308,265.98534815807096
1649,864.076,0.71037303187246,0.929197810509086,1728.152,2021_kk_284,Kusko,2021,NA,NA,NA,695.372398215907,926.177728628589,1216.728,0.708018253058308,265.98534815807096
1650,864.6,0.708827695120962,0.921609559933219,1729.2,2021_kk_284,Kusko,2021,NA,NA,NA,695.372398215907,926.177728628589,1216.728,0.708018253058308,265.98534815807096
1651,865.124,0.709061920653924,0.929866541480762,1730.248,2021_kk_284,Kusko,2021,NA,NA,NA,695.372398215907,926.177728628589,1216.728,0.708018253058308,265.98534815807096
1652,865.648,0.709918836154427,0.934269222442048,1731.296,2021_kk_284,Kusko,2021,NA,NA,NA,695.372398215907,926.177728628589,1216.728,0.708018253058308,265.98534815807096
1653,866.172,0.708654169681974,0.935519124209011,1732.344,2021_kk_284,Kusko,2021,NA,NA,NA,695.372398215907,926.177728628589,1216.728,0.708018253058308,265.98534815807096
1654,866.696,0.708991785834436,0.942348446215563,1733.392,2021_kk_284,Kusko,2021,NA,NA,NA,695.372398215907,926.177728628589,1216.728,0.708018253058308,265.98534815807096
1655,867.22,0.709797236962654,0.930574554760721,1734.44,2021_kk_284,Kusko,2021,NA,NA,NA,695.372398215907,926.177728628589,1216.728,0.708018253058308,265.98534815807096
1656,867.744,0.710843373664362,0.936554913116601,1735.488,2021_kk_284,Kusko,2021,NA,NA,NA,695.372398215907,926.177728628589,1216.728,0.708018253058308,265.98534815807096
1657,868.268,0.709352744425721,0.887042792655259,1736.536,2021_kk_284,Kusko,2021,NA,NA,NA,695.372398215907,926.177728628589,1216.728,0.708018253058308,265.98534815807096
1658,868.792,0.710810664777401,0.702007227260079,1737.584,2021_kk_284,Kusko,2021,NA,NA,NA,695.372398215907,926.177728628589,1216.728,0.708018253058308,265.98534815807096
1659,869.316,0.709393126352578,0.436835766061297,1738.632,2021_kk_284,Kusko,2021,NA,NA,NA,695.372398215907,926.177728628589,1216.728,0.708018253058308,265.98534815807096
1660,869.84,0.712633095798865,0.250938815810873,1739.68,2021_kk_284,Kusko,2021,NA,NA,NA,695.372398215907,926.177728628589,1216.728,0.708018253058308,265.98534815807096
